# Constructed from biom file
OTU ID	3min_early	3min_earlymid	3min_latemid	3min_late	9hr_early	9hr_earlymid	9hr_latemid	18hr_early	18hr_earlymid	18hr_latemid	18hr_late	42hr_early	42hr_earlymid	42hr_latemid	42hr_late	49p5hr_early	49p5hr_earlymid	49p5hr_latemid	49p5hr_late
rplo 1 (Cyanobacteria)	4121.0	4489.0	2032.0	5313.0	2077.0	1551.0	2157.0	3771.0	1016.0	1538.0	976.0	2117.0	1417.0	113.0	765.0	301.0	677.0	70.0	49.0
rplo 2 (Firmicutes)	0.0	25.0	0.0	0.0	3832.0	3523.0	4843.0	2592.0	19.0	6867.0	0.0	1781.0	2435.0	1641.0	152.0	195.0	302.0	731.0	241.0
rplo 60 (Firmicutes)	0.0	0.0	0.0	0.0	0.0	0.0	0.0	0.0	231.0	128.0	174.0	0.0	47.0	628.0	51.0	49.0	569.0	63.0	0.0
rplo 7 (Actinobacteria)	196.0	122.0	171.0	337.0	488.0	345.0	326.0	457.0	285.0	330.0	170.0	508.0	310.0	233.0	252.0	363.0	328.0	248.0	22.0
rplo 10 (Firmicutes)	0.0	0.0	0.0	0.0	0.0	0.0	0.0	775.0	0.0	666.0	0.0	720.0	0.0	871.0	152.0	341.0	2289.0	0.0	0.0
rplo 100 (Proteobacteria)	132.0	56.0	16.0	91.0	33.0	44.0	18.0	55.0	0.0	19.0	0.0	29.0	35.0	25.0	171.0	36.0	45.0	31.0	130.0
rplo 101 (Proteobacteria)	0.0	0.0	66.0	0.0	0.0	20.0	24.0	74.0	0.0	26.0	25.0	21.0	16.0	0.0	26.0	917.0	92.0	0.0	0.0
rplo 102 (Actinobacteria)	80.0	21.0	20.0	0.0	81.0	53.0	21.0	130.0	138.0	46.0	23.0	56.0	128.0	0.0	92.0	0.0	27.0	0.0	40.0
rplo 103 (Actinobacteria)	0.0	20.0	0.0	0.0	70.0	28.0	55.0	267.0	197.0	0.0	0.0	240.0	110.0	0.0	0.0	19.0	71.0	66.0	0.0
rplo 104 (Bacteroidetes)	108.0	24.0	0.0	119.0	0.0	0.0	0.0	119.0	0.0	0.0	49.0	0.0	230.0	0.0	25.0	24.0	0.0	0.0	386.0
rplo 105 (Proteobacteria)	0.0	0.0	38.0	129.0	79.0	17.0	62.0	43.0	51.0	0.0	66.0	0.0	14.0	0.0	112.0	43.0	80.0	18.0	0.0
rplo 106 (Acidobacteria)	0.0	23.0	40.0	45.0	0.0	36.0	0.0	0.0	0.0	24.0	0.0	38.0	852.0	0.0	0.0	22.0	28.0	0.0	0.0
rplo 107 (Actinobacteria)	19.0	22.0	75.0	0.0	156.0	67.0	61.0	63.0	34.0	45.0	0.0	72.0	41.0	87.0	66.0	19.0	0.0	18.0	19.0
rplo 108 (Actinobacteria)	53.0	20.0	34.0	96.0	18.0	46.0	111.0	77.0	92.0	0.0	99.0	65.0	50.0	27.0	40.0	0.0	24.0	33.0	0.0
rplo 109 (Proteobacteria)	0.0	20.0	0.0	0.0	0.0	31.0	19.0	0.0	1014.0	0.0	0.0	17.0	50.0	81.0	0.0	20.0	0.0	0.0	0.0
rplo 11 (Proteobacteria)	0.0	155.0	154.0	669.0	100.0	309.0	105.0	0.0	152.0	936.0	153.0	0.0	28.0	355.0	181.0	0.0	0.0	56.0	712.0
rplo 110 (Proteobacteria)	80.0	22.0	38.0	155.0	41.0	18.0	0.0	0.0	0.0	0.0	0.0	19.0	0.0	0.0	23.0	88.0	82.0	38.0	40.0
rplo 111 (Actinobacteria)	124.0	71.0	103.0	23.0	63.0	34.0	22.0	0.0	18.0	24.0	71.0	39.0	0.0	64.0	24.0	45.0	29.0	0.0	0.0
rplo 112 (Actinobacteria)	0.0	119.0	35.0	78.0	36.0	124.0	56.0	76.0	31.0	61.0	0.0	49.0	75.0	54.0	0.0	0.0	0.0	50.0	17.0
rplo 113 (unknown)	19.0	42.0	91.0	182.0	0.0	16.0	20.0	0.0	81.0	22.0	0.0	0.0	40.0	142.0	0.0	21.0	0.0	18.0	0.0
rplo 114 (Deinococcus-Thermus)	0.0	26.0	0.0	23.0	89.0	159.0	48.0	75.0	20.0	76.0	26.0	21.0	32.0	0.0	26.0	25.0	0.0	0.0	0.0
rplo 115 (Acidobacteria)	38.0	130.0	38.0	42.0	0.0	0.0	348.0	42.0	17.0	0.0	0.0	36.0	27.0	0.0	0.0	0.0	105.0	73.0	19.0
rplo 116 (unknown)	0.0	90.0	0.0	0.0	0.0	34.0	0.0	0.0	416.0	136.0	0.0	0.0	0.0	60.0	0.0	0.0	0.0	0.0	0.0
rplo 117 (Deferribacteres)	0.0	0.0	0.0	48.0	46.0	156.0	146.0	50.0	40.0	0.0	0.0	0.0	160.0	136.0	53.0	0.0	0.0	0.0	0.0
rplo 118 (Acidobacteria)	41.0	0.0	40.0	23.0	0.0	0.0	0.0	45.0	0.0	119.0	0.0	35.0	15.0	31.0	47.0	68.0	28.0	19.0	0.0
rplo 119 (Actinobacteria)	57.0	22.0	37.0	63.0	39.0	67.0	61.0	0.0	17.0	44.0	21.0	36.0	14.0	29.0	22.0	21.0	26.0	0.0	19.0
rplo 12 (Gemmatimonadetes)	176.0	422.0	77.0	216.0	259.0	345.0	418.0	193.0	69.0	205.0	308.0	110.0	42.0	88.0	181.0	130.0	106.0	19.0	97.0
rplo 120 (Actinobacteria)	40.0	0.0	116.0	44.0	61.0	18.0	85.0	22.0	70.0	46.0	45.0	75.0	57.0	0.0	46.0	0.0	27.0	38.0	20.0
rplo 121 (Actinobacteria)	20.0	45.0	39.0	22.0	100.0	69.0	21.0	0.0	69.0	46.0	22.0	18.0	70.0	0.0	23.0	61.0	27.0	19.0	20.0
rplo 122 (Cyanobacteria)	0.0	25.0	43.0	0.0	22.0	38.0	47.0	0.0	0.0	51.0	0.0	0.0	0.0	67.0	25.0	0.0	0.0	21.0	22.0
rplo 123 (Cyanobacteria)	0.0	25.0	148.0	0.0	0.0	19.0	158.0	0.0	0.0	25.0	122.0	0.0	0.0	0.0	126.0	0.0	0.0	41.0	43.0
rplo 124 (Chloroflexi)	33.0	18.0	0.0	0.0	83.0	115.0	140.0	36.0	72.0	57.0	0.0	61.0	12.0	75.0	73.0	0.0	22.0	108.0	32.0
rplo 125 (Actinobacteria)	66.0	0.0	0.0	49.0	45.0	39.0	24.0	48.0	19.0	76.0	50.0	103.0	0.0	0.0	75.0	49.0	0.0	21.0	0.0
rplo 126 (Gemmatimonadetes)	179.0	0.0	58.0	44.0	119.0	17.0	0.0	22.0	17.0	46.0	22.0	0.0	28.0	0.0	46.0	22.0	0.0	55.0	0.0
rplo 127 (Acidobacteria)	56.0	63.0	55.0	62.0	113.0	49.0	0.0	61.0	122.0	32.0	0.0	26.0	100.0	0.0	0.0	31.0	38.0	0.0	0.0
rplo 128 (Acidobacteria)	38.0	23.0	81.0	23.0	124.0	125.0	21.0	0.0	18.0	24.0	23.0	58.0	0.0	32.0	120.0	23.0	0.0	20.0	41.0
rplo 129 (Proteobacteria)	0.0	0.0	71.0	0.0	19.0	16.0	0.0	0.0	32.0	21.0	0.0	0.0	0.0	28.0	42.0	0.0	0.0	0.0	0.0
rplo 13 (Proteobacteria)	21.0	0.0	0.0	0.0	21.0	0.0	0.0	22.0	18.0	0.0	0.0	593.0	335.0	0.0	71.0	586.0	2628.0	369.0	651.0
rplo 130 (Verrucomicrobia)	33.0	147.0	112.0	18.0	83.0	0.0	35.0	0.0	0.0	0.0	0.0	0.0	0.0	25.0	19.0	0.0	0.0	0.0	16.0
rplo 131 (Proteobacteria)	64.0	48.0	21.0	0.0	22.0	75.0	23.0	23.0	19.0	0.0	72.0	99.0	46.0	0.0	98.0	0.0	29.0	0.0	21.0
rplo 132 (Proteobacteria)	0.0	22.0	19.0	21.0	39.0	68.0	0.0	0.0	67.0	22.0	65.0	0.0	0.0	88.0	309.0	21.0	53.0	73.0	19.0
rplo 133 (Proteobacteria)	20.0	23.0	59.0	0.0	39.0	35.0	21.0	111.0	35.0	70.0	0.0	38.0	14.0	31.0	46.0	200.0	0.0	37.0	80.0
rplo 134 (Bacteroidetes)	0.0	0.0	0.0	0.0	0.0	0.0	0.0	0.0	0.0	0.0	0.0	20.0	0.0	0.0	0.0	1014.0	0.0	20.0	0.0
rplo 135 (Actinobacteria)	25.0	0.0	0.0	0.0	0.0	22.0	54.0	54.0	88.0	115.0	0.0	70.0	71.0	75.0	0.0	28.0	34.0	0.0	0.0
rplo 136 (Cyanobacteria)	0.0	73.0	0.0	24.0	0.0	37.0	0.0	0.0	0.0	0.0	24.0	0.0	15.0	0.0	0.0	0.0	0.0	0.0	0.0
rplo 137 (Proteobacteria)	0.0	112.0	97.0	22.0	20.0	70.0	0.0	0.0	35.0	69.0	67.0	37.0	14.0	29.0	223.0	0.0	0.0	38.0	20.0
rplo 138 (Bacteroidetes)	0.0	0.0	0.0	0.0	0.0	0.0	0.0	0.0	0.0	0.0	0.0	0.0	33.0	0.0	0.0	847.0	67.0	93.0	0.0
rplo 139 (Actinobacteria)	0.0	105.0	0.0	34.0	0.0	27.0	0.0	0.0	27.0	0.0	68.0	29.0	195.0	0.0	0.0	0.0	42.0	0.0	0.0
rplo 14 (Proteobacteria)	411.0	0.0	94.0	0.0	20.0	52.0	0.0	2136.0	51.0	23.0	0.0	1521.0	0.0	30.0	0.0	174.0	27.0	0.0	0.0
rplo 140 (Chloroflexi)	39.0	15.0	49.0	28.0	39.0	78.0	53.0	85.0	101.0	30.0	0.0	82.0	55.0	39.0	0.0	0.0	70.0	37.0	0.0
rplo 141 (Firmicutes)	62.0	17.0	45.0	0.0	78.0	54.0	16.0	68.0	27.0	36.0	0.0	29.0	11.0	47.0	0.0	101.0	42.0	15.0	0.0
rplo 142 (Actinobacteria)	0.0	0.0	0.0	40.0	0.0	63.0	38.0	0.0	31.0	0.0	81.0	0.0	51.0	0.0	124.0	35.0	144.0	0.0	36.0
rplo 143 (Actinobacteria)	22.0	0.0	86.0	45.0	0.0	19.0	47.0	24.0	39.0	0.0	25.0	21.0	0.0	131.0	102.0	49.0	30.0	0.0	108.0
rplo 144 (Cyanobacteria)	62.0	0.0	61.0	0.0	21.0	18.0	176.0	23.0	0.0	24.0	47.0	0.0	0.0	0.0	0.0	0.0	0.0	0.0	0.0
rplo 145 (Actinobacteria)	0.0	0.0	22.0	0.0	45.0	0.0	71.0	123.0	117.0	26.0	0.0	103.0	96.0	68.0	0.0	25.0	0.0	63.0	44.0
rplo 146 (Chloroflexi)	15.0	16.0	0.0	0.0	118.0	64.0	77.0	31.0	51.0	34.0	0.0	27.0	93.0	0.0	33.0	48.0	119.0	14.0	43.0
rplo 147 (Actinobacteria)	0.0	0.0	0.0	23.0	0.0	18.0	0.0	90.0	0.0	0.0	47.0	56.0	89.0	64.0	120.0	0.0	115.0	60.0	61.0
rplo 148 (Chloroflexi)	0.0	18.0	0.0	0.0	81.0	14.0	84.0	16.0	180.0	73.0	0.0	104.0	67.0	0.0	0.0	35.0	87.0	15.0	0.0
rplo 149 (Actinobacteria)	43.0	25.0	22.0	24.0	67.0	58.0	47.0	24.0	19.0	0.0	50.0	62.0	0.0	0.0	51.0	195.0	0.0	21.0	44.0
rplo 15 (Firmicutes)	273.0	243.0	306.0	277.0	195.0	151.0	81.0	41.0	51.0	156.0	129.0	55.0	111.0	206.0	157.0	42.0	105.0	92.0	115.0
rplo 150 (Actinobacteria)	21.0	0.0	62.0	0.0	21.0	18.0	157.0	113.0	18.0	24.0	0.0	59.0	59.0	32.0	0.0	0.0	86.0	40.0	0.0
rplo 151 (Actinobacteria)	0.0	0.0	0.0	22.0	0.0	0.0	126.0	43.0	52.0	91.0	66.0	37.0	84.0	0.0	45.0	0.0	54.0	56.0	0.0
rplo 152 (Bacteroidetes)	79.0	23.0	121.0	23.0	21.0	0.0	44.0	45.0	36.0	167.0	0.0	95.0	15.0	125.0	24.0	42.0	0.0	19.0	20.0
rplo 153 (Bacteroidetes)	21.0	24.0	63.0	71.0	0.0	38.0	23.0	0.0	0.0	0.0	0.0	0.0	15.0	0.0	0.0	0.0	0.0	0.0	0.0
rplo 154 (Proteobacteria)	0.0	0.0	39.0	66.0	0.0	35.0	64.0	0.0	70.0	0.0	113.0	0.0	29.0	61.0	69.0	66.0	0.0	111.0	0.0
rplo 155 (Proteobacteria)	0.0	24.0	0.0	0.0	0.0	37.0	45.0	70.0	75.0	94.0	24.0	0.0	0.0	97.0	98.0	0.0	0.0	0.0	42.0
rplo 156 (Proteobacteria)	0.0	0.0	18.0	21.0	38.0	0.0	0.0	20.0	49.0	0.0	0.0	0.0	13.0	0.0	0.0	21.0	25.0	35.0	0.0
rplo 157 (Bacteroidetes)	23.0	75.0	0.0	100.0	69.0	20.0	24.0	0.0	20.0	0.0	26.0	21.0	0.0	0.0	52.0	0.0	0.0	43.0	0.0
rplo 158 (Chloroflexi)	16.0	37.0	32.0	0.0	33.0	86.0	69.0	0.0	57.0	57.0	18.0	136.0	80.0	96.0	19.0	18.0	22.0	31.0	16.0
rplo 159 (Actinobacteria)	44.0	50.0	43.0	0.0	0.0	19.0	0.0	191.0	19.0	77.0	0.0	41.0	126.0	64.0	0.0	24.0	30.0	0.0	0.0
rplo 16 (Proteobacteria)	119.0	290.0	95.0	305.0	422.0	226.0	253.0	130.0	69.0	69.0	134.0	166.0	99.0	60.0	68.0	197.0	54.0	94.0	78.0
rplo 160 (Actinobacteria)	0.0	0.0	0.0	22.0	61.0	123.0	21.0	22.0	103.0	93.0	0.0	0.0	29.0	91.0	46.0	0.0	0.0	19.0	0.0
rplo 161 (Proteobacteria)	36.0	142.0	18.0	0.0	19.0	110.0	0.0	20.0	0.0	0.0	21.0	0.0	26.0	83.0	63.0	20.0	100.0	17.0	36.0
rplo 162 (Actinobacteria)	44.0	0.0	22.0	24.0	67.0	97.0	24.0	0.0	77.0	0.0	0.0	41.0	16.0	67.0	25.0	24.0	0.0	0.0	0.0
rplo 163 (Actinobacteria)	0.0	0.0	0.0	0.0	15.0	0.0	111.0	98.0	117.0	52.0	17.0	70.0	234.0	0.0	0.0	0.0	20.0	57.0	0.0
rplo 164 (Cyanobacteria)	0.0	0.0	0.0	45.0	105.0	19.0	45.0	0.0	0.0	0.0	48.0	0.0	0.0	0.0	0.0	70.0	0.0	0.0	42.0
rplo 165 (Proteobacteria)	20.0	0.0	20.0	0.0	20.0	88.0	0.0	44.0	17.0	0.0	45.0	19.0	14.0	0.0	23.0	88.0	109.0	19.0	0.0
rplo 166 (Actinobacteria)	20.0	22.0	19.0	0.0	40.0	86.0	63.0	65.0	17.0	91.0	22.0	55.0	70.0	60.0	0.0	0.0	27.0	19.0	0.0
rplo 167 (Chloroflexi)	33.0	0.0	32.0	0.0	17.0	0.0	140.0	54.0	115.0	19.0	0.0	46.0	70.0	0.0	19.0	36.0	90.0	62.0	0.0
rplo 168 (Proteobacteria)	54.0	0.0	18.0	20.0	0.0	0.0	58.0	0.0	47.0	21.0	0.0	0.0	13.0	27.0	311.0	20.0	0.0	17.0	18.0
rplo 169 (Proteobacteria)	19.0	152.0	38.0	21.0	20.0	0.0	21.0	0.0	33.0	68.0	44.0	18.0	14.0	29.0	89.0	0.0	0.0	73.0	38.0
rplo 17 (Actinobacteria)	264.0	149.0	151.0	195.0	379.0	288.0	327.0	97.0	193.0	179.0	221.0	21.0	125.0	131.0	102.0	122.0	30.0	0.0	44.0
rplo 170 (Proteobacteria)	0.0	290.0	19.0	22.0	0.0	52.0	21.0	0.0	52.0	23.0	22.0	0.0	14.0	118.0	46.0	0.0	0.0	75.0	20.0
rplo 171 (Actinobacteria)	0.0	0.0	22.0	0.0	90.0	97.0	47.0	24.0	39.0	77.0	0.0	103.0	63.0	34.0	25.0	0.0	0.0	0.0	0.0
rplo 172 (Firmicutes)	87.0	20.0	34.0	75.0	193.0	15.0	55.0	38.0	15.0	81.0	0.0	30.0	25.0	0.0	0.0	0.0	24.0	33.0	0.0
rplo 173 (Proteobacteria)	0.0	67.0	0.0	22.0	0.0	17.0	21.0	0.0	17.0	23.0	89.0	18.0	14.0	0.0	23.0	0.0	54.0	19.0	19.0
rplo 174 (Bacteroidetes)	65.0	24.0	42.0	72.0	0.0	38.0	0.0	0.0	38.0	47.0	0.0	0.0	31.0	33.0	0.0	96.0	0.0	41.0	85.0
rplo 175 (Proteobacteria)	56.0	21.0	18.0	21.0	76.0	16.0	20.0	20.0	49.0	22.0	21.0	17.0	40.0	28.0	0.0	41.0	0.0	0.0	0.0
rplo 176 (Proteobacteria)	21.0	24.0	42.0	23.0	22.0	19.0	113.0	0.0	74.0	0.0	24.0	40.0	29.0	161.0	49.0	0.0	0.0	40.0	21.0
rplo 177 (Proteobacteria)	0.0	44.0	0.0	23.0	21.0	36.0	109.0	68.0	36.0	0.0	0.0	38.0	44.0	0.0	24.0	45.0	84.0	39.0	0.0
rplo 178 (Acidobacteria)	60.0	0.0	40.0	91.0	42.0	90.0	44.0	23.0	36.0	0.0	22.0	0.0	29.0	0.0	68.0	66.0	0.0	58.0	41.0
rplo 179 (Actinobacteria)	42.0	0.0	0.0	0.0	21.0	0.0	88.0	137.0	109.0	0.0	0.0	0.0	131.0	63.0	0.0	46.0	28.0	20.0	0.0
rplo 18 (Gemmatimonadetes)	202.0	430.0	79.0	157.0	309.0	248.0	129.0	356.0	35.0	234.0	137.0	113.0	29.0	123.0	186.0	134.0	305.0	192.0	279.0
rplo 180 (Actinobacteria)	0.0	0.0	0.0	22.0	0.0	105.0	42.0	44.0	17.0	23.0	22.0	19.0	99.0	91.0	69.0	22.0	54.0	0.0	39.0
rplo 181 (Actinobacteria)	20.0	67.0	0.0	22.0	0.0	17.0	39.0	0.0	35.0	0.0	0.0	0.0	99.0	0.0	0.0	0.0	54.0	19.0	20.0
rplo 182 (Bacteroidetes)	43.0	0.0	21.0	72.0	39.0	35.0	88.0	47.0	0.0	25.0	24.0	20.0	15.0	0.0	0.0	24.0	30.0	0.0	0.0
rplo 183 (Actinobacteria)	132.0	37.0	0.0	37.0	34.0	29.0	35.0	36.0	29.0	0.0	0.0	31.0	47.0	0.0	38.0	0.0	45.0	0.0	0.0
rplo 184 (Proteobacteria)	0.0	0.0	0.0	0.0	0.0	16.0	0.0	0.0	0.0	42.0	634.0	0.0	0.0	0.0	0.0	0.0	0.0	17.0	36.0
rplo 185 (Acidobacteria)	23.0	0.0	68.0	51.0	23.0	20.0	0.0	25.0	40.0	107.0	0.0	0.0	0.0	0.0	0.0	25.0	0.0	0.0	0.0
rplo 186 (Proteobacteria)	22.0	25.0	0.0	121.0	44.0	0.0	23.0	24.0	19.0	25.0	0.0	81.0	45.0	33.0	0.0	24.0	60.0	0.0	87.0
rplo 187 (Thermotogae)	21.0	24.0	0.0	0.0	0.0	0.0	0.0	91.0	147.0	73.0	0.0	38.0	43.0	63.0	0.0	0.0	58.0	0.0	0.0
rplo 188 (Chloroflexi)	16.0	0.0	16.0	18.0	33.0	29.0	35.0	72.0	85.0	76.0	0.0	31.0	126.0	0.0	0.0	18.0	22.0	46.0	0.0
rplo 189 (Chloroflexi)	31.0	37.0	64.0	36.0	16.0	28.0	35.0	0.0	0.0	19.0	73.0	0.0	0.0	0.0	37.0	0.0	0.0	31.0	0.0
rplo 19 (Firmicutes)	0.0	0.0	0.0	0.0	22.0	0.0	0.0	0.0	0.0	0.0	4488.0	0.0	14.0	0.0	0.0	0.0	0.0	0.0	0.0
rplo 190 (Planctomycetes)	35.0	40.0	17.0	39.0	0.0	0.0	19.0	0.0	0.0	0.0	20.0	0.0	0.0	0.0	0.0	0.0	24.0	33.0	0.0
rplo 191 (Bacteroidetes)	41.0	0.0	0.0	24.0	0.0	38.0	0.0	0.0	38.0	50.0	24.0	20.0	0.0	32.0	122.0	0.0	30.0	20.0	21.0
rplo 192 (Actinobacteria)	0.0	0.0	0.0	0.0	22.0	0.0	71.0	145.0	38.0	51.0	0.0	82.0	140.0	0.0	0.0	0.0	0.0	42.0	0.0
rplo 193 (Proteobacteria)	48.0	0.0	0.0	53.0	146.0	0.0	0.0	53.0	0.0	0.0	53.0	0.0	34.0	74.0	0.0	53.0	66.0	46.0	0.0
rplo 194 (Proteobacteria)	0.0	0.0	58.0	0.0	0.0	69.0	20.0	0.0	50.0	116.0	23.0	0.0	0.0	122.0	23.0	0.0	0.0	38.0	0.0
rplo 195 (Gemmatimonadetes)	0.0	22.0	19.0	0.0	40.0	34.0	21.0	21.0	17.0	0.0	22.0	18.0	0.0	60.0	152.0	22.0	0.0	0.0	58.0
rplo 196 (Thermotogae)	50.0	40.0	17.0	0.0	0.0	0.0	0.0	19.0	0.0	0.0	20.0	33.0	25.0	0.0	20.0	0.0	0.0	0.0	0.0
rplo 197 (Actinobacteria)	17.0	0.0	33.0	18.0	33.0	73.0	71.0	0.0	29.0	39.0	19.0	0.0	0.0	51.0	57.0	0.0	0.0	0.0	16.0
rplo 198 (Acidobacteria)	39.0	20.0	77.0	65.0	0.0	34.0	104.0	0.0	34.0	23.0	0.0	73.0	56.0	0.0	0.0	22.0	52.0	18.0	19.0
rplo 199 (Thermobaculum)	0.0	0.0	0.0	0.0	0.0	50.0	40.0	21.0	66.0	0.0	0.0	53.0	27.0	83.0	0.0	42.0	26.0	18.0	0.0
rplo 20 (Actinobacteria)	110.0	124.0	22.0	97.0	90.0	310.0	233.0	46.0	96.0	101.0	174.0	103.0	109.0	200.0	152.0	71.0	30.0	167.0	87.0
rplo 200 (Actinobacteria)	0.0	62.0	18.0	0.0	0.0	0.0	39.0	61.0	32.0	64.0	42.0	34.0	105.0	0.0	21.0	0.0	0.0	52.0	18.0
rplo 201 (Acidobacteria)	40.0	46.0	20.0	66.0	62.0	36.0	0.0	0.0	18.0	24.0	0.0	75.0	14.0	31.0	23.0	45.0	0.0	38.0	0.0
rplo 202 (Firmicutes)	20.0	203.0	20.0	155.0	0.0	0.0	0.0	22.0	89.0	0.0	0.0	0.0	0.0	0.0	23.0	22.0	0.0	19.0	0.0
rplo 203 (Chloroflexi)	0.0	19.0	0.0	0.0	17.0	0.0	0.0	72.0	43.0	19.0	0.0	15.0	234.0	49.0	0.0	18.0	112.0	16.0	0.0
rplo 204 (Bacteroidetes)	44.0	0.0	21.0	24.0	22.0	38.0	0.0	24.0	38.0	25.0	25.0	0.0	15.0	33.0	25.0	0.0	0.0	0.0	0.0
rplo 205 (Deinococcus-Thermus)	0.0	0.0	0.0	0.0	0.0	0.0	0.0	0.0	0.0	0.0	0.0	20.0	0.0	0.0	0.0	696.0	0.0	0.0	21.0
rplo 206 (Actinobacteria)	79.0	90.0	39.0	0.0	40.0	0.0	43.0	0.0	105.0	0.0	0.0	37.0	57.0	0.0	0.0	0.0	0.0	0.0	40.0
rplo 207 (Proteobacteria)	0.0	156.0	0.0	0.0	0.0	231.0	0.0	0.0	18.0	24.0	68.0	0.0	0.0	0.0	0.0	0.0	0.0	0.0	0.0
rplo 208 (Acidobacteria)	0.0	0.0	0.0	80.0	37.0	0.0	78.0	0.0	0.0	0.0	0.0	0.0	0.0	0.0	0.0	0.0	0.0	0.0	0.0
rplo 209 (Proteobacteria)	79.0	22.0	19.0	22.0	60.0	87.0	63.0	22.0	0.0	0.0	0.0	0.0	0.0	0.0	23.0	0.0	27.0	0.0	20.0
rplo 21 (Actinobacteria)	114.0	108.0	165.0	147.0	155.0	184.0	142.0	105.0	283.0	199.0	0.0	213.0	190.0	232.0	154.0	169.0	26.0	198.0	19.0
rplo 210 (Proteobacteria)	36.0	0.0	35.0	0.0	36.0	31.0	0.0	39.0	62.0	41.0	0.0	33.0	76.0	0.0	123.0	0.0	49.0	0.0	0.0
rplo 211 (Actinobacteria)	0.0	0.0	0.0	73.0	22.0	0.0	70.0	24.0	76.0	102.0	0.0	41.0	93.0	33.0	0.0	0.0	0.0	21.0	0.0
rplo 212 (unknown)	0.0	0.0	0.0	0.0	0.0	12.0	60.0	0.0	37.0	33.0	0.0	26.0	80.0	21.0	32.0	0.0	212.0	13.0	14.0
rplo 213 (Bacteroidetes)	0.0	0.0	42.0	119.0	44.0	0.0	69.0	0.0	0.0	0.0	49.0	0.0	0.0	30.0	0.0	0.0	0.0	41.0	43.0
rplo 214 (Bacteroidetes)	64.0	73.0	0.0	48.0	22.0	38.0	0.0	0.0	0.0	0.0	24.0	20.0	0.0	0.0	0.0	0.0	30.0	0.0	0.0
rplo 215 (Verrucomicrobia)	117.0	0.0	0.0	0.0	34.0	15.0	0.0	111.0	0.0	0.0	0.0	47.0	36.0	0.0	0.0	56.0	0.0	0.0	0.0
rplo 216 (Actinobacteria)	20.0	22.0	19.0	43.0	20.0	0.0	0.0	0.0	17.0	46.0	44.0	0.0	14.0	60.0	68.0	43.0	0.0	17.0	0.0
rplo 217 (Proteobacteria)	0.0	22.0	0.0	65.0	40.0	52.0	42.0	0.0	17.0	23.0	41.0	0.0	14.0	30.0	45.0	0.0	81.0	74.0	39.0
rplo 218 (Firmicutes)	0.0	0.0	32.0	0.0	0.0	0.0	0.0	0.0	0.0	38.0	0.0	0.0	0.0	74.0	0.0	0.0	0.0	0.0	0.0
rplo 219 (Thermotogae)	177.0	55.0	32.0	54.0	16.0	0.0	0.0	0.0	0.0	0.0	0.0	0.0	0.0	0.0	0.0	0.0	0.0	0.0	0.0
rplo 22 (Actinobacteria)	114.0	43.0	112.0	105.0	78.0	50.0	202.0	145.0	200.0	222.0	129.0	178.0	217.0	145.0	197.0	105.0	155.0	144.0	0.0
rplo 220 (Chloroflexi)	21.0	194.0	0.0	0.0	0.0	35.0	160.0	24.0	0.0	0.0	24.0	0.0	0.0	32.0	99.0	0.0	0.0	0.0	0.0
rplo 221 (Proteobacteria)	0.0	22.0	19.0	0.0	40.0	35.0	21.0	44.0	17.0	0.0	0.0	0.0	14.0	0.0	68.0	0.0	27.0	0.0	39.0
rplo 222 (Proteobacteria)	79.0	22.0	0.0	21.0	100.0	52.0	21.0	43.0	17.0	0.0	22.0	54.0	0.0	0.0	0.0	43.0	0.0	0.0	38.0
rplo 223 (Chloroflexi)	0.0	41.0	0.0	20.0	127.0	47.0	19.0	20.0	47.0	0.0	0.0	50.0	0.0	27.0	0.0	40.0	0.0	34.0	36.0
rplo 224 (Chloroflexi)	14.0	16.0	13.0	0.0	14.0	12.0	58.0	30.0	72.0	32.0	0.0	0.0	49.0	42.0	32.0	30.0	0.0	13.0	68.0
rplo 225 (Firmicutes)	48.0	52.0	47.0	0.0	98.0	28.0	0.0	0.0	56.0	56.0	0.0	15.0	11.0	0.0	0.0	18.0	110.0	0.0	0.0
rplo 226 (Actinobacteria)	17.0	0.0	17.0	37.0	35.0	46.0	37.0	0.0	61.0	39.0	0.0	32.0	49.0	52.0	0.0	0.0	0.0	16.0	34.0
rplo 227 (Actinobacteria)	0.0	0.0	30.0	0.0	13.0	13.0	16.0	50.0	79.0	18.0	0.0	84.0	107.0	23.0	0.0	17.0	0.0	14.0	0.0
rplo 228 (Proteobacteria)	42.0	47.0	0.0	70.0	21.0	37.0	0.0	23.0	0.0	0.0	0.0	0.0	0.0	0.0	24.0	23.0	58.0	0.0	39.0
rplo 229 (Proteobacteria)	38.0	0.0	20.0	45.0	0.0	18.0	0.0	0.0	0.0	24.0	23.0	19.0	29.0	0.0	91.0	0.0	0.0	136.0	81.0
rplo 23 (Proteobacteria)	87.0	117.0	34.0	172.0	35.0	91.0	92.0	38.0	45.0	20.0	955.0	48.0	49.0	132.0	239.0	0.0	24.0	82.0	361.0
rplo 230 (Proteobacteria)	63.0	24.0	21.0	23.0	21.0	37.0	0.0	69.0	0.0	0.0	47.0	0.0	30.0	0.0	0.0	0.0	0.0	20.0	0.0
rplo 231 (Bacteroidetes)	0.0	0.0	43.0	24.0	22.0	56.0	23.0	24.0	0.0	126.0	0.0	20.0	44.0	33.0	0.0	0.0	0.0	0.0	0.0
rplo 232 (Bacteroidetes)	0.0	0.0	0.0	0.0	20.0	35.0	0.0	43.0	17.0	69.0	0.0	0.0	14.0	120.0	91.0	44.0	54.0	0.0	20.0
rplo 233 (Bacteroidetes)	43.0	0.0	0.0	0.0	85.0	38.0	0.0	166.0	0.0	25.0	0.0	60.0	0.0	0.0	0.0	0.0	0.0	0.0	0.0
rplo 234 (Gemmatimonadetes)	166.0	0.0	0.0	0.0	43.0	0.0	45.0	138.0	37.0	24.0	0.0	0.0	0.0	32.0	0.0	0.0	0.0	0.0	0.0
rplo 235 (Bacteroidetes)	129.0	94.0	21.0	24.0	44.0	38.0	0.0	47.0	19.0	23.0	0.0	0.0	15.0	65.0	0.0	0.0	0.0	0.0	21.0
rplo 236 (Proteobacteria)	18.0	0.0	18.0	41.0	0.0	32.0	20.0	20.0	0.0	0.0	42.0	17.0	13.0	0.0	42.0	0.0	0.0	119.0	18.0
rplo 237 (Firmicutes)	20.0	43.0	19.0	43.0	20.0	0.0	21.0	0.0	17.0	0.0	0.0	37.0	14.0	0.0	23.0	0.0	0.0	0.0	0.0
rplo 238 (Acidobacteria)	25.0	0.0	24.0	55.0	126.0	22.0	27.0	0.0	0.0	0.0	0.0	23.0	0.0	0.0	0.0	83.0	0.0	24.0	0.0
rplo 239 (Proteobacteria)	23.0	0.0	22.0	25.0	23.0	20.0	0.0	0.0	20.0	52.0	0.0	0.0	16.0	103.0	52.0	49.0	31.0	21.0	67.0
rplo 24 (Actinobacteria)	396.0	25.0	130.0	316.0	200.0	155.0	259.0	73.0	77.0	128.0	50.0	144.0	94.0	134.0	102.0	49.0	0.0	230.0	87.0
rplo 240 (Actinobacteria)	89.0	0.0	0.0	20.0	36.0	30.0	0.0	19.0	31.0	41.0	0.0	0.0	0.0	54.0	20.0	0.0	0.0	0.0	18.0
rplo 241 (Gemmatimonadetes)	0.0	0.0	29.0	143.0	0.0	28.0	67.0	0.0	0.0	38.0	0.0	0.0	0.0	49.0	75.0	0.0	0.0	31.0	60.0
rplo 242 (Acidobacteria)	22.0	0.0	0.0	0.0	0.0	38.0	23.0	48.0	38.0	0.0	25.0	61.0	31.0	0.0	50.0	24.0	89.0	21.0	0.0
rplo 243 (Cyanobacteria)	0.0	114.0	39.0	22.0	0.0	0.0	20.0	22.0	0.0	0.0	0.0	0.0	0.0	0.0	0.0	0.0	0.0	0.0	0.0
rplo 244 (Bacteroidetes)	22.0	98.0	0.0	24.0	0.0	57.0	23.0	95.0	19.0	25.0	0.0	40.0	15.0	64.0	0.0	0.0	30.0	20.0	0.0
rplo 245 (Firmicutes)	59.0	22.0	0.0	65.0	20.0	17.0	0.0	0.0	0.0	23.0	45.0	0.0	14.0	0.0	91.0	0.0	27.0	0.0	0.0
rplo 246 (Aquificae)	39.0	43.0	0.0	0.0	40.0	0.0	0.0	0.0	0.0	68.0	22.0	0.0	0.0	60.0	66.0	0.0	0.0	0.0	0.0
rplo 247 (Firmicutes)	0.0	0.0	0.0	42.0	0.0	0.0	0.0	20.0	36.0	0.0	0.0	0.0	58.0	31.0	94.0	0.0	28.0	0.0	20.0
rplo 248 (Cyanobacteria)	22.0	0.0	0.0	72.0	22.0	0.0	0.0	0.0	0.0	0.0	0.0	0.0	0.0	0.0	0.0	48.0	0.0	0.0	0.0
rplo 249 (Proteobacteria)	23.0	0.0	0.0	0.0	46.0	0.0	24.0	49.0	20.0	26.0	0.0	21.0	32.0	68.0	26.0	0.0	0.0	0.0	0.0
rplo 25 (Acidobacteria)	714.0	90.0	566.0	243.0	18.0	70.0	107.0	22.0	51.0	93.0	0.0	37.0	199.0	30.0	0.0	88.0	82.0	19.0	20.0
rplo 250 (Actinobacteria)	22.0	0.0	22.0	0.0	45.0	0.0	0.0	48.0	135.0	0.0	0.0	41.0	16.0	0.0	0.0	73.0	60.0	21.0	0.0
rplo 251 (Proteobacteria)	0.0	0.0	39.0	85.0	81.0	31.0	0.0	0.0	0.0	0.0	45.0	37.0	0.0	0.0	0.0	44.0	0.0	0.0	40.0
rplo 252 (Thermotogae)	43.0	0.0	21.0	70.0	22.0	37.0	21.0	0.0	18.0	50.0	24.0	99.0	15.0	0.0	0.0	24.0	0.0	0.0	0.0
rplo 253 (Actinobacteria)	0.0	25.0	22.0	0.0	0.0	0.0	93.0	0.0	0.0	76.0	25.0	41.0	47.0	0.0	51.0	0.0	0.0	0.0	44.0
rplo 254 (Proteobacteria)	135.0	0.0	0.0	25.0	183.0	20.0	24.0	0.0	0.0	0.0	0.0	0.0	16.0	0.0	0.0	75.0	0.0	0.0	0.0
rplo 255 (Proteobacteria)	20.0	22.0	39.0	0.0	0.0	17.0	21.0	0.0	137.0	23.0	19.0	0.0	14.0	60.0	0.0	22.0	0.0	37.0	0.0
rplo 256 (Acidobacteria)	0.0	0.0	0.0	0.0	0.0	36.0	0.0	89.0	18.0	0.0	0.0	38.0	0.0	28.0	0.0	67.0	0.0	19.0	0.0
rplo 257 (Chloroflexi)	19.0	22.0	0.0	21.0	20.0	51.0	41.0	0.0	34.0	0.0	22.0	0.0	14.0	59.0	22.0	21.0	0.0	18.0	19.0
rplo 258 (Actinobacteria)	0.0	0.0	15.0	0.0	0.0	14.0	49.0	51.0	94.0	36.0	0.0	57.0	110.0	0.0	0.0	0.0	0.0	29.0	0.0
rplo 259 (Proteobacteria)	21.0	0.0	0.0	0.0	42.0	0.0	0.0	159.0	0.0	48.0	23.0	78.0	0.0	0.0	0.0	115.0	0.0	0.0	0.0
rplo 26 (Actinobacteria)	175.0	0.0	230.0	24.0	134.0	251.0	141.0	242.0	586.0	178.0	0.0	141.0	173.0	62.0	25.0	73.0	0.0	230.0	0.0
rplo 260 (Acidobacteria)	42.0	23.0	0.0	0.0	0.0	0.0	0.0	0.0	0.0	0.0	21.0	19.0	0.0	0.0	116.0	0.0	57.0	0.0	124.0
rplo 261 (Bacteroidetes)	31.0	69.0	0.0	33.0	62.0	54.0	0.0	0.0	27.0	0.0	0.0	0.0	65.0	0.0	0.0	0.0	0.0	0.0	0.0
rplo 262 (Actinobacteria)	0.0	0.0	0.0	30.0	69.0	12.0	44.0	45.0	96.0	48.0	0.0	25.0	49.0	41.0	0.0	0.0	0.0	13.0	0.0
rplo 263 (Cyanobacteria)	44.0	0.0	21.0	24.0	67.0	19.0	21.0	0.0	0.0	0.0	25.0	0.0	0.0	0.0	0.0	0.0	0.0	0.0	0.0
rplo 264 (Actinobacteria)	22.0	0.0	65.0	49.0	0.0	58.0	24.0	0.0	0.0	0.0	25.0	0.0	0.0	101.0	51.0	0.0	0.0	21.0	22.0
rplo 265 (Verrucomicrobia)	42.0	24.0	59.0	46.0	21.0	0.0	0.0	22.0	0.0	24.0	24.0	0.0	13.0	0.0	48.0	23.0	0.0	0.0	0.0
rplo 266 (Proteobacteria)	0.0	46.0	0.0	22.0	0.0	18.0	22.0	0.0	53.0	0.0	43.0	0.0	0.0	62.0	0.0	45.0	0.0	0.0	0.0
rplo 267 (Proteobacteria)	0.0	68.0	20.0	0.0	0.0	0.0	43.0	0.0	0.0	23.0	23.0	0.0	14.0	27.0	69.0	0.0	0.0	38.0	0.0
rplo 268 (Chloroflexi)	17.0	18.0	0.0	37.0	0.0	15.0	35.0	0.0	0.0	0.0	75.0	0.0	24.0	0.0	93.0	18.0	0.0	16.0	82.0
rplo 269 (Actinobacteria)	0.0	0.0	0.0	23.0	0.0	0.0	22.0	43.0	18.0	24.0	0.0	20.0	119.0	0.0	0.0	0.0	58.0	0.0	42.0
rplo 27 (Proteobacteria)	233.0	152.0	132.0	64.0	177.0	68.0	248.0	213.0	119.0	68.0	0.0	106.0	207.0	29.0	22.0	64.0	159.0	110.0	38.0
rplo 270 (Actinobacteria)	0.0	0.0	38.0	21.0	0.0	34.0	41.0	0.0	17.0	23.0	44.0	0.0	0.0	0.0	67.0	0.0	0.0	55.0	38.0
rplo 271 (Proteobacteria)	0.0	22.0	0.0	0.0	0.0	0.0	0.0	0.0	17.0	90.0	153.0	0.0	0.0	59.0	0.0	0.0	27.0	18.0	0.0
rplo 272 (Thermotogae)	0.0	0.0	42.0	0.0	22.0	56.0	23.0	0.0	37.0	0.0	0.0	40.0	0.0	0.0	0.0	24.0	0.0	20.0	0.0
rplo 273 (Acidobacteria)	61.0	0.0	0.0	0.0	21.0	0.0	0.0	45.0	0.0	47.0	0.0	19.0	14.0	0.0	0.0	66.0	0.0	0.0	0.0
rplo 274 (Bacteroidetes)	0.0	24.0	42.0	0.0	0.0	0.0	0.0	24.0	0.0	50.0	0.0	0.0	31.0	190.0	0.0	0.0	0.0	41.0	0.0
rplo 275 (Chloroflexi)	19.0	0.0	37.0	21.0	39.0	17.0	0.0	21.0	17.0	0.0	43.0	0.0	14.0	29.0	44.0	21.0	0.0	0.0	19.0
rplo 276 (Bacteroidetes)	22.0	0.0	21.0	0.0	22.0	0.0	0.0	0.0	0.0	0.0	0.0	0.0	0.0	0.0	0.0	398.0	0.0	0.0	0.0
rplo 277 (Chloroflexi)	14.0	0.0	0.0	15.0	69.0	0.0	57.0	72.0	0.0	0.0	0.0	50.0	10.0	41.0	0.0	15.0	0.0	37.0	0.0
rplo 278 (unknown)	0.0	0.0	36.0	0.0	0.0	0.0	0.0	81.0	32.0	85.0	0.0	34.0	79.0	0.0	0.0	0.0	0.0	35.0	0.0
rplo 279 (Chloroflexi)	16.0	0.0	47.0	0.0	0.0	98.0	0.0	18.0	42.0	0.0	0.0	15.0	45.0	0.0	0.0	18.0	22.0	15.0	0.0
rplo 28 (Proteobacteria)	106.0	80.0	139.0	78.0	108.0	47.0	94.0	19.0	46.0	82.0	40.0	50.0	63.0	107.0	408.0	20.0	145.0	100.0	263.0
rplo 280 (Acidobacteria)	41.0	92.0	0.0	0.0	21.0	0.0	0.0	21.0	36.0	0.0	0.0	38.0	15.0	0.0	23.0	0.0	56.0	0.0	0.0
rplo 281 (Chloroflexi)	0.0	37.0	16.0	0.0	0.0	14.0	53.0	0.0	14.0	19.0	19.0	0.0	23.0	50.0	114.0	0.0	23.0	16.0	0.0
rplo 282 (Acidobacteria)	0.0	0.0	80.0	0.0	0.0	18.0	22.0	23.0	0.0	48.0	0.0	0.0	0.0	31.0	0.0	0.0	0.0	19.0	0.0
rplo 283 (Verrucomicrobia)	65.0	25.0	0.0	0.0	22.0	19.0	23.0	96.0	19.0	23.0	0.0	61.0	62.0	0.0	0.0	0.0	0.0	0.0	0.0
rplo 284 (Acidobacteria)	61.0	69.0	40.0	22.0	0.0	36.0	22.0	22.0	0.0	47.0	0.0	0.0	0.0	0.0	23.0	67.0	0.0	0.0	0.0
rplo 285 (Proteobacteria)	0.0	0.0	20.0	22.0	0.0	0.0	21.0	0.0	0.0	23.0	91.0	19.0	0.0	0.0	46.0	86.0	0.0	57.0	20.0
rplo 286 (unknown)	20.0	0.0	40.0	0.0	0.0	70.0	22.0	0.0	0.0	71.0	0.0	19.0	0.0	62.0	0.0	0.0	0.0	0.0	0.0
rplo 287 (Chloroflexi)	0.0	18.0	0.0	0.0	0.0	14.0	52.0	18.0	0.0	19.0	0.0	0.0	70.0	25.0	19.0	0.0	90.0	73.0	0.0
rplo 288 (Deinococcus-Thermus)	0.0	21.0	19.0	21.0	39.0	33.0	0.0	0.0	0.0	0.0	0.0	0.0	0.0	0.0	0.0	0.0	26.0	0.0	0.0
rplo 289 (Proteobacteria)	0.0	0.0	37.0	21.0	39.0	33.0	0.0	21.0	67.0	0.0	0.0	0.0	14.0	29.0	22.0	0.0	0.0	18.0	0.0
rplo 29 (Gemmatimonadetes)	21.0	1131.0	330.0	23.0	0.0	184.0	67.0	0.0	55.0	98.0	0.0	0.0	75.0	128.0	170.0	0.0	29.0	0.0	21.0
rplo 290 (Acidobacteria)	0.0	46.0	0.0	91.0	42.0	0.0	0.0	0.0	0.0	0.0	0.0	0.0	0.0	31.0	0.0	0.0	0.0	19.0	0.0
rplo 291 (Nitrospirae)	22.0	0.0	0.0	0.0	0.0	0.0	0.0	0.0	19.0	50.0	0.0	20.0	31.0	33.0	25.0	24.0	59.0	0.0	0.0
rplo 292 (Actinobacteria)	0.0	0.0	52.0	19.0	18.0	0.0	38.0	0.0	46.0	0.0	0.0	0.0	13.0	80.0	20.0	0.0	0.0	17.0	0.0
rplo 293 (Acidobacteria)	0.0	46.0	79.0	0.0	21.0	18.0	0.0	0.0	18.0	0.0	0.0	19.0	0.0	31.0	23.0	22.0	0.0	0.0	0.0
rplo 294 (Verrucomicrobia)	0.0	0.0	22.0	24.0	0.0	0.0	24.0	24.0	0.0	72.0	25.0	0.0	0.0	0.0	0.0	0.0	30.0	20.0	0.0
rplo 295 (Actinobacteria)	0.0	0.0	0.0	0.0	0.0	59.0	0.0	110.0	58.0	0.0	0.0	31.0	48.0	0.0	38.0	0.0	0.0	0.0	33.0
rplo 296 (Gemmatimonadetes)	20.0	45.0	59.0	19.0	0.0	0.0	0.0	0.0	35.0	0.0	0.0	38.0	0.0	0.0	23.0	0.0	0.0	0.0	20.0
rplo 297 (Proteobacteria)	21.0	0.0	20.0	46.0	0.0	0.0	22.0	0.0	0.0	24.0	0.0	0.0	0.0	0.0	24.0	0.0	0.0	20.0	0.0
rplo 298 (Chloroflexi)	0.0	0.0	0.0	0.0	0.0	14.0	35.0	18.0	72.0	38.0	0.0	107.0	23.0	25.0	38.0	0.0	0.0	16.0	0.0
rplo 299 (unknown)	0.0	23.0	0.0	22.0	21.0	18.0	0.0	22.0	35.0	0.0	0.0	0.0	29.0	0.0	23.0	22.0	28.0	19.0	0.0
rplo 3 (Proteobacteria)	130.0	147.0	110.0	206.0	188.0	194.0	79.0	164.0	147.0	43.0	83.0	1960.0	1279.0	85.0	750.0	3465.0	1373.0	2145.0	3582.0
rplo 30 (Proteobacteria)	82.0	46.0	59.0	45.0	167.0	36.0	152.0	203.0	89.0	72.0	69.0	210.0	307.0	218.0	47.0	113.0	140.0	155.0	81.0
rplo 300 (Proteobacteria)	0.0	22.0	19.0	21.0	19.0	34.0	0.0	0.0	0.0	0.0	0.0	18.0	27.0	87.0	44.0	0.0	0.0	18.0	19.0
rplo 301 (Chloroflexi)	0.0	36.0	0.0	53.0	0.0	0.0	17.0	50.0	28.0	19.0	18.0	0.0	23.0	24.0	110.0	0.0	0.0	0.0	16.0
rplo 302 (unknown)	41.0	46.0	0.0	0.0	0.0	18.0	22.0	0.0	0.0	0.0	0.0	0.0	0.0	0.0	0.0	0.0	0.0	0.0	0.0
rplo 303 (Actinobacteria)	44.0	0.0	22.0	0.0	22.0	58.0	24.0	24.0	19.0	0.0	25.0	0.0	0.0	0.0	0.0	0.0	0.0	42.0	0.0
rplo 304 (Chloroflexi)	0.0	0.0	0.0	0.0	0.0	0.0	67.0	23.0	18.0	0.0	0.0	79.0	135.0	0.0	0.0	0.0	0.0	80.0	0.0
rplo 305 (Firmicutes)	18.0	21.0	36.0	0.0	0.0	14.0	0.0	0.0	16.0	0.0	0.0	34.0	13.0	0.0	42.0	0.0	0.0	0.0	0.0
rplo 306 (Thermotogae)	0.0	142.0	35.0	60.0	0.0	0.0	0.0	0.0	0.0	0.0	0.0	17.0	0.0	0.0	0.0	0.0	0.0	0.0	0.0
rplo 307 (Acidobacteria)	16.0	35.0	15.0	0.0	0.0	27.0	0.0	17.0	54.0	36.0	0.0	14.0	21.0	24.0	0.0	17.0	0.0	15.0	0.0
rplo 308 (unknown)	20.0	0.0	0.0	67.0	41.0	18.0	22.0	0.0	35.0	0.0	0.0	36.0	0.0	30.0	0.0	22.0	0.0	38.0	0.0
rplo 309 (unknown)	20.0	22.0	20.0	0.0	0.0	0.0	43.0	89.0	35.0	0.0	0.0	35.0	14.0	0.0	0.0	0.0	28.0	0.0	20.0
rplo 31 (Firmicutes)	0.0	0.0	0.0	0.0	22.0	0.0	0.0	0.0	0.0	0.0	74.0	797.0	0.0	132.0	0.0	1082.0	30.0	663.0	0.0
rplo 310 (Chloroflexi)	0.0	37.0	0.0	0.0	0.0	13.0	0.0	72.0	43.0	0.0	0.0	31.0	70.0	0.0	19.0	0.0	90.0	15.0	0.0
rplo 311 (Acidobacteria)	0.0	68.0	20.0	0.0	0.0	18.0	86.0	0.0	0.0	23.0	0.0	0.0	0.0	122.0	0.0	0.0	0.0	38.0	0.0
rplo 312 (Gemmatimonadetes)	146.0	0.0	0.0	46.0	0.0	18.0	67.0	23.0	0.0	0.0	0.0	0.0	0.0	0.0	0.0	47.0	0.0	0.0	0.0
rplo 313 (Firmicutes)	0.0	0.0	18.0	0.0	0.0	0.0	79.0	0.0	64.0	65.0	0.0	0.0	13.0	56.0	0.0	0.0	0.0	18.0	18.0
rplo 314 (Acidobacteria)	82.0	23.0	40.0	0.0	41.0	18.0	22.0	45.0	0.0	47.0	0.0	0.0	15.0	0.0	0.0	0.0	0.0	0.0	0.0
rplo 315 (Proteobacteria)	0.0	0.0	0.0	0.0	82.0	0.0	21.0	0.0	0.0	0.0	0.0	54.0	0.0	31.0	23.0	45.0	0.0	0.0	40.0
rplo 316 (Bacteroidetes)	0.0	0.0	0.0	0.0	22.0	19.0	21.0	96.0	0.0	0.0	0.0	0.0	0.0	33.0	25.0	0.0	0.0	0.0	0.0
rplo 317 (Gemmatimonadetes)	63.0	24.0	42.0	23.0	0.0	19.0	23.0	0.0	0.0	72.0	0.0	0.0	0.0	32.0	0.0	20.0	0.0	0.0	21.0
rplo 318 (Acidobacteria)	70.0	39.0	0.0	0.0	35.0	0.0	37.0	0.0	0.0	121.0	39.0	0.0	0.0	0.0	0.0	0.0	0.0	0.0	0.0
rplo 319 (Cyanobacteria)	22.0	25.0	0.0	0.0	0.0	0.0	22.0	0.0	0.0	0.0	96.0	0.0	0.0	0.0	0.0	0.0	0.0	62.0	20.0
rplo 32 (Firmicutes)	0.0	0.0	0.0	0.0	30.0	0.0	0.0	0.0	0.0	0.0	0.0	499.0	0.0	181.0	0.0	1177.0	163.0	704.0	0.0
rplo 320 (Actinobacteria)	0.0	75.0	43.0	0.0	22.0	58.0	0.0	0.0	0.0	0.0	0.0	0.0	16.0	0.0	25.0	0.0	0.0	0.0	0.0
rplo 321 (Firmicutes)	41.0	0.0	0.0	23.0	21.0	51.0	42.0	45.0	0.0	24.0	0.0	0.0	0.0	0.0	47.0	0.0	0.0	0.0	0.0
rplo 322 (Actinobacteria)	20.0	0.0	0.0	0.0	40.0	33.0	42.0	21.0	51.0	23.0	22.0	18.0	0.0	30.0	0.0	21.0	0.0	18.0	0.0
rplo 323 (Acidobacteria)	20.0	44.0	20.0	0.0	41.0	0.0	0.0	22.0	0.0	0.0	0.0	19.0	0.0	0.0	0.0	0.0	84.0	0.0	0.0
rplo 324 (Proteobacteria)	23.0	0.0	0.0	0.0	46.0	40.0	24.0	0.0	19.0	26.0	0.0	21.0	64.0	34.0	26.0	25.0	0.0	0.0	0.0
rplo 325 (Planctomycetes)	0.0	0.0	0.0	66.0	0.0	0.0	0.0	0.0	52.0	44.0	0.0	0.0	0.0	28.0	0.0	0.0	0.0	18.0	20.0
rplo 326 (Actinobacteria)	22.0	25.0	65.0	0.0	0.0	0.0	23.0	24.0	58.0	0.0	0.0	20.0	0.0	0.0	0.0	0.0	0.0	0.0	0.0
rplo 327 (Proteobacteria)	45.0	100.0	66.0	0.0	23.0	20.0	0.0	0.0	0.0	52.0	0.0	0.0	0.0	0.0	0.0	0.0	0.0	0.0	0.0
rplo 328 (Chloroflexi)	0.0	20.0	17.0	0.0	0.0	77.0	36.0	19.0	15.0	0.0	40.0	16.0	0.0	0.0	20.0	19.0	0.0	0.0	0.0
rplo 329 (Bacteroidetes)	43.0	71.0	0.0	0.0	0.0	38.0	23.0	71.0	0.0	0.0	0.0	0.0	0.0	0.0	0.0	0.0	0.0	0.0	0.0
rplo 33 (Bacteroidetes)	86.0	24.0	0.0	143.0	88.0	19.0	46.0	214.0	38.0	0.0	24.0	141.0	0.0	0.0	174.0	594.0	30.0	143.0	450.0
rplo 330 (Chloroflexi)	16.0	0.0	16.0	0.0	17.0	14.0	0.0	0.0	29.0	57.0	0.0	15.0	23.0	0.0	57.0	0.0	22.0	31.0	16.0
rplo 331 (Bacteroidetes)	0.0	47.0	0.0	24.0	0.0	19.0	139.0	0.0	0.0	25.0	25.0	0.0	0.0	0.0	50.0	0.0	0.0	0.0	0.0
rplo 332 (Cyanobacteria)	0.0	49.0	21.0	24.0	0.0	0.0	0.0	0.0	0.0	0.0	49.0	0.0	0.0	0.0	25.0	0.0	0.0	0.0	0.0
rplo 333 (Firmicutes)	0.0	0.0	19.0	0.0	39.0	34.0	20.0	0.0	0.0	22.0	22.0	0.0	0.0	0.0	22.0	0.0	26.0	0.0	19.0
rplo 334 (Actinobacteria)	0.0	0.0	0.0	25.0	0.0	0.0	47.0	24.0	0.0	0.0	48.0	41.0	0.0	0.0	0.0	0.0	0.0	21.0	0.0
rplo 335 (Actinobacteria)	0.0	0.0	39.0	22.0	0.0	52.0	42.0	0.0	87.0	0.0	0.0	0.0	0.0	0.0	23.0	0.0	27.0	38.0	0.0
rplo 336 (Proteobacteria)	0.0	0.0	36.0	40.0	0.0	0.0	0.0	0.0	0.0	0.0	20.0	0.0	0.0	28.0	42.0	0.0	0.0	0.0	18.0
rplo 337 (unknown)	0.0	0.0	0.0	44.0	0.0	0.0	42.0	0.0	17.0	23.0	67.0	19.0	0.0	0.0	0.0	0.0	0.0	19.0	0.0
rplo 338 (Actinobacteria)	44.0	25.0	43.0	0.0	0.0	19.0	23.0	0.0	19.0	0.0	0.0	0.0	0.0	0.0	0.0	24.0	0.0	0.0	0.0
rplo 339 (Bacteroidetes)	22.0	0.0	0.0	72.0	0.0	57.0	0.0	0.0	0.0	0.0	0.0	0.0	0.0	0.0	0.0	0.0	0.0	0.0	0.0
rplo 34 (Actinobacteria)	44.0	49.0	43.0	48.0	65.0	56.0	161.0	312.0	303.0	102.0	49.0	163.0	125.0	0.0	25.0	24.0	150.0	187.0	0.0
rplo 340 (unknown)	0.0	45.0	19.0	0.0	40.0	0.0	58.0	0.0	0.0	23.0	0.0	0.0	0.0	0.0	0.0	0.0	0.0	0.0	0.0
rplo 341 (Actinobacteria)	0.0	0.0	21.0	0.0	0.0	0.0	23.0	93.0	56.0	0.0	0.0	0.0	75.0	0.0	0.0	0.0	0.0	20.0	0.0
rplo 342 (Chloroflexi)	0.0	0.0	0.0	0.0	0.0	0.0	0.0	0.0	41.0	27.0	0.0	22.0	51.0	72.0	0.0	0.0	64.0	22.0	0.0
rplo 343 (Acidobacteria)	40.0	0.0	0.0	22.0	0.0	0.0	0.0	0.0	0.0	0.0	0.0	37.0	0.0	0.0	0.0	0.0	0.0	0.0	0.0
rplo 344 (Proteobacteria)	0.0	0.0	40.0	22.0	0.0	0.0	0.0	0.0	0.0	0.0	0.0	0.0	29.0	0.0	47.0	0.0	0.0	0.0	38.0
rplo 345 (Actinobacteria)	20.0	43.0	0.0	41.0	0.0	0.0	0.0	0.0	0.0	0.0	44.0	0.0	14.0	0.0	0.0	22.0	0.0	19.0	0.0
rplo 346 (Chloroflexi)	44.0	0.0	0.0	0.0	23.0	0.0	24.0	0.0	19.0	0.0	0.0	21.0	62.0	0.0	0.0	25.0	30.0	21.0	0.0
rplo 347 (Firmicutes)	0.0	0.0	250.0	22.0	0.0	0.0	0.0	0.0	0.0	0.0	0.0	0.0	0.0	0.0	0.0	0.0	0.0	19.0	0.0
rplo 348 (Cyanobacteria)	0.0	0.0	0.0	0.0	0.0	16.0	0.0	0.0	0.0	22.0	22.0	0.0	0.0	0.0	111.0	0.0	0.0	0.0	0.0
rplo 349 (Acidobacteria)	41.0	0.0	0.0	23.0	0.0	18.0	0.0	45.0	0.0	0.0	0.0	19.0	15.0	0.0	24.0	23.0	28.0	0.0	61.0
rplo 35 (Proteobacteria)	95.0	64.0	130.0	82.0	116.0	116.0	141.0	21.0	50.0	154.0	0.0	35.0	0.0	84.0	44.0	42.0	78.0	18.0	0.0
rplo 350 (Proteobacteria)	0.0	0.0	20.0	0.0	21.0	0.0	0.0	22.0	17.0	24.0	0.0	19.0	14.0	92.0	23.0	0.0	27.0	17.0	20.0
rplo 351 (Acidobacteria)	0.0	0.0	101.0	0.0	0.0	54.0	0.0	0.0	0.0	47.0	0.0	0.0	0.0	31.0	0.0	0.0	0.0	0.0	20.0
rplo 352 (Bacteroidetes)	22.0	0.0	0.0	48.0	22.0	38.0	19.0	24.0	0.0	0.0	0.0	0.0	0.0	66.0	0.0	24.0	0.0	20.0	0.0
rplo 353 (Firmicutes)	146.0	0.0	0.0	0.0	64.0	35.0	0.0	0.0	0.0	0.0	0.0	0.0	0.0	0.0	24.0	0.0	0.0	0.0	0.0
rplo 354 (Cyanobacteria)	0.0	24.0	0.0	23.0	0.0	0.0	0.0	0.0	0.0	0.0	24.0	0.0	0.0	0.0	0.0	0.0	0.0	0.0	0.0
rplo 355 (Verrucomicrobia)	16.0	19.0	0.0	37.0	51.0	15.0	0.0	125.0	0.0	0.0	0.0	16.0	0.0	0.0	0.0	0.0	0.0	0.0	0.0
rplo 356 (Proteobacteria)	0.0	53.0	0.0	26.0	24.0	0.0	0.0	0.0	20.0	55.0	0.0	0.0	0.0	0.0	0.0	26.0	0.0	22.0	0.0
rplo 357 (Cyanobacteria)	0.0	0.0	0.0	23.0	42.0	0.0	0.0	23.0	0.0	0.0	0.0	0.0	0.0	0.0	0.0	23.0	0.0	0.0	0.0
rplo 358 (Firmicutes)	0.0	0.0	0.0	0.0	0.0	0.0	0.0	0.0	0.0	0.0	0.0	349.0	0.0	0.0	0.0	0.0	0.0	0.0	0.0
rplo 359 (Actinobacteria)	16.0	0.0	0.0	0.0	16.0	0.0	17.0	34.0	70.0	19.0	0.0	30.0	69.0	0.0	0.0	0.0	0.0	0.0	0.0
rplo 36 (Actinobacteria)	59.0	89.0	115.0	22.0	40.0	155.0	63.0	194.0	119.0	114.0	44.0	73.0	125.0	327.0	45.0	87.0	106.0	112.0	0.0
rplo 360 (Firmicutes)	0.0	33.0	72.0	0.0	0.0	0.0	0.0	32.0	38.0	0.0	0.0	0.0	31.0	0.0	0.0	0.0	40.0	28.0	0.0
rplo 361 (Firmicutes)	22.0	0.0	0.0	0.0	0.0	0.0	0.0	24.0	0.0	50.0	0.0	20.0	0.0	33.0	0.0	0.0	111.0	20.0	0.0
rplo 362 (unknown)	0.0	0.0	0.0	0.0	0.0	0.0	15.0	93.0	49.0	0.0	0.0	77.0	20.0	0.0	16.0	0.0	19.0	0.0	0.0
rplo 363 (Proteobacteria)	0.0	0.0	18.0	41.0	0.0	0.0	0.0	20.0	0.0	0.0	62.0	0.0	0.0	0.0	61.0	0.0	25.0	0.0	18.0
rplo 364 (Firmicutes)	0.0	0.0	0.0	24.0	0.0	57.0	23.0	0.0	19.0	25.0	0.0	0.0	31.0	0.0	23.0	0.0	0.0	18.0	0.0
rplo 365 (Armatimonadetes)	39.0	0.0	19.0	0.0	20.0	17.0	0.0	86.0	17.0	0.0	0.0	0.0	0.0	29.0	0.0	0.0	0.0	0.0	0.0
rplo 366 (Firmicutes)	0.0	0.0	0.0	0.0	0.0	0.0	0.0	23.0	92.0	0.0	0.0	0.0	30.0	0.0	0.0	0.0	58.0	40.0	0.0
rplo 367 (unknown)	0.0	22.0	0.0	0.0	0.0	0.0	0.0	44.0	17.0	0.0	0.0	0.0	28.0	0.0	22.0	0.0	0.0	19.0	0.0
rplo 368 (Verrucomicrobia)	0.0	89.0	55.0	0.0	0.0	17.0	0.0	0.0	17.0	0.0	22.0	0.0	28.0	0.0	91.0	0.0	0.0	19.0	0.0
rplo 369 (Chloroflexi)	0.0	0.0	11.0	0.0	11.0	9.0	35.0	12.0	78.0	0.0	0.0	10.0	16.0	17.0	13.0	0.0	15.0	0.0	22.0
rplo 37 (Proteobacteria)	0.0	135.0	194.0	66.0	101.0	175.0	127.0	44.0	87.0	162.0	198.0	19.0	28.0	212.0	229.0	66.0	27.0	56.0	0.0
rplo 370 (Chloroflexi)	0.0	0.0	0.0	0.0	33.0	0.0	15.0	18.0	85.0	0.0	0.0	45.0	12.0	49.0	0.0	0.0	22.0	0.0	0.0
rplo 371 (Proteobacteria)	0.0	0.0	0.0	22.0	0.0	70.0	21.0	22.0	35.0	0.0	22.0	0.0	0.0	29.0	0.0	0.0	0.0	38.0	0.0
rplo 372 (Bacteroidetes)	0.0	0.0	0.0	24.0	0.0	38.0	0.0	24.0	0.0	0.0	0.0	0.0	0.0	0.0	0.0	0.0	0.0	0.0	0.0
rplo 373 (Proteobacteria)	0.0	45.0	20.0	22.0	0.0	18.0	0.0	44.0	0.0	23.0	0.0	0.0	28.0	0.0	0.0	0.0	27.0	0.0	20.0
rplo 374 (Proteobacteria)	0.0	0.0	0.0	0.0	0.0	0.0	0.0	0.0	0.0	0.0	0.0	0.0	0.0	0.0	0.0	0.0	333.0	0.0	0.0
rplo 375 (Actinobacteria)	0.0	0.0	0.0	22.0	0.0	0.0	0.0	43.0	34.0	23.0	0.0	0.0	84.0	0.0	0.0	0.0	107.0	19.0	0.0
rplo 376 (Proteobacteria)	26.0	0.0	0.0	28.0	0.0	23.0	0.0	0.0	0.0	0.0	0.0	0.0	0.0	0.0	29.0	0.0	0.0	0.0	0.0
rplo 377 (Chloroflexi)	0.0	0.0	0.0	0.0	0.0	0.0	23.0	23.0	75.0	49.0	0.0	0.0	44.0	0.0	0.0	0.0	29.0	20.0	0.0
rplo 378 (unknown)	0.0	60.0	0.0	0.0	0.0	47.0	29.0	0.0	0.0	0.0	91.0	0.0	0.0	0.0	0.0	27.0	0.0	0.0	0.0
rplo 379 (Cyanobacteria)	0.0	0.0	0.0	23.0	0.0	0.0	0.0	0.0	0.0	98.0	0.0	0.0	0.0	0.0	0.0	0.0	0.0	0.0	0.0
rplo 38 (Actinobacteria)	38.0	108.0	56.0	125.0	58.0	33.0	122.0	63.0	117.0	111.0	0.0	53.0	109.0	145.0	88.0	21.0	78.0	72.0	19.0
rplo 380 (Actinobacteria)	0.0	0.0	0.0	0.0	21.0	0.0	0.0	46.0	18.0	49.0	24.0	20.0	45.0	0.0	0.0	0.0	0.0	20.0	0.0
rplo 381 (Bacteroidetes)	0.0	24.0	21.0	24.0	0.0	0.0	0.0	24.0	0.0	25.0	0.0	0.0	0.0	33.0	50.0	0.0	0.0	0.0	0.0
rplo 382 (Cyanobacteria)	0.0	0.0	0.0	73.0	0.0	0.0	0.0	0.0	0.0	0.0	25.0	0.0	0.0	0.0	0.0	0.0	0.0	0.0	0.0
rplo 383 (Actinobacteria)	0.0	24.0	0.0	23.0	0.0	17.0	0.0	46.0	18.0	0.0	24.0	0.0	30.0	0.0	0.0	23.0	0.0	0.0	0.0
rplo 384 (Bacteroidetes)	24.0	28.0	0.0	0.0	0.0	0.0	0.0	0.0	0.0	0.0	0.0	0.0	0.0	0.0	0.0	0.0	0.0	0.0	0.0
rplo 385 (Chlorobi)	0.0	0.0	19.0	0.0	21.0	0.0	0.0	0.0	34.0	70.0	0.0	0.0	0.0	32.0	48.0	0.0	0.0	0.0	0.0
rplo 386 (Actinobacteria)	0.0	0.0	0.0	0.0	0.0	0.0	0.0	47.0	19.0	0.0	0.0	40.0	62.0	0.0	0.0	0.0	30.0	0.0	0.0
rplo 387 (Bacteroidetes)	22.0	0.0	0.0	0.0	22.0	0.0	0.0	0.0	19.0	0.0	46.0	41.0	15.0	33.0	50.0	0.0	0.0	0.0	0.0
rplo 388 (Verrucomicrobia)	22.0	25.0	0.0	0.0	0.0	19.0	0.0	0.0	19.0	0.0	0.0	20.0	16.0	67.0	25.0	0.0	0.0	21.0	0.0
rplo 389 (Armatimonadetes)	44.0	25.0	0.0	21.0	0.0	19.0	0.0	0.0	0.0	0.0	0.0	21.0	0.0	0.0	25.0	0.0	0.0	0.0	0.0
rplo 39 (Actinobacteria)	78.0	44.0	38.0	0.0	40.0	0.0	167.0	300.0	68.0	91.0	176.0	73.0	163.0	59.0	0.0	86.0	107.0	111.0	77.0
rplo 390 (Actinobacteria)	0.0	0.0	0.0	21.0	38.0	17.0	40.0	21.0	16.0	22.0	21.0	18.0	27.0	0.0	0.0	0.0	0.0	0.0	0.0
rplo 391 (Thermotogae)	16.0	37.0	16.0	18.0	0.0	0.0	0.0	0.0	0.0	0.0	0.0	0.0	0.0	0.0	0.0	0.0	0.0	0.0	0.0
rplo 392 (Firmicutes)	21.0	23.0	20.0	0.0	0.0	0.0	0.0	23.0	0.0	0.0	23.0	19.0	0.0	0.0	0.0	0.0	0.0	0.0	0.0
rplo 393 (Actinobacteria)	0.0	0.0	0.0	0.0	0.0	16.0	20.0	82.0	15.0	0.0	0.0	69.0	53.0	0.0	0.0	0.0	0.0	0.0	0.0
rplo 394 (Bacteroidetes)	0.0	0.0	0.0	0.0	0.0	0.0	23.0	0.0	0.0	0.0	0.0	241.0	0.0	0.0	0.0	0.0	0.0	0.0	0.0
rplo 395 (Bacteroidetes)	0.0	0.0	0.0	24.0	0.0	19.0	0.0	0.0	19.0	0.0	72.0	0.0	0.0	0.0	22.0	0.0	0.0	0.0	21.0
rplo 396 (Chloroflexi)	0.0	0.0	0.0	0.0	0.0	0.0	18.0	36.0	13.0	19.0	0.0	15.0	12.0	0.0	19.0	18.0	45.0	47.0	0.0
rplo 397 (Proteobacteria)	0.0	0.0	83.0	0.0	0.0	75.0	0.0	0.0	0.0	0.0	0.0	0.0	0.0	0.0	49.0	0.0	0.0	0.0	0.0
rplo 398 (Chloroflexi)	0.0	0.0	20.0	0.0	21.0	0.0	0.0	45.0	35.0	47.0	0.0	0.0	14.0	0.0	0.0	45.0	0.0	38.0	0.0
rplo 399 (Proteobacteria)	0.0	0.0	0.0	0.0	46.0	0.0	0.0	68.0	0.0	0.0	0.0	42.0	0.0	0.0	0.0	50.0	0.0	0.0	0.0
rplo 4 (Firmicutes)	0.0	0.0	0.0	0.0	0.0	0.0	0.0	1307.0	0.0	1305.0	25.0	1151.0	16.0	1808.0	1092.0	658.0	2260.0	3161.0	831.0
rplo 40 (Acidobacteria)	187.0	231.0	61.0	92.0	84.0	91.0	44.0	23.0	55.0	121.0	23.0	58.0	0.0	32.0	164.0	65.0	85.0	39.0	121.0
rplo 400 (Proteobacteria)	62.0	0.0	0.0	0.0	63.0	0.0	22.0	0.0	0.0	0.0	0.0	0.0	0.0	0.0	0.0	23.0	0.0	0.0	0.0
rplo 401 (Aquificae)	0.0	0.0	21.0	24.0	0.0	0.0	23.0	0.0	0.0	0.0	24.0	0.0	0.0	0.0	25.0	48.0	0.0	20.0	0.0
rplo 402 (Proteobacteria)	0.0	0.0	79.0	0.0	0.0	0.0	0.0	0.0	18.0	0.0	0.0	0.0	0.0	60.0	0.0	0.0	0.0	0.0	20.0
rplo 403 (Bacteroidetes)	22.0	47.0	21.0	0.0	0.0	0.0	0.0	0.0	19.0	0.0	0.0	0.0	0.0	66.0	0.0	0.0	0.0	0.0	0.0
rplo 404 (Cyanobacteria)	20.0	0.0	42.0	0.0	0.0	36.0	0.0	0.0	0.0	0.0	0.0	0.0	0.0	0.0	0.0	0.0	0.0	0.0	0.0
rplo 405 (Actinobacteria)	0.0	0.0	0.0	0.0	22.0	19.0	0.0	48.0	39.0	26.0	0.0	0.0	47.0	0.0	0.0	0.0	0.0	21.0	0.0
rplo 406 (Proteobacteria)	0.0	0.0	0.0	0.0	0.0	0.0	0.0	0.0	93.0	62.0	0.0	0.0	0.0	0.0	0.0	0.0	73.0	0.0	0.0
rplo 407 (Acidobacteria)	0.0	55.0	0.0	53.0	0.0	0.0	0.0	0.0	0.0	0.0	0.0	0.0	34.0	74.0	0.0	53.0	0.0	0.0	0.0
rplo 408 (Deinococcus-Thermus)	20.0	22.0	0.0	44.0	0.0	35.0	0.0	0.0	17.0	0.0	0.0	17.0	0.0	30.0	0.0	0.0	0.0	19.0	0.0
rplo 409 (Gemmatimonadetes)	0.0	0.0	0.0	0.0	0.0	0.0	0.0	0.0	0.0	0.0	0.0	28.0	0.0	0.0	0.0	0.0	46.0	0.0	0.0
rplo 41 (Proteobacteria)	119.0	67.0	78.0	110.0	221.0	70.0	62.0	109.0	52.0	139.0	0.0	260.0	14.0	60.0	69.0	66.0	54.0	56.0	217.0
rplo 410 (Actinobacteria)	0.0	18.0	0.0	0.0	32.0	0.0	17.0	17.0	57.0	0.0	0.0	15.0	23.0	0.0	0.0	0.0	0.0	31.0	16.0
rplo 411 (Firmicutes)	0.0	0.0	0.0	44.0	0.0	18.0	43.0	0.0	18.0	23.0	0.0	0.0	0.0	0.0	23.0	0.0	0.0	19.0	20.0
rplo 412 (Acidobacteria)	41.0	21.0	20.0	0.0	21.0	18.0	0.0	0.0	0.0	0.0	0.0	19.0	0.0	31.0	0.0	0.0	28.0	19.0	0.0
rplo 413 (Bacteroidetes)	0.0	0.0	21.0	0.0	0.0	0.0	23.0	0.0	19.0	0.0	0.0	0.0	15.0	0.0	25.0	0.0	0.0	20.0	0.0
rplo 414 (Chloroflexi)	0.0	0.0	32.0	0.0	17.0	0.0	18.0	18.0	14.0	19.0	0.0	0.0	0.0	24.0	19.0	0.0	0.0	44.0	0.0
rplo 415 (Verrucomicrobia)	0.0	0.0	43.0	48.0	0.0	0.0	0.0	0.0	19.0	0.0	0.0	0.0	0.0	0.0	0.0	0.0	0.0	0.0	0.0
rplo 416 (Firmicutes)	0.0	0.0	0.0	0.0	0.0	0.0	0.0	0.0	0.0	0.0	0.0	0.0	0.0	0.0	249.0	0.0	0.0	0.0	0.0
rplo 417 (Acidobacteria)	0.0	0.0	0.0	0.0	0.0	36.0	0.0	0.0	0.0	24.0	0.0	0.0	0.0	31.0	0.0	0.0	112.0	0.0	0.0
rplo 418 (Bacteroidetes)	22.0	0.0	0.0	0.0	0.0	57.0	23.0	0.0	0.0	0.0	0.0	20.0	0.0	0.0	25.0	24.0	0.0	20.0	0.0
rplo 419 (Bacteroidetes)	18.0	0.0	0.0	117.0	0.0	0.0	0.0	0.0	0.0	0.0	0.0	0.0	0.0	0.0	0.0	0.0	0.0	0.0	0.0
rplo 42 (Acidobacteria)	141.0	68.0	79.0	111.0	184.0	35.0	64.0	44.0	18.0	23.0	68.0	131.0	0.0	122.0	23.0	132.0	54.0	38.0	80.0
rplo 420 (unknown)	0.0	46.0	20.0	0.0	0.0	0.0	0.0	22.0	0.0	24.0	0.0	0.0	43.0	0.0	0.0	0.0	0.0	0.0	0.0
rplo 421 (Chloroflexi)	0.0	46.0	0.0	0.0	21.0	0.0	0.0	0.0	18.0	0.0	0.0	57.0	0.0	0.0	0.0	0.0	28.0	19.0	0.0
rplo 422 (Chloroflexi)	16.0	0.0	0.0	0.0	16.0	0.0	0.0	0.0	28.0	0.0	0.0	15.0	0.0	0.0	0.0	0.0	0.0	15.0	0.0
rplo 423 (Chloroflexi)	0.0	0.0	0.0	0.0	27.0	0.0	56.0	0.0	46.0	0.0	0.0	0.0	0.0	0.0	0.0	0.0	0.0	0.0	0.0
rplo 424 (Acidobacteria)	0.0	0.0	44.0	0.0	0.0	20.0	0.0	0.0	59.0	0.0	0.0	0.0	16.0	0.0	0.0	0.0	0.0	0.0	0.0
rplo 425 (Chloroflexi)	0.0	0.0	0.0	30.0	0.0	0.0	0.0	30.0	0.0	0.0	0.0	25.0	0.0	41.0	0.0	0.0	0.0	0.0	0.0
rplo 426 (Firmicutes)	0.0	0.0	0.0	0.0	0.0	16.0	0.0	0.0	0.0	25.0	98.0	0.0	0.0	0.0	0.0	0.0	0.0	21.0	43.0
rplo 427 (unknown)	40.0	0.0	0.0	0.0	40.0	0.0	21.0	22.0	0.0	0.0	0.0	19.0	0.0	0.0	0.0	44.0	0.0	0.0	0.0
rplo 428 (Acidobacteria)	0.0	45.0	0.0	0.0	0.0	35.0	0.0	0.0	17.0	0.0	0.0	18.0	0.0	0.0	0.0	0.0	0.0	0.0	0.0
rplo 429 (Bacteroidetes)	0.0	0.0	63.0	0.0	0.0	0.0	0.0	0.0	19.0	0.0	0.0	0.0	0.0	0.0	23.0	24.0	0.0	0.0	21.0
rplo 43 (Proteobacteria)	129.0	21.0	108.0	41.0	74.0	81.0	157.0	40.0	32.0	64.0	21.0	0.0	13.0	0.0	85.0	20.0	101.0	35.0	109.0
rplo 430 (Proteobacteria)	40.0	0.0	0.0	0.0	0.0	0.0	0.0	0.0	35.0	23.0	22.0	0.0	14.0	0.0	0.0	0.0	0.0	0.0	0.0
rplo 431 (Thermobaculum)	0.0	0.0	0.0	0.0	0.0	17.0	20.0	21.0	33.0	0.0	0.0	35.0	27.0	0.0	0.0	0.0	0.0	0.0	19.0
rplo 432 (Actinobacteria)	0.0	0.0	0.0	0.0	0.0	0.0	0.0	0.0	43.0	0.0	0.0	39.0	0.0	0.0	0.0	51.0	0.0	0.0	0.0
rplo 433 (Proteobacteria)	0.0	0.0	0.0	0.0	0.0	0.0	0.0	0.0	0.0	0.0	0.0	0.0	0.0	0.0	0.0	223.0	0.0	0.0	0.0
rplo 434 (Firmicutes)	18.0	41.0	71.0	0.0	0.0	0.0	19.0	0.0	0.0	0.0	0.0	0.0	0.0	0.0	0.0	20.0	0.0	34.0	0.0
rplo 435 (Actinobacteria)	0.0	0.0	0.0	0.0	0.0	0.0	22.0	21.0	18.0	0.0	0.0	79.0	0.0	32.0	0.0	0.0	0.0	0.0	0.0
rplo 436 (Proteobacteria)	0.0	0.0	0.0	0.0	0.0	0.0	0.0	0.0	0.0	0.0	82.0	0.0	0.0	0.0	110.0	0.0	0.0	0.0	24.0
rplo 437 (Bacteroidetes)	21.0	0.0	0.0	0.0	0.0	37.0	0.0	47.0	0.0	0.0	21.0	20.0	0.0	0.0	0.0	0.0	0.0	0.0	21.0
rplo 438 (Proteobacteria)	0.0	0.0	0.0	75.0	0.0	0.0	24.0	25.0	0.0	26.0	0.0	0.0	0.0	0.0	0.0	0.0	0.0	0.0	45.0
rplo 439 (Actinobacteria)	0.0	0.0	0.0	0.0	0.0	0.0	0.0	24.0	58.0	26.0	0.0	0.0	47.0	0.0	0.0	0.0	30.0	0.0	0.0
rplo 44 (Actinobacteria)	43.0	48.0	167.0	142.0	65.0	113.0	137.0	140.0	130.0	125.0	24.0	140.0	46.0	33.0	25.0	24.0	29.0	0.0	85.0
rplo 440 (Candidatus Roizmanbacteria)	0.0	0.0	0.0	0.0	0.0	0.0	0.0	0.0	210.0	0.0	0.0	0.0	0.0	0.0	0.0	0.0	0.0	0.0	0.0
rplo 441 (Proteobacteria)	0.0	0.0	0.0	0.0	0.0	0.0	0.0	0.0	15.0	58.0	0.0	15.0	24.0	22.0	0.0	0.0	45.0	0.0	0.0
rplo 442 (Actinobacteria)	0.0	0.0	0.0	0.0	0.0	0.0	0.0	40.0	16.0	0.0	0.0	0.0	39.0	0.0	0.0	0.0	0.0	0.0	0.0
rplo 443 (Firmicutes)	0.0	0.0	0.0	0.0	0.0	34.0	0.0	0.0	0.0	0.0	0.0	0.0	0.0	0.0	0.0	0.0	27.0	0.0	0.0
rplo 444 (Chloroflexi)	0.0	0.0	0.0	0.0	0.0	18.0	0.0	22.0	35.0	0.0	0.0	19.0	0.0	0.0	0.0	0.0	55.0	19.0	20.0
rplo 445 (Verrucomicrobia)	0.0	0.0	0.0	0.0	0.0	19.0	23.0	0.0	0.0	0.0	0.0	0.0	0.0	33.0	0.0	0.0	0.0	62.0	0.0
rplo 446 (Acidobacteria)	0.0	0.0	0.0	0.0	21.0	0.0	0.0	23.0	34.0	0.0	0.0	0.0	0.0	0.0	0.0	0.0	0.0	0.0	0.0
rplo 447 (Chloroflexi)	0.0	0.0	0.0	22.0	40.0	0.0	0.0	0.0	0.0	22.0	22.0	0.0	28.0	0.0	0.0	0.0	0.0	0.0	0.0
rplo 448 (Bacteroidetes)	0.0	0.0	0.0	28.0	0.0	0.0	27.0	0.0	0.0	30.0	0.0	0.0	0.0	0.0	0.0	0.0	0.0	0.0	77.0
rplo 449 (Proteobacteria)	0.0	0.0	19.0	0.0	0.0	0.0	21.0	0.0	0.0	23.0	22.0	0.0	0.0	0.0	23.0	22.0	0.0	0.0	0.0
rplo 45 (Proteobacteria)	59.0	112.0	0.0	66.0	121.0	35.0	127.0	87.0	68.0	69.0	22.0	184.0	57.0	60.0	46.0	44.0	162.0	91.0	20.0
rplo 450 (unknown)	0.0	0.0	19.0	0.0	0.0	0.0	0.0	22.0	17.0	22.0	0.0	18.0	71.0	0.0	0.0	0.0	0.0	19.0	0.0
rplo 451 (Acidobacteria)	0.0	0.0	0.0	0.0	22.0	19.0	0.0	0.0	19.0	25.0	0.0	0.0	15.0	0.0	0.0	0.0	0.0	0.0	0.0
rplo 452 (Bacteroidetes)	0.0	24.0	0.0	0.0	0.0	0.0	0.0	0.0	0.0	0.0	0.0	0.0	0.0	0.0	0.0	0.0	0.0	0.0	0.0
rplo 453 (Actinobacteria)	0.0	0.0	19.0	0.0	0.0	0.0	0.0	0.0	52.0	23.0	0.0	0.0	43.0	0.0	0.0	0.0	0.0	0.0	0.0
rplo 454 (unknown)	0.0	0.0	40.0	0.0	0.0	0.0	0.0	22.0	0.0	0.0	0.0	54.0	14.0	0.0	0.0	0.0	0.0	0.0	0.0
rplo 455 (Gemmatimonadetes)	0.0	22.0	0.0	22.0	0.0	17.0	0.0	0.0	0.0	0.0	0.0	0.0	0.0	0.0	68.0	0.0	0.0	0.0	0.0
rplo 456 (Gemmatimonadetes)	0.0	23.0	0.0	0.0	0.0	17.0	0.0	0.0	0.0	0.0	0.0	0.0	0.0	0.0	24.0	0.0	0.0	19.0	20.0
rplo 457 (Proteobacteria)	0.0	0.0	42.0	0.0	0.0	0.0	0.0	0.0	0.0	50.0	0.0	0.0	0.0	0.0	0.0	0.0	0.0	0.0	0.0
rplo 458 (Chloroflexi)	35.0	0.0	0.0	0.0	0.0	15.0	0.0	0.0	31.0	20.0	0.0	0.0	0.0	0.0	0.0	0.0	24.0	17.0	0.0
rplo 459 (Proteobacteria)	0.0	0.0	0.0	0.0	0.0	0.0	0.0	0.0	26.0	0.0	0.0	27.0	21.0	0.0	0.0	0.0	0.0	28.0	58.0
rplo 46 (Proteobacteria)	111.0	83.0	144.0	81.0	37.0	259.0	20.0	40.0	161.0	64.0	62.0	0.0	13.0	84.0	170.0	41.0	50.0	87.0	55.0
rplo 460 (Bacteroidetes)	0.0	24.0	21.0	0.0	0.0	0.0	0.0	24.0	38.0	0.0	0.0	20.0	31.0	0.0	0.0	0.0	0.0	0.0	0.0
rplo 461 (Bacteroidetes)	0.0	0.0	124.0	0.0	0.0	0.0	0.0	0.0	0.0	0.0	0.0	0.0	0.0	0.0	0.0	0.0	0.0	0.0	0.0
rplo 462 (Chloroflexi)	0.0	0.0	0.0	0.0	0.0	0.0	0.0	18.0	0.0	0.0	0.0	0.0	59.0	0.0	0.0	0.0	0.0	16.0	0.0
rplo 463 (Chloroflexi)	0.0	0.0	0.0	0.0	0.0	0.0	0.0	0.0	0.0	0.0	0.0	0.0	0.0	0.0	0.0	0.0	0.0	17.0	0.0
rplo 464 (Proteobacteria)	0.0	0.0	20.0	0.0	0.0	0.0	0.0	0.0	0.0	0.0	0.0	0.0	0.0	90.0	0.0	0.0	0.0	0.0	0.0
rplo 465 (Cyanobacteria)	0.0	0.0	106.0	0.0	0.0	0.0	0.0	0.0	0.0	0.0	0.0	0.0	0.0	0.0	0.0	0.0	0.0	0.0	0.0
rplo 466 (Proteobacteria)	0.0	0.0	41.0	0.0	0.0	0.0	0.0	0.0	0.0	0.0	0.0	0.0	0.0	0.0	0.0	0.0	0.0	0.0	0.0
rplo 47 (Proteobacteria)	18.0	102.0	51.0	60.0	0.0	96.0	78.0	20.0	48.0	63.0	41.0	17.0	0.0	111.0	331.0	20.0	50.0	121.0	180.0
rplo 48 (Actinobacteria)	96.0	65.0	131.0	63.0	78.0	183.0	21.0	42.0	151.0	90.0	87.0	54.0	27.0	117.0	111.0	21.0	132.0	73.0	19.0
rplo 49 (Gemmatimonadetes)	76.0	86.0	57.0	43.0	78.0	34.0	103.0	64.0	84.0	157.0	22.0	90.0	41.0	147.0	200.0	62.0	79.0	91.0	77.0
rplo 5 (Firmicutes)	0.0	0.0	0.0	0.0	0.0	0.0	0.0	751.0	0.0	948.0	0.0	740.0	0.0	2916.0	584.0	317.0	1538.0	60.0	0.0
rplo 50 (Actinobacteria)	39.0	22.0	58.0	0.0	0.0	103.0	42.0	0.0	51.0	251.0	88.0	18.0	14.0	60.0	518.0	0.0	0.0	112.0	19.0
rplo 51 (Proteobacteria)	151.0	43.0	37.0	42.0	38.0	0.0	40.0	41.0	33.0	0.0	42.0	0.0	27.0	0.0	43.0	1421.0	0.0	0.0	37.0
rplo 52 (Cyanobacteria)	0.0	46.0	400.0	68.0	21.0	36.0	44.0	0.0	0.0	72.0	0.0	0.0	0.0	0.0	71.0	0.0	0.0	0.0	0.0
rplo 53 (Proteobacteria)	0.0	0.0	85.0	95.0	0.0	76.0	136.0	95.0	38.0	50.0	49.0	81.0	154.0	66.0	149.0	191.0	59.0	41.0	0.0
rplo 54 (Proteobacteria)	99.0	109.0	39.0	44.0	80.0	52.0	21.0	43.0	50.0	67.0	0.0	111.0	70.0	120.0	68.0	66.0	27.0	37.0	59.0
rplo 55 (Proteobacteria)	67.0	49.0	66.0	98.0	134.0	59.0	0.0	48.0	0.0	104.0	101.0	42.0	47.0	170.0	103.0	49.0	61.0	42.0	133.0
rplo 56 (Proteobacteria)	0.0	130.0	38.0	63.0	78.0	17.0	102.0	42.0	17.0	67.0	170.0	36.0	41.0	29.0	44.0	64.0	0.0	0.0	133.0
rplo 57 (Proteobacteria)	18.0	165.0	36.0	101.0	37.0	113.0	117.0	20.0	64.0	106.0	41.0	17.0	0.0	111.0	127.0	20.0	75.0	17.0	127.0
rplo 58 (Proteobacteria)	59.0	45.0	39.0	22.0	80.0	208.0	105.0	65.0	17.0	67.0	175.0	37.0	14.0	90.0	45.0	22.0	54.0	19.0	78.0
rplo 59 (Actinobacteria)	19.0	65.0	132.0	21.0	136.0	152.0	20.0	21.0	84.0	89.0	64.0	35.0	41.0	87.0	175.0	63.0	26.0	18.0	0.0
rplo 6 (Actinobacteria)	108.0	82.0	106.0	40.0	110.0	286.0	77.0	80.0	2113.0	85.0	1382.0	203.0	674.0	165.0	0.0	160.0	198.0	583.0	36.0
rplo 61 (Proteobacteria)	32.0	54.0	78.0	18.0	16.0	84.0	34.0	17.0	358.0	92.0	124.0	0.0	11.0	97.0	128.0	18.0	65.0	45.0	95.0
rplo 62 (Proteobacteria)	20.0	92.0	60.0	45.0	83.0	89.0	106.0	0.0	71.0	166.0	46.0	76.0	116.0	150.0	94.0	68.0	56.0	116.0	101.0
rplo 63 (Actinobacteria)	21.0	0.0	751.0	0.0	0.0	0.0	23.0	0.0	38.0	200.0	0.0	20.0	0.0	195.0	0.0	0.0	0.0	0.0	0.0
rplo 64 (Cyanobacteria)	253.0	0.0	0.0	78.0	119.0	18.0	25.0	26.0	0.0	0.0	0.0	0.0	17.0	0.0	0.0	52.0	0.0	0.0	0.0
rplo 65 (Actinobacteria)	20.0	143.0	0.0	70.0	43.0	18.0	135.0	185.0	129.0	49.0	22.0	59.0	132.0	64.0	118.0	46.0	86.0	58.0	63.0
rplo 66 (Bacteroidetes)	46.0	157.0	0.0	26.0	71.0	122.0	0.0	51.0	39.0	215.0	415.0	22.0	66.0	70.0	0.0	0.0	0.0	41.0	0.0
rplo 67 (Proteobacteria)	112.0	0.0	64.0	48.0	272.0	157.0	24.0	0.0	20.0	208.0	76.0	42.0	0.0	99.0	51.0	0.0	61.0	127.0	67.0
rplo 68 (Firmicutes)	0.0	0.0	0.0	0.0	0.0	0.0	0.0	0.0	0.0	0.0	0.0	93.0	0.0	0.0	0.0	165.0	68.0	1444.0	0.0
rplo 69 (Proteobacteria)	102.0	0.0	20.0	68.0	104.0	18.0	44.0	45.0	90.0	95.0	0.0	303.0	58.0	31.0	71.0	45.0	28.0	58.0	41.0
rplo 70 (Proteobacteria)	20.0	90.0	137.0	44.0	61.0	141.0	21.0	0.0	0.0	93.0	90.0	19.0	14.0	61.0	46.0	66.0	55.0	208.0	19.0
rplo 71 (Actinobacteria)	65.0	37.0	16.0	18.0	149.0	129.0	87.0	107.0	100.0	19.0	18.0	136.0	46.0	50.0	38.0	36.0	0.0	77.0	0.0
rplo 72 (Firmicutes)	0.0	0.0	0.0	0.0	0.0	0.0	0.0	0.0	39.0	0.0	0.0	429.0	0.0	0.0	0.0	72.0	0.0	83.0	1062.0
rplo 73 (Bacteroidetes)	0.0	0.0	63.0	0.0	0.0	0.0	24.0	0.0	0.0	0.0	604.0	0.0	0.0	0.0	26.0	0.0	0.0	0.0	200.0
rplo 74 (Proteobacteria)	18.0	21.0	90.0	61.0	130.0	32.0	0.0	0.0	0.0	21.0	21.0	17.0	509.0	56.0	85.0	0.0	48.0	35.0	73.0
rplo 75 (Acidobacteria)	691.0	23.0	0.0	0.0	352.0	0.0	22.0	0.0	36.0	0.0	0.0	38.0	0.0	31.0	0.0	225.0	56.0	0.0	0.0
rplo 76 (Firmicutes)	0.0	0.0	0.0	0.0	0.0	0.0	0.0	0.0	0.0	0.0	50.0	0.0	0.0	0.0	0.0	0.0	147.0	0.0	1461.0
rplo 77 (Proteobacteria)	17.0	77.0	50.0	76.0	17.0	45.0	110.0	0.0	0.0	80.0	19.0	48.0	24.0	26.0	355.0	0.0	47.0	97.0	153.0
rplo 78 (Actinobacteria)	79.0	132.0	117.0	88.0	20.0	17.0	84.0	44.0	103.0	23.0	22.0	19.0	28.0	60.0	46.0	0.0	0.0	38.0	0.0
rplo 79 (Actinobacteria)	21.0	0.0	62.0	0.0	43.0	0.0	202.0	116.0	55.0	98.0	0.0	98.0	180.0	64.0	0.0	0.0	230.0	120.0	0.0
rplo 8 (Acidobacteria)	275.0	93.0	2338.0	1081.0	84.0	72.0	117.0	60.0	168.0	383.0	0.0	126.0	294.0	125.0	32.0	61.0	38.0	206.0	0.0
rplo 80 (Actinobacteria)	19.0	43.0	19.0	63.0	19.0	67.0	102.0	42.0	150.0	111.0	21.0	159.0	162.0	0.0	22.0	63.0	0.0	108.0	19.0
rplo 81 (unknown)	37.0	20.0	718.0	41.0	19.0	16.0	59.0	20.0	32.0	86.0	0.0	119.0	13.0	28.0	42.0	0.0	50.0	0.0	37.0
rplo 82 (Actinobacteria)	44.0	0.0	22.0	49.0	90.0	39.0	47.0	0.0	19.0	0.0	0.0	0.0	63.0	235.0	125.0	0.0	0.0	63.0	22.0
rplo 83 (Acidobacteria)	60.0	68.0	138.0	178.0	41.0	53.0	64.0	0.0	0.0	0.0	68.0	19.0	0.0	0.0	23.0	0.0	0.0	0.0	20.0
rplo 84 (Proteobacteria)	19.0	83.0	0.0	83.0	58.0	83.0	41.0	84.0	34.0	89.0	43.0	72.0	68.0	58.0	42.0	21.0	52.0	54.0	73.0
rplo 85 (Cyanobacteria)	21.0	0.0	617.0	70.0	0.0	0.0	0.0	0.0	0.0	0.0	0.0	0.0	0.0	0.0	0.0	0.0	0.0	0.0	0.0
rplo 86 (Proteobacteria)	55.0	41.0	18.0	20.0	19.0	64.0	20.0	20.0	48.0	106.0	268.0	0.0	13.0	28.0	63.0	20.0	50.0	17.0	18.0
rplo 87 (Proteobacteria)	96.0	65.0	113.0	63.0	58.0	34.0	41.0	42.0	83.0	109.0	43.0	36.0	40.0	0.0	44.0	63.0	79.0	18.0	76.0
rplo 88 (Firmicutes)	0.0	0.0	0.0	0.0	0.0	0.0	0.0	0.0	0.0	0.0	0.0	0.0	0.0	0.0	0.0	0.0	0.0	1500.0	0.0
rplo 89 (Bacteroidetes)	196.0	197.0	64.0	24.0	0.0	226.0	0.0	167.0	0.0	76.0	0.0	0.0	0.0	33.0	50.0	0.0	0.0	0.0	0.0
rplo 9 (Proteobacteria)	415.0	170.0	275.0	206.0	440.0	181.0	320.0	186.0	99.0	109.0	106.0	280.0	27.0	86.0	87.0	83.0	438.0	71.0	37.0
rplo 90 (Proteobacteria)	98.0	23.0	59.0	155.0	59.0	67.0	128.0	43.0	0.0	46.0	0.0	36.0	29.0	0.0	23.0	0.0	27.0	19.0	20.0
rplo 91 (Actinobacteria)	22.0	125.0	22.0	73.0	45.0	96.0	118.0	73.0	19.0	51.0	50.0	82.0	16.0	34.0	0.0	73.0	0.0	42.0	0.0
rplo 92 (Proteobacteria)	78.0	45.0	39.0	65.0	100.0	52.0	0.0	43.0	35.0	23.0	0.0	37.0	56.0	120.0	46.0	22.0	54.0	0.0	98.0
rplo 93 (Proteobacteria)	40.0	134.0	58.0	44.0	20.0	17.0	63.0	43.0	17.0	229.0	66.0	0.0	14.0	30.0	228.0	0.0	27.0	94.0	0.0
rplo 94 (unknown)	59.0	45.0	18.0	22.0	141.0	70.0	106.0	42.0	35.0	69.0	0.0	74.0	56.0	30.0	0.0	131.0	0.0	75.0	20.0
rplo 95 (Proteobacteria)	113.0	25.0	22.0	75.0	23.0	20.0	0.0	49.0	20.0	52.0	25.0	41.0	32.0	34.0	52.0	672.0	0.0	0.0	22.0
rplo 96 (unknown)	61.0	69.0	20.0	0.0	41.0	71.0	65.0	267.0	53.0	141.0	23.0	38.0	216.0	62.0	23.0	0.0	28.0	19.0	20.0
rplo 97 (Firmicutes)	0.0	0.0	0.0	0.0	0.0	0.0	0.0	0.0	0.0	0.0	112.0	362.0	0.0	152.0	0.0	435.0	132.0	235.0	0.0
rplo 98 (Actinobacteria)	0.0	0.0	15.0	0.0	29.0	25.0	50.0	170.0	203.0	72.0	0.0	129.0	220.0	24.0	18.0	51.0	21.0	59.0	15.0
rplo 99 (Cyanobacteria)	0.0	25.0	43.0	48.0	0.0	38.0	68.0	0.0	0.0	51.0	98.0	0.0	0.0	66.0	200.0	24.0	0.0	62.0	65.0