1.010348796844482422e-01 2.148821353912353516e-01 4.459370672702789307e-01
1.518141627311706543e+00 7.644781470298767090e-01 9.674562811851501465e-01
-2.866051793098449707e-01 7.225593179464340210e-02 8.057864308357238770e-01
5.426532626152038574e-01 1.003808736801147461e+00 4.397503733634948730e-01
-6.723999381065368652e-01 9.977180361747741699e-01 4.743058383464813232e-01
1.867213249206542969e-01 3.728819489479064941e-01 9.829741716384887695e-02
-3.255869150161743164e-01 -6.130876541137695312e-01 2.208476781845092773e+00
2.649547159671783447e-01 5.575580000877380371e-01 6.989332437515258789e-01
-1.185897707939147949e+00 -1.047466516494750977e+00 -2.326903104782104492e+00
8.591749072074890137e-01 -3.136607706546783447e-01 1.710292994976043701e-01
3.101196765899658203e+00 4.810205996036529541e-01 1.280952572822570801e+00
2.747799873352050781e+00 2.843016758561134338e-02 1.993416309356689453e+00
1.714409708976745605e+00 -1.017228007316589355e+00 2.546884536743164062e+00
8.520461916923522949e-01 -1.550513625144958496e+00 -5.432645678520202637e-01
-4.447874724864959717e-01 1.521313905715942383e+00 1.463667035102844238e+00
5.490090325474739075e-02 -2.757052481174468994e-01 -1.445146441459655762e+00
-1.238423228263854980e+00 -2.839201927185058594e+00 -1.532808423042297363e+00
1.951614737510681152e+00 -4.780755639076232910e-01 1.981062054634094238e+00
1.906175851821899414e+00 9.946563094854354858e-02 1.319281578063964844e+00
1.196814894676208496e+00 5.419415235519409180e-01 -8.553932309150695801e-01
7.590432167053222656e-01 1.074387907981872559e+00 1.455471634864807129e+00
-3.077424168586730957e-01 2.540145516395568848e-01 1.202681064605712891e+00
3.166984796524047852e+00 6.544601321220397949e-01 8.294917345046997070e-01
2.115290403366088867e+00 6.914670467376708984e-01 1.782294631004333496e+00
1.950460553169250488e+00 8.683181405067443848e-01 1.863780617713928223e+00
2.019682884216308594e+00 -6.576225161552429199e-02 1.264197826385498047e+00
1.097959637641906738e+00 1.185847520828247070e+00 8.465470075607299805e-01
1.400809288024902344e-01 1.397920131683349609e+00 -6.080152988433837891e-01
-2.321938276290893555e+00 9.736923873424530029e-02 -1.489548683166503906e+00
6.195656061172485352e-01 -1.974236518144607544e-01 1.197121262550354004e+00
-5.844263434410095215e-01 7.947214841842651367e-01 3.238069713115692139e-01
1.065567970275878906e+00 6.601026654243469238e-01 1.740859985351562500e+00
7.685582637786865234e-01 -4.079802930355072021e-01 8.998542428016662598e-01
-3.003394603729248047e-01 -1.533972024917602539e+00 1.300220370292663574e+00
-1.620131134986877441e+00 3.955992460250854492e-01 -6.611682474613189697e-02
1.693549036979675293e+00 1.097207963466644287e-01 -1.635629385709762573e-01
4.840982258319854736e-01 6.017614603042602539e-01 9.724922776222229004e-01
2.688499927520751953e+00 5.377640128135681152e-01 1.254687309265136719e-01
1.567439913749694824e+00 4.444948434829711914e-01 1.155926465988159180e+00
-1.747091859579086304e-01 4.328483045101165771e-01 1.750277757644653320e+00
1.765312075614929199e+00 2.055106878280639648e+00 -1.051741242408752441e+00
1.636029362678527832e+00 1.276820600032806396e-01 8.019601553678512573e-02
1.579307317733764648e-01 7.681615352630615234e-01 1.228429317474365234e+00
-8.070657849311828613e-01 1.758296728134155273e+00 8.150374293327331543e-01
-3.685641288757324219e-01 -1.070750802755355835e-01 -1.171934366226196289e+00
-4.830836951732635498e-01 3.586310148239135742e-01 2.104940652847290039e+00
1.259684115648269653e-01 2.633350789546966553e-01 1.401778310537338257e-01
2.280643582344055176e-01 4.881285130977630615e-01 1.158910840749740601e-01
1.130951285362243652e+00 -9.984443783760070801e-01 1.224273204803466797e+00
6.381129622459411621e-01 -4.385266602039337158e-01 6.879589557647705078e-01
1.629218101501464844e+00 -7.488736510276794434e-01 -1.256127238273620605e+00
-1.587791144847869873e-01 6.034623384475708008e-01 -2.977278530597686768e-01
-1.575125575065612793e+00 3.967677354812622070e-01 -6.206616759300231934e-01
-6.722427159547805786e-02 -2.091695547103881836e+00 -5.923857092857360840e-01
1.967452287673950195e+00 -6.419274806976318359e-01 -1.028563022613525391e+00
6.517780572175979614e-02 -2.484995722770690918e-01 -5.704985857009887695e-01
1.335602045059204102e+00 -2.830305993556976318e-01 4.049607813358306885e-01
-1.788681864738464355e+00 -3.930159509181976318e-01 -8.880184292793273926e-01
5.691072940826416016e-01 -7.083146572113037109e-01 1.544891446828842163e-01
5.983308553695678711e-01 -7.663047313690185547e-01 1.849979162216186523e-01
5.970153808593750000e-01 -7.977066636085510254e-01 1.903671622276306152e-01
8.552417755126953125e-01 -9.457204937934875488e-01 -3.476502001285552979e-01
9.109035730361938477e-01 -1.055633306503295898e+00 -2.747086584568023682e-01
1.425281524658203125e+00 -2.444014698266983032e-02 4.883257746696472168e-01
1.619270324707031250e+00 -3.273861408233642578e-01 1.215216755867004395e+00
1.649955272674560547e+00 -2.334218025207519531e-01 1.094403028488159180e+00
1.663440823554992676e+00 -3.905408680438995361e-01 1.069366216659545898e+00
-6.449646949768066406e-01 9.139300137758255005e-02 1.964681863784790039e+00
1.142429113388061523e+00 -6.072663143277168274e-02 2.144548296928405762e-01
1.669526934623718262e+00 7.088755369186401367e-01 4.429920613765716553e-01
2.303453683853149414e+00 1.148231506347656250e+00 -1.395532488822937012e-01
1.236334919929504395e+00 -6.462047994136810303e-02 8.807624578475952148e-01
4.099746346473693848e-01 1.414590597152709961e+00 1.633489251136779785e+00
8.636890053749084473e-01 1.558436751365661621e-01 1.025055050849914551e+00
1.342677712440490723e+00 -6.732340455055236816e-01 5.075517296791076660e-01
1.681949853897094727e+00 -3.570660948753356934e-01 1.493697404861450195e+00
1.595187425613403320e+00 5.814564973115921021e-02 1.345993638038635254e+00
-2.564798593521118164e-01 7.609707117080688477e-01 6.290839910507202148e-01
5.506001710891723633e-01 1.254329442977905273e+00 1.805578768253326416e-01
1.109131336212158203e+00 -1.590181589126586914e-01 -6.489590406417846680e-01
3.386776208877563477e+00 6.485235691070556641e-01 1.858487606048583984e+00
3.374408006668090820e+00 6.383226513862609863e-01 1.842543840408325195e+00
1.057478427886962891e+00 5.470631718635559082e-01 5.795031189918518066e-01
1.859488964080810547e+00 -4.225805774331092834e-02 1.543522179126739502e-01
2.636307954788208008e+00 2.510908544063568115e-01 1.487474083900451660e+00
2.380687713623046875e+00 3.297787010669708252e-01 1.904204487800598145e+00
1.850955963134765625e+00 -1.405788660049438477e+00 -1.707706451416015625e+00
9.286510348320007324e-01 -3.092972636222839355e-01 5.926431342959403992e-02
9.485305547714233398e-01 -1.084910035133361816e+00 1.267729520797729492e+00
-8.721048235893249512e-01 -6.979134678840637207e-01 3.784499764442443848e-01
8.952779769897460938e-01 -6.388594508171081543e-01 1.674948811531066895e+00
8.758472204208374023e-01 -2.626972794532775879e-01 1.259887099266052246e+00
1.256134986877441406e+00 -6.205354332923889160e-01 -4.942933320999145508e-01
8.926817215979099274e-03 2.570790052413940430e-02 -9.122564196586608887e-01
1.911384463310241699e+00 -4.764777421951293945e-01 3.873229622840881348e-01
-9.125061333179473877e-02 -2.386044412851333618e-01 6.121829152107238770e-01
9.793794155120849609e-01 1.404736876487731934e+00 4.714138209819793701e-01
1.292578339576721191e+00 6.544232368469238281e-01 1.210513591766357422e+00
2.615091085433959961e+00 1.702597364783287048e-02 2.941740989685058594e+00
3.276354789733886719e+00 -3.743830919265747070e-01 1.747919082641601562e+00
2.845312833786010742e+00 5.703869462013244629e-01 1.345235109329223633e+00
2.680348396301269531e+00 9.971541911363601685e-02 1.904466032981872559e+00
9.814755320549011230e-01 1.482119560241699219e+00 -4.037411212921142578e-01
1.018963932991027832e+00 1.425752758979797363e+00 -3.210889697074890137e-01
7.011644840240478516e-01 -8.225130289793014526e-02 1.434986829757690430e+00
4.520550072193145752e-01 -2.721609771251678467e-01 1.954621911048889160e+00
1.086685180664062500e+00 -3.552776575088500977e-01 1.395053505897521973e+00
9.015219211578369141e-01 -1.084864512085914612e-02 9.637683629989624023e-01
2.602113246917724609e+00 7.137033343315124512e-01 1.951066255569458008e+00
2.694049119949340820e+00 -8.348512053489685059e-01 -6.027196049690246582e-01
2.154767274856567383e+00 -1.647477030754089355e+00 2.182097360491752625e-02
1.467909097671508789e+00 -3.507091403007507324e-01 1.396919488906860352e+00
1.103408098220825195e+00 -2.817638218402862549e-01 1.986194491386413574e+00
6.724014282226562500e-01 8.697659373283386230e-01 4.121338725090026855e-01
1.434069514274597168e+00 -2.264938876032829285e-02 2.441609352827072144e-01
2.253257669508457184e-02 5.507510900497436523e-01 1.465513467788696289e+00
8.584223985671997070e-01 8.359686732292175293e-01 3.773838877677917480e-01
3.763815760612487793e-01 -4.072546660900115967e-01 1.809009432792663574e+00
8.856424689292907715e-01 1.077459603548049927e-01 2.140697956085205078e+00
1.506211876869201660e+00 1.443345993757247925e-01 1.441054344177246094e+00
1.468331813812255859e+00 2.797479033470153809e-01 1.372143745422363281e+00
-3.161204159259796143e-01 6.438368558883666992e-01 3.477686643600463867e-01
5.238540768623352051e-01 8.641892075538635254e-01 6.531885862350463867e-01
-8.135874867439270020e-01 6.592837572097778320e-01 1.016684398055076599e-01
9.449360966682434082e-01 1.128716707229614258e+00 1.228909015655517578e+00
1.774996876716613770e+00 1.686312705278396606e-01 1.304180264472961426e+00
1.061963081359863281e+00 7.120270133018493652e-01 1.899800539016723633e+00
1.172687172889709473e+00 4.972585737705230713e-01 1.735210895538330078e+00
4.009715020656585693e-01 -5.572059154510498047e-01 3.018957674503326416e-01
8.097880482673645020e-01 -5.698692202568054199e-01 1.183844566345214844e+00
1.381727576255798340e+00 4.405853450298309326e-01 1.594199299812316895e+00
1.651038646697998047e+00 -3.196659088134765625e-01 7.791610956192016602e-01
1.932567507028579712e-01 1.658182144165039062e+00 3.918777108192443848e-01
6.208566427230834961e-01 5.645905137062072754e-01 3.355475962162017822e-01
2.880937755107879639e-01 -4.824823439121246338e-01 -1.561826318502426147e-01
7.036080956459045410e-01 9.074329733848571777e-01 3.792378008365631104e-01
2.595942616462707520e-01 1.067583441734313965e+00 9.301052689552307129e-01
4.463382661342620850e-01 4.466222524642944336e-01 8.922758698463439941e-01
1.826812028884887695e+00 -4.881534278392791748e-01 1.817452192306518555e+00
1.077256917953491211e+00 2.585648298263549805e-01 2.425337135791778564e-01
-7.458421587944030762e-01 9.724137783050537109e-01 8.300952315330505371e-01
1.026229977607727051e+00 -4.908704459667205811e-01 1.126196146011352539e+00
6.396375298500061035e-01 2.109520882368087769e-01 1.226311802864074707e+00
3.555453121662139893e-01 -2.588005959987640381e-01 1.010500192642211914e+00
-1.345250368118286133e+00 -1.324542164802551270e+00 7.836910486221313477e-01
9.832426309585571289e-01 7.035442441701889038e-02 -3.673738837242126465e-01
4.560211598873138428e-01 -5.242909193038940430e-01 2.317673206329345703e+00
2.449002116918563843e-01 -3.367410004138946533e-01 1.629101991653442383e+00
1.628119647502899170e-01 9.270316958427429199e-01 1.098046228289604187e-01
4.332129657268524170e-01 -7.358789443969726562e-01 6.898838877677917480e-01
1.579884998500347137e-02 -1.080413386225700378e-01 8.508112430572509766e-01
1.071017265319824219e+00 4.772014617919921875e-01 4.015319794416427612e-02
1.231929510831832886e-01 -2.549984157085418701e-01 -5.480554699897766113e-01
4.898791015148162842e-02 1.195852518081665039e+00 3.053244113922119141e+00
1.811854839324951172e+00 1.609068751335144043e+00 -1.061975806951522827e-01
-1.225104570388793945e+00 4.484672546386718750e-01 -1.174832105636596680e+00
-1.968818306922912598e+00 3.833168148994445801e-01 -5.010449886322021484e-01
-7.601029276847839355e-01 -1.660939931869506836e+00 2.756881117820739746e-01
9.324117302894592285e-01 1.528677716851234436e-02 2.355154991149902344e+00
2.045193314552307129e-01 1.033484458923339844e+00 3.391394615173339844e+00
8.626961112022399902e-01 2.025676667690277100e-01 1.828704476356506348e-01
-4.789436236023902893e-02 1.391822218894958496e+00 3.127464652061462402e-01
-4.443903863430023193e-01 -6.509227156639099121e-01 8.376212120056152344e-01
-2.435222268104553223e-01 -8.407394886016845703e-01 1.241757035255432129e+00
6.071189418435096741e-02 -7.312067598104476929e-02 9.865632653236389160e-01
-8.654221892356872559e-02 2.623622715473175049e-01 -1.696854114532470703e+00
9.387603402137756348e-01 8.386456966400146484e-01 4.865595996379852295e-01
9.107223153114318848e-01 -1.695231050252914429e-01 9.874620437622070312e-01
5.782045125961303711e-01 1.251881241798400879e+00 4.762534201145172119e-01
5.037251710891723633e-01 3.161116242408752441e-01 9.488208889961242676e-01
1.483768701553344727e+00 4.124444127082824707e-01 -8.778585791587829590e-01
1.992165684700012207e+00 -2.194068729877471924e-01 -1.534417986869812012e+00
-1.359480991959571838e-02 9.414046406745910645e-01 1.242644906044006348e+00
6.744745969772338867e-01 6.725831627845764160e-01 5.747036933898925781e-01
1.566061496734619141e+00 1.507533073425292969e+00 1.404011249542236328e+00
1.602745890617370605e+00 1.338897347450256348e+00 1.448155522346496582e+00
-5.453726053237915039e-01 6.591566205024719238e-01 -3.992166221141815186e-01
2.815221548080444336e-01 -5.377393364906311035e-01 -3.238035738468170166e-01
2.021154880523681641e+00 8.548101782798767090e-01 1.418894082307815552e-01
1.557538032531738281e+00 1.603691726922988892e-01 1.336755394935607910e+00
-1.438012067228555679e-02 2.939804829657077789e-02 1.696827054023742676e+00
-1.102548241615295410e+00 7.578228712081909180e-01 -1.481878310441970825e-01
5.647122263908386230e-01 6.025940179824829102e-01 4.496261775493621826e-01
6.015161275863647461e-01 3.721755146980285645e-01 2.036636590957641602e+00
1.165657043457031250e+00 -5.818650126457214355e-01 1.262770533561706543e+00
1.681211829185485840e+00 2.144739627838134766e-01 2.759179174900054932e-01
2.902039051055908203e+00 5.920951366424560547e-01 1.170011639595031738e+00
1.751763224601745605e+00 9.959542155265808105e-01 2.061026096343994141e+00
-7.195286750793457031e-01 1.734147906303405762e+00 6.103151440620422363e-01
7.937476038932800293e-01 1.692859530448913574e+00 4.326497912406921387e-01
2.349846065044403076e-01 4.450268149375915527e-01 1.164371848106384277e+00
8.181205987930297852e-01 -3.421519398689270020e-01 9.051811695098876953e-01
2.548686563968658447e-01 2.919109463691711426e-01 1.268265843391418457e-01
6.553333997726440430e-01 7.883310317993164062e-01 -1.387179851531982422e+00
5.590431094169616699e-01 7.246141433715820312e-01 2.715888619422912598e-01
-5.184325203299522400e-02 9.075335264205932617e-01 1.794798731803894043e+00
2.193742990493774414e+00 -1.356024295091629028e-01 1.155149340629577637e+00
1.302251935005187988e+00 6.904871463775634766e-01 4.541094899177551270e-01
2.054423093795776367e-01 8.463903665542602539e-01 1.668027520179748535e+00
1.045662403106689453e+00 7.912438511848449707e-01 -9.298831224441528320e-01
6.872654557228088379e-01 7.516658902168273926e-01 1.449283480644226074e+00
-1.352055668830871582e+00 6.229935288429260254e-01 -9.220498204231262207e-01
-4.357412457466125488e-01 8.917444199323654175e-02 3.053021132946014404e-01
-6.251011043787002563e-02 -1.853808946907520294e-02 -1.388995051383972168e+00
1.962391734123229980e+00 -1.231572985649108887e+00 6.354737281799316406e-01
1.190181255340576172e+00 2.557148598134517670e-02 5.972530245780944824e-01
1.342651486396789551e+00 1.055282473564147949e+00 5.613353252410888672e-01
1.411147415637969971e-01 1.670846492052078247e-01 -1.027794361114501953e+00
9.626792073249816895e-01 2.694400250911712646e-01 1.166862487792968750e+00
-3.451987802982330322e-01 -4.481302946805953979e-02 2.188453674316406250e+00
8.653668686747550964e-03 3.022987842559814453e-01 -8.537278771400451660e-01
-7.107506394386291504e-01 -3.604162633419036865e-01 1.749234318733215332e+00
-1.442049145698547363e-01 3.011503517627716064e-01 -6.158210039138793945e-01
-9.451153278350830078e-01 -9.286291003227233887e-01 2.264139175415039062e+00
1.526833534240722656e+00 -5.061778426170349121e-01 -1.166406273841857910e-01
-6.277675628662109375e-01 2.223761677742004395e-01 3.349796533584594727e-01
9.846797585487365723e-01 1.976661562919616699e+00 -9.302933514118194580e-02
-2.373576350510120392e-02 7.473328709602355957e-01 9.498793482780456543e-01
-7.436243295669555664e-01 1.163552761077880859e+00 2.340797930955886841e-01
6.981052756309509277e-01 4.486097693443298340e-01 5.681140422821044922e-01
2.109992980957031250e+00 -5.563182756304740906e-02 9.908295869827270508e-01
1.092957615852355957e+00 -8.445613980293273926e-01 1.522994875907897949e+00
3.588256537914276123e-01 -1.286921501159667969e+00 2.349740862846374512e-01
1.642861366271972656e+00 1.431169211864471436e-01 1.628726869821548462e-01
1.683536410331726074e+00 -2.679232358932495117e-01 2.520823776721954346e-01
2.251016139984130859e+00 1.630259305238723755e-01 1.251403689384460449e+00
2.835122108459472656e+00 2.269231319427490234e+00 -4.986889660358428955e-02
-6.051008105278015137e-01 -8.612758517265319824e-01 1.118009924888610840e+00
1.179273128509521484e+00 6.255022883415222168e-01 -1.413130998611450195e+00
-1.703846007585525513e-01 7.421001791954040527e-01 1.478327035903930664e+00
1.000826001167297363e+00 4.254240095615386963e-01 6.791039109230041504e-01
4.136911928653717041e-01 -1.445968508720397949e+00 -1.031732797622680664e+00
2.171274662017822266e+00 -1.005070567131042480e+00 2.025698184967041016e+00
1.610487699508666992e+00 1.255103349685668945e+00 1.714231491088867188e+00
-2.329589873552322388e-01 -1.339368581771850586e+00 1.520269036293029785e+00
1.787121534347534180e+00 -1.807616651058197021e-01 7.945834994316101074e-01
1.497871994972229004e+00 -2.585674524307250977e-01 5.254012942314147949e-01
6.520269513130187988e-01 3.442176878452301025e-01 5.297691226005554199e-01
1.568240761756896973e+00 4.613807499408721924e-01 3.935560584068298340e-01
-5.725537538528442383e-01 5.569696053862571716e-02 1.152757406234741211e+00
1.353073477745056152e+00 -2.956565618515014648e-01 1.439896345138549805e+00
3.046444654464721680e-01 -4.615803062915802002e-01 1.234976172447204590e+00
1.119407296180725098e+00 1.700024008750915527e+00 -1.880506426095962524e-01
-3.846971988677978516e-01 -4.188727736473083496e-01 1.264605969190597534e-01
-1.052526235580444336e-01 -4.940037429332733154e-01 -2.624243199825286865e-01
5.386661887168884277e-01 5.656637549400329590e-01 1.554940819740295410e+00
-9.639692306518554688e-01 1.244757294654846191e+00 6.093344688415527344e-01
-1.096995353698730469e+00 -8.405917324125766754e-03 6.206836700439453125e-01
3.923929631710052490e-01 -8.098006248474121094e-01 1.806049823760986328e+00
9.535633921623229980e-01 -1.079622745513916016e+00 1.605042576789855957e+00
-7.964382171630859375e-01 7.669137716293334961e-01 -3.237890005111694336e-01
-3.227950632572174072e-01 1.502648472785949707e+00 7.197012305259704590e-01
7.042871713638305664e-01 1.212004661560058594e+00 -2.696530818939208984e-01
5.949583053588867188e-01 1.404459476470947266e-01 -1.883243769407272339e-01
2.964869141578674316e-01 1.095914393663406372e-01 9.441878199577331543e-01
7.599373459815979004e-01 -5.426433086395263672e-01 1.529594421386718750e+00
-5.425080060958862305e-01 -3.084945380687713623e-01 -1.398083806037902832e+00
1.968213170766830444e-01 6.126796603202819824e-01 1.828196883201599121e+00
1.690404862165451050e-01 -3.435436785221099854e-01 2.624394893646240234e-01
-1.040464043617248535e+00 2.808874249458312988e-01 -6.889706850051879883e-02
6.399570107460021973e-01 -5.559824109077453613e-01 -9.397296905517578125e-01
8.726983070373535156e-01 -1.664867065846920013e-02 4.314593076705932617e-01
8.455089926719665527e-01 6.578199267387390137e-01 6.554371118545532227e-01
8.834127783775329590e-01 -2.156971096992492676e-01 1.996238827705383301e+00
-1.608515381813049316e-01 4.188985526561737061e-01 -1.560103058815002441e+00
-2.327212989330291748e-01 -2.987618446350097656e-01 -1.018337011337280273e+00
4.422110319137573242e-01 2.097004890441894531e+00 -1.855855464935302734e+00
1.987709045410156250e+00 7.235415577888488770e-01 1.101955175399780273e+00
1.962686181068420410e+00 7.011954784393310547e-01 1.066364765167236328e+00
1.709909319877624512e+00 6.783836483955383301e-01 9.143254756927490234e-01
2.694680929183959961e+00 2.102921307086944580e-01 5.472974181175231934e-01
1.356355667114257812e+00 7.985388487577438354e-02 -6.078788042068481445e-01
1.158625245094299316e+00 -1.706558018922805786e-01 5.032477974891662598e-01
2.316295385360717773e+00 -6.098585724830627441e-01 3.177910447120666504e-01
9.224654436111450195e-01 3.086137026548385620e-02 -2.113466113805770874e-01
2.169499874114990234e+00 1.051002025604248047e+00 1.341555476188659668e+00
1.984286665916442871e+00 1.209951758384704590e+00 1.628884911537170410e+00
1.494287371635437012e+00 1.173955082893371582e+00 2.380794525146484375e+00
2.489605188369750977e+00 3.037430644035339355e-01 1.751915454864501953e+00
1.221452116966247559e+00 8.921164274215698242e-02 5.970009565353393555e-01
-1.088318824768066406e-01 -6.466025710105895996e-01 8.860950469970703125e-01
-1.086324304342269897e-01 8.125010728836059570e-01 1.431545734405517578e+00
-8.416033387184143066e-01 1.036705017089843750e+00 5.551545023918151855e-01
2.949094533920288086e+00 5.296159982681274414e-01 3.775020539760589600e-01
1.921784877777099609e+00 -3.470187783241271973e-01 -6.611108034849166870e-02
3.870857656002044678e-01 -4.817076921463012695e-01 4.320442676544189453e-01
1.776421308517456055e+00 -1.226336359977722168e+00 -7.897444367408752441e-01
4.985986649990081787e-01 1.804369091987609863e+00 -1.395507812500000000e+00
2.343563318252563477e+00 2.817506790161132812e-01 1.579981565475463867e+00
1.908754229545593262e+00 6.254856125451624393e-04 6.706900000572204590e-01
1.095142245292663574e+00 -8.683453798294067383e-01 2.961824238300323486e-01
1.784483909606933594e+00 -2.585577964782714844e-01 7.706342935562133789e-01
-7.132302522659301758e-01 -1.204152684658765793e-02 1.450965285301208496e+00
1.821594715118408203e+00 1.863501220941543579e-01 1.574253797531127930e+00
2.303805589675903320e+00 -5.057242512702941895e-01 1.409985542297363281e+00
1.951957941055297852e+00 2.071600556373596191e-01 -3.506196439266204834e-01
2.332363724708557129e-01 1.320418238639831543e+00 1.750477313995361328e+00
2.719510793685913086e+00 5.671766996383666992e-01 2.871570587158203125e-01
2.401049613952636719e+00 1.535276472568511963e-01 9.924690723419189453e-01
1.970282554626464844e+00 8.453545570373535156e-01 -3.992606401443481445e-01
2.866497933864593506e-01 2.428577095270156860e-01 8.930417895317077637e-01
4.979225695133209229e-01 5.231084823608398438e-01 1.482055425643920898e+00
7.836822271347045898e-01 9.458293914794921875e-01 6.406986117362976074e-01
1.316683053970336914e+00 -1.254591107368469238e+00 -2.652452290058135986e-01
3.046823740005493164e-01 -9.251642227172851562e-01 1.924761176109313965e+00
9.809877872467041016e-01 5.804336667060852051e-01 9.063818454742431641e-01
-1.035615324974060059e+00 9.571442008018493652e-01 6.275596618652343750e-01
-4.790993928909301758e-01 4.238916039466857910e-01 6.617089509963989258e-01
4.083422720432281494e-01 -6.855054497718811035e-01 1.167243242263793945e+00
1.374025821685791016e+00 -5.171960964798927307e-02 5.579571723937988281e-01
1.456462979316711426e+00 -4.669201374053955078e-01 1.646036982536315918e+00
2.648119211196899414e+00 1.697788685560226440e-01 -1.132529899477958679e-01
2.830113843083381653e-02 5.320974588394165039e-01 1.245663881301879883e+00
8.968921303749084473e-01 -4.569428414106369019e-02 -3.719475492835044861e-02
1.196726560592651367e+00 3.790996074676513672e-01 7.094928622245788574e-01
9.038777351379394531e-01 -1.811488270759582520e-01 1.013602375984191895e+00
4.451139569282531738e-01 -1.935877501964569092e-01 1.411156058311462402e+00
1.613592147827148438e+00 2.322176843881607056e-01 1.921688914299011230e+00
1.483733415603637695e+00 -1.004263043403625488e+00 1.590252399444580078e+00
1.806337714195251465e+00 3.656899631023406982e-01 -4.936681985855102539e-01
-9.553621411323547363e-01 -1.876607179641723633e+00 -5.815020799636840820e-01
-4.657103121280670166e-01 1.828708529472351074e+00 -2.224069833755493164e+00
9.535138010978698730e-01 6.737459897994995117e-01 3.076498955488204956e-02
2.780455589294433594e+00 -6.597229242324829102e-01 5.047609806060791016e-01
1.215537786483764648e+00 2.499856650829315186e-01 9.543422460556030273e-01
7.743331193923950195e-01 4.914840310811996460e-02 1.400004386901855469e+00
1.509241342544555664e+00 -1.295717358589172363e+00 -2.688727378845214844e-01
7.627354264259338379e-01 -2.948450148105621338e-01 -1.896376132965087891e+00
1.090205669403076172e+00 6.797599792480468750e-01 1.304293036460876465e+00
3.569320142269134521e-01 2.550833225250244141e-01 -5.068268179893493652e-01
4.375863075256347656e-02 -5.912648439407348633e-01 -8.997948765754699707e-01
1.001058220863342285e+00 -5.269424915313720703e-01 5.677942633628845215e-01
1.607557654380798340e+00 -1.571309447288513184e+00 1.917816996574401855e-01
3.955280780792236328e-01 -8.068937659263610840e-01 1.167847752571105957e+00
6.545265316963195801e-01 -4.384784102439880371e-01 1.177329897880554199e+00
7.487576603889465332e-01 2.350260913372039795e-01 4.279884994029998779e-01
4.080463349819183350e-01 -1.048908196389675140e-02 -8.412157297134399414e-01
1.262021183967590332e+00 1.646633386611938477e+00 1.477200865745544434e+00
-2.186335623264312744e-01 9.499839544296264648e-01 -2.338603496551513672e+00
7.583832740783691406e-01 1.119017004966735840e+00 2.980925142765045166e-01
3.109527826309204102e+00 -2.225937545299530029e-01 7.395039200782775879e-01
6.965782642364501953e-01 7.821082472801208496e-01 1.275619387626647949e+00
-1.236738339066505432e-01 1.328814744949340820e+00 5.696342587471008301e-01
3.234595537185668945e+00 -2.370002716779708862e-01 4.747757017612457275e-01
2.890124559402465820e+00 -2.087630182504653931e-01 6.624793410301208496e-01
2.128726959228515625e+00 2.229148000478744507e-01 1.924515604972839355e+00
1.970753312110900879e+00 6.698474287986755371e-01 1.706834077835083008e+00
2.824557423591613770e-01 7.959986329078674316e-01 9.799920916557312012e-01
2.308428049087524414e+00 -1.040482595562934875e-01 -5.887462496757507324e-01
8.984076380729675293e-01 -3.930276036262512207e-01 1.358701825141906738e+00
1.710303664207458496e+00 1.387624979019165039e+00 3.433521687984466553e-01
1.968452095985412598e+00 2.724580466747283936e-01 -1.771733164787292480e-01
-2.676249295473098755e-02 3.908984661102294922e-01 1.455115079879760742e+00
6.503148078918457031e-01 7.023958116769790649e-02 8.295142054557800293e-01
1.707695603370666504e+00 -1.353535354137420654e-01 -9.571413993835449219e-01
6.618260145187377930e-01 7.103192806243896484e-01 2.830711364746093750e+00
2.355020761489868164e+00 3.444327712059020996e-01 1.302374005317687988e+00
-8.433717489242553711e-01 3.240534663200378418e-01 -6.016931496560573578e-03
-2.450302392244338989e-01 1.276429444551467896e-01 5.400535464286804199e-01
1.426321148872375488e+00 8.241490721702575684e-01 1.053092718124389648e+00
1.593384385108947754e+00 7.821954488754272461e-01 -2.135752737522125244e-01
-7.603900432586669922e-01 -2.475589275360107422e+00 -8.355602025985717773e-01
-7.529612183570861816e-01 4.179718196392059326e-01 -1.559800267219543457e+00
1.566972613334655762e+00 6.699803471565246582e-01 1.923629492521286011e-01
-9.526163339614868164e-02 1.461830496788024902e+00 9.427025914192199707e-01
6.378628015518188477e-01 5.855938196182250977e-01 -2.352644130587577820e-02
1.282753143459558487e-02 -5.880684256553649902e-01 7.764365673065185547e-01
-4.593873322010040283e-01 4.444507956504821777e-01 7.470322847366333008e-01
1.510280489921569824e+00 8.154799938201904297e-01 4.469335675239562988e-01
1.536641716957092285e+00 8.156663179397583008e-01 5.402521491050720215e-01
1.577393293380737305e+00 6.475552916526794434e-01 7.403964996337890625e-01
2.253769874572753906e+00 6.516156196594238281e-01 1.411393165588378906e+00
1.409924030303955078e+00 1.694787859916687012e+00 1.404131770133972168e+00
5.849899053573608398e-01 8.767303824424743652e-01 7.987840175628662109e-01
2.498959302902221680e-01 1.227419674396514893e-01 2.583908103406429291e-02
4.143651425838470459e-01 1.975919246673583984e+00 4.236419796943664551e-01
6.831631660461425781e-01 -6.540224552154541016e-01 8.624801039695739746e-02
8.344225287437438965e-01 1.039785146713256836e+00 1.380358695983886719e+00
-1.434913724660873413e-01 -6.778789758682250977e-01 7.460836172103881836e-01
-2.972098290920257568e-01 -5.259633064270019531e-01 -5.679543018341064453e-01
1.242824673652648926e+00 3.379321694374084473e-01 1.325492858886718750e+00
1.638083696365356445e+00 -3.406500518321990967e-01 1.887049794197082520e+00
3.078939020633697510e-01 1.073835492134094238e+00 2.581972479820251465e-01
3.059314489364624023e-01 2.253749072551727295e-01 4.686243236064910889e-01
1.410210967063903809e+00 6.707512587308883667e-02 8.423898816108703613e-01
1.600389242172241211e+00 4.755861759185791016e-01 -6.500168889760971069e-02
4.700322151184082031e-01 3.583083152770996094e-01 2.043727971613407135e-02
1.329542756080627441e+00 -3.828977048397064209e-01 7.535380125045776367e-01
2.543215274810791016e+00 1.070745110511779785e+00 1.027398824691772461e+00
-1.164970397949218750e+00 2.574789285659790039e+00 -1.180239319801330566e+00
-5.956426262855529785e-01 9.098531007766723633e-01 1.212707638740539551e+00
2.334875583648681641e+00 1.059304118156433105e+00 1.312874555587768555e+00
9.128581285476684570e-01 -4.013250395655632019e-02 1.735727906227111816e+00
9.473288059234619141e-01 4.934173226356506348e-01 5.143462419509887695e-01
1.814815700054168701e-01 1.475508689880371094e+00 1.628362536430358887e+00
-1.566009283065795898e+00 -2.623162567615509033e-01 -1.220596581697463989e-01
-3.996079862117767334e-01 8.207187652587890625e-01 2.836546301841735840e-01
-1.449803411960601807e-01 1.119149804115295410e+00 1.341210603713989258e+00
-1.292424201965332031e-01 7.557215094566345215e-01 1.161071538925170898e+00
1.163403630256652832e+00 -1.882802724838256836e+00 1.094329953193664551e+00
1.655275583267211914e+00 -1.007778882980346680e+00 2.694844603538513184e-01
7.409956455230712891e-01 -1.381295800209045410e+00 8.279524445533752441e-01
1.300076842308044434e+00 5.979284048080444336e-01 -1.141354560852050781e+00
8.571730926632881165e-03 8.230658173561096191e-01 -5.467154458165168762e-02
-2.571147382259368896e-01 -6.495978236198425293e-01 1.342013239860534668e+00
-9.693487882614135742e-01 6.533613204956054688e-01 -1.659877538681030273e+00
-3.611631989479064941e-01 -6.743365526199340820e-01 1.774127721786499023e+00
9.763783812522888184e-01 -1.284108400344848633e+00 5.663465857505798340e-01
-6.423037648200988770e-01 -3.811977803707122803e-01 1.416781306266784668e+00
2.294725179672241211e-01 -9.598671197891235352e-01 -2.209176540374755859e+00
1.048060894012451172e+00 2.856222689151763916e-01 4.526645061559975147e-04
1.205198764801025391e+00 -4.515728056430816650e-01 8.022463917732238770e-01
2.912784576416015625e+00 2.213340520858764648e+00 1.002123475074768066e+00
-4.173200130462646484e-01 -1.425524115562438965e+00 2.248152792453765869e-01
-1.619926989078521729e-01 6.920884251594543457e-01 -5.689421296119689941e-01
-3.838763758540153503e-02 1.990162611007690430e+00 -8.997328877449035645e-01
-5.226817727088928223e-01 -1.346728205680847168e+00 9.156446158885955811e-02
5.597950890660285950e-02 -1.657095789909362793e+00 3.579756617546081543e-02
5.204932689666748047e-01 7.673485577106475830e-02 -1.238003969192504883e+00
6.438129544258117676e-01 1.175451278686523438e+00 5.231788158416748047e-01
3.046225309371948242e-01 -3.083809018135070801e-01 -1.226288676261901855e+00
6.314267516136169434e-01 -6.337730288505554199e-01 1.337761759757995605e+00
2.382549285888671875e+00 -7.186108231544494629e-01 2.295188188552856445e+00
2.747090339660644531e+00 -3.453679680824279785e-01 1.673042774200439453e+00
2.854347229003906250e+00 4.725876748561859131e-01 2.048452377319335938e+00
-7.640644907951354980e-01 7.764347642660140991e-02 6.613433361053466797e-02
2.380073070526123047e+00 4.941386580467224121e-01 2.193369865417480469e+00
1.334402918815612793e+00 -4.556668698787689209e-01 7.216784954071044922e-01
7.421357631683349609e-01 6.630053520202636719e-01 -4.937627911567687988e-01
1.188181042671203613e+00 1.025270938873291016e+00 2.356167554855346680e+00
2.227421522140502930e+00 -1.909153163433074951e-01 5.871481895446777344e-01
1.138207077980041504e+00 -5.991033315658569336e-01 1.756979823112487793e+00
2.189343720674514771e-01 1.301862955093383789e+00 1.542975783348083496e+00
1.974798440933227539e+00 -7.270759940147399902e-01 2.355267286300659180e+00
1.264701843261718750e+00 2.838878035545349121e-01 3.624374866485595703e-01
1.073158264160156250e+00 5.061038732528686523e-01 -4.666582942008972168e-01
1.682461619377136230e+00 3.618412315845489502e-01 3.124463856220245361e-01
7.033606171607971191e-01 -1.238711848855018616e-01 7.200762629508972168e-01
8.490716814994812012e-01 1.019179582595825195e+00 3.858218491077423096e-01
1.097022891044616699e+00 -1.518692493438720703e+00 6.677933931350708008e-01
2.819998860359191895e-01 -6.628679037094116211e-01 1.830399394035339355e+00
2.021688818931579590e-01 -1.544305920600891113e+00 1.582669377326965332e+00
6.818830966949462891e-02 7.009147405624389648e-01 8.460389971733093262e-01
-5.798291880637407303e-03 -5.323523283004760742e-01 -1.025511980056762695e+00
2.015049755573272705e-01 -9.829458594322204590e-02 -4.803707897663116455e-01
1.846860766410827637e+00 -1.576512604951858521e-01 2.940179109573364258e+00
-1.103463768959045410e+00 -1.318845629692077637e+00 1.698897004127502441e+00
2.796655297279357910e-01 5.012186169624328613e-01 1.066477537155151367e+00
7.463446259498596191e-01 -2.673727273941040039e-01 1.330280780792236328e+00
1.289726853370666504e+00 -1.269514411687850952e-01 5.180025696754455566e-01
2.387841939926147461e+00 -4.145724177360534668e-01 1.863817572593688965e+00
1.962046384811401367e+00 -1.428064584732055664e+00 2.719872474670410156e+00
2.269128561019897461e+00 -1.232410222291946411e-01 1.264041066169738770e+00
1.010187149047851562e+00 -8.333248496055603027e-01 9.220706820487976074e-01
6.370825227349996567e-03 2.631178796291351318e-01 2.170890331268310547e+00
9.665710330009460449e-01 -7.177226543426513672e-01 6.538122892379760742e-01
1.295232176780700684e+00 -1.885469794273376465e+00 1.542181611061096191e+00
-3.943529129028320312e-01 -1.625650286674499512e+00 -1.639979124069213867e+00
-6.913296878337860107e-02 1.837529838085174561e-01 1.496266007423400879e+00
-2.057562321424484253e-01 2.551866509020328522e-02 2.233491897583007812e+00
3.034572124481201172e+00 -5.967049598693847656e-01 2.732257127761840820e+00
2.864818334579467773e+00 3.247458115220069885e-02 5.924376845359802246e-01
1.605598092079162598e+00 6.279405951499938965e-01 1.490916252136230469e+00
9.991895556449890137e-01 -5.725569128990173340e-01 -6.772011518478393555e-01
1.162818908691406250e+00 -5.062951445579528809e-01 7.829499244689941406e-01
5.204833745956420898e-01 -1.362457424402236938e-01 9.725275635719299316e-01
1.117260932922363281e+00 1.972626149654388428e-01 1.168269291520118713e-01
8.940765261650085449e-01 2.672928571701049805e-01 1.684480756521224976e-01
7.263008356094360352e-01 8.930737972259521484e-01 2.725712060928344727e+00
2.164527326822280884e-01 -8.568103313446044922e-01 4.547764956951141357e-01
4.795530438423156738e-01 1.959207057952880859e+00 -2.522172033786773682e-01
2.019443511962890625e+00 -2.787639200687408447e-01 1.655059576034545898e+00
-8.049873113632202148e-01 1.220540046691894531e+00 9.817473292350769043e-01
1.065763831138610840e+00 -7.475486397743225098e-01 3.031662702560424805e-01
1.248373866081237793e+00 1.077168822288513184e+00 -5.317816138267517090e-01
9.776911735534667969e-01 6.108797192573547363e-01 1.853173732757568359e+00
6.809219121932983398e-01 7.544340491294860840e-01 1.191080451011657715e+00
6.100988984107971191e-01 3.339731395244598389e-01 1.050849199295043945e+00
1.148056507110595703e+00 3.895876705646514893e-01 1.116131246089935303e-01
9.852333664894104004e-01 4.818711876869201660e-01 1.758386850357055664e+00
1.798508286476135254e+00 1.125248312950134277e+00 1.153491377830505371e+00
-6.548385024070739746e-01 1.457528471946716309e+00 1.500360965728759766e+00
1.203885197639465332e+00 5.049721002578735352e-01 1.793110609054565430e+00
1.310108304023742676e+00 5.932462215423583984e-01 1.186241984367370605e+00
1.336974620819091797e+00 6.734672933816909790e-02 8.855528235435485840e-01
9.714269638061523438e-01 1.654746010899543762e-02 2.010622739791870117e+00
4.739220440387725830e-01 3.088754713535308838e-01 1.227151751518249512e+00
1.823981881141662598e+00 7.553767412900924683e-02 -1.055676341056823730e-01
8.765244483947753906e-01 2.586463391780853271e-01 2.907272875308990479e-01
1.229427099227905273e+00 9.040301442146301270e-01 3.085029423236846924e-01
2.689468441531062126e-03 1.823524117469787598e+00 1.744439452886581421e-01
-5.343541502952575684e-01 -1.342108607292175293e+00 6.317947506904602051e-01
1.685252189636230469e+00 -1.439222931861877441e+00 1.183155179023742676e+00
1.394125580787658691e+00 4.286264479160308838e-01 9.405403733253479004e-01
-2.469409853219985962e-01 -5.294908769428730011e-04 1.413741827011108398e+00
3.921329677104949951e-01 4.118905365467071533e-01 2.119158506393432617e+00
-7.359817624092102051e-01 6.518214344978332520e-01 3.189852926880121231e-03
-1.607987523078918457e+00 1.719046354293823242e+00 5.951623320579528809e-01
4.088454246520996094e+00 8.268946548923850060e-04 2.823095321655273438e+00
3.376431465148925781e+00 -4.134971201419830322e-01 3.117367267608642578e+00
4.041836738586425781e+00 -7.943912148475646973e-01 2.641194820404052734e+00
9.234793782234191895e-01 -9.492096304893493652e-01 1.612457871437072754e+00
3.637074828147888184e-01 -1.785825252532958984e+00 1.540938615798950195e+00
2.673444747924804688e-01 -4.992176964879035950e-02 -4.308357462286949158e-02
-7.609252929687500000e-01 -3.452870249748229980e-01 2.214103341102600098e-01
-9.298833012580871582e-01 9.887390136718750000e-01 1.208652615547180176e+00
-3.052094765007495880e-02 2.298842221498489380e-01 1.795476675033569336e-01
8.505029231309890747e-02 6.283497810363769531e-01 -8.205171823501586914e-01
3.177797079086303711e+00 -7.886294126510620117e-01 2.802020311355590820e+00
3.135384559631347656e+00 -9.090071916580200195e-01 2.842208147048950195e+00
3.414021968841552734e+00 -4.985738098621368408e-01 2.619855165481567383e+00
-4.276392459869384766e-01 6.759651899337768555e-01 7.562333941459655762e-01
2.664940595626831055e+00 -1.642660021781921387e+00 2.753138303756713867e+00
1.039389371871948242e+00 2.136787414550781250e+00 -1.638712644577026367e+00
2.290013074874877930e+00 -1.346601992845535278e-01 -2.033946514129638672e+00
2.896891355514526367e+00 3.164514899253845215e-01 1.155366301536560059e+00
2.724323272705078125e+00 -3.262072205543518066e-01 1.738436222076416016e+00
1.341140985488891602e+00 -5.987834334373474121e-01 6.530556082725524902e-01
1.686337947845458984e+00 -7.069814205169677734e-01 1.098576784133911133e+00
1.224482655525207520e+00 -1.894122958183288574e+00 1.311972498893737793e+00
6.223914623260498047e-01 -4.858531355857849121e-01 -9.017147421836853027e-01
1.967154622077941895e+00 -7.032002322375774384e-03 -1.228066682815551758e+00
-3.747385367751121521e-02 1.886421918869018555e+00 -3.225467503070831299e-01
2.090034723281860352e+00 -2.015200853347778320e-01 2.905032336711883545e-01
1.841219902038574219e+00 -3.537552952766418457e-01 1.023863434791564941e+00
1.065993785858154297e+00 1.848066225647926331e-02 1.338845014572143555e+00
2.205304145812988281e+00 8.766825795173645020e-01 2.581069707870483398e+00
2.253984451293945312e+00 3.138172924518585205e-01 2.141908407211303711e+00
1.292735576629638672e+00 6.924526095390319824e-01 2.959878742694854736e-02
-1.451188698410987854e-03 -1.403303861618041992e+00 -1.360248565673828125e+00
3.083066225051879883e+00 4.887867867946624756e-01 1.802778840065002441e+00
1.778779387474060059e+00 1.179985404014587402e+00 2.638873815536499023e+00
2.669050216674804688e+00 6.799372434616088867e-01 2.155957937240600586e+00
-3.397393524646759033e-01 -8.203678727149963379e-01 -6.451191306114196777e-01
9.083965420722961426e-01 1.486968159675598145e+00 -1.589063286781311035e+00
2.746232151985168457e-01 1.596279263496398926e+00 1.605408787727355957e-01
7.930539846420288086e-01 -1.415034413337707520e+00 2.958779633045196533e-01
2.095331668853759766e+00 8.906425237655639648e-01 1.984464883804321289e+00
1.797473430633544922e+00 9.266372919082641602e-01 2.590827941894531250e+00
1.531975269317626953e+00 1.430819392204284668e+00 2.895564556121826172e+00
2.258767843246459961e+00 9.889033436775207520e-01 1.682806730270385742e+00
1.998835921287536621e+00 8.952930569648742676e-01 2.241969585418701172e+00
1.777789235115051270e+00 8.307741880416870117e-01 2.467718362808227539e+00
2.066639661788940430e+00 8.295323848724365234e-01 2.376948356628417969e+00
-9.040085673332214355e-01 -1.228411555290222168e+00 -1.365632116794586182e-01
6.013792753219604492e-01 2.064574718475341797e+00 -4.017650783061981201e-01
1.098268866539001465e+00 -6.369519233703613281e-01 -7.989276051521301270e-01
4.212427437305450439e-01 -1.764741241931915283e-01 -4.370869696140289307e-01
-9.771902561187744141e-01 5.673071742057800293e-02 2.446217387914657593e-01
2.969609498977661133e+00 1.886840760707855225e-01 1.517022013664245605e+00
1.878976583480834961e+00 9.242781400680541992e-01 2.145623922348022461e+00
1.742512226104736328e+00 6.474702358245849609e-01 2.944522380828857422e+00
2.179329156875610352e+00 6.956938505172729492e-01 1.927217841148376465e+00
1.607506752014160156e+00 1.305963873863220215e+00 2.554384708404541016e+00
1.980332136154174805e+00 9.188244938850402832e-01 2.039058923721313477e+00
2.345162630081176758e+00 6.751306056976318359e-01 2.066349744796752930e+00
1.456150859594345093e-01 3.576974570751190186e-01 8.583716750144958496e-01
3.525580167770385742e-01 1.242510914802551270e+00 -5.550053119659423828e-01
-2.041471004486083984e-01 1.521149396896362305e+00 -2.787611186504364014e-01
2.123084105551242828e-02 -5.599756836891174316e-01 1.113351464271545410e+00
-8.060688972473144531e-01 -1.135541677474975586e+00 4.405254125595092773e-01
1.496310710906982422e+00 3.943266868591308594e-01 4.261833727359771729e-01
