3.516452610492706299e-01 5.473382472991943359e-01 -2.101458162069320679e-01 1.349338054656982422e+00 5.597199201583862305e-01
-9.488918781280517578e-01 -1.492199599742889404e-01 1.301537752151489258e-01 2.749443948268890381e-01 -5.232826620340347290e-02
-1.289094090461730957e+00 4.982724487781524658e-01 1.033146023750305176e+00 -1.620461344718933105e-01 8.335146307945251465e-01
-1.524692177772521973e+00 2.149922959506511688e-02 3.978034853935241699e-01 4.974890351295471191e-01 -7.870814800262451172e-01
7.823757827281951904e-02 7.361313700675964355e-01 2.112518072128295898e+00 1.133996993303298950e-01 -6.444728374481201172e-01
-9.373736977577209473e-01 9.431097507476806641e-01 4.890542030334472656e-01 -4.752860963344573975e-01 5.640751719474792480e-01
-4.174281954765319824e-01 1.742300748825073242e+00 9.219666123390197754e-01 -6.545365452766418457e-01 5.501333475112915039e-01
-7.106786966323852539e-01 5.729873180389404297e-01 2.946597099304199219e+00 -3.194928169250488281e-01 -4.635606426745653152e-03
-1.463045120239257812e+00 -3.394275605678558350e-01 1.136772155761718750e+00 -3.501514792442321777e-01 -8.350133299827575684e-01
-6.031507253646850586e-01 9.110808372497558594e-01 1.487838327884674072e-01 1.747104525566101074e-01 2.946633398532867432e-01
-9.909246563911437988e-01 2.378417730331420898e+00 2.473296165466308594e+00 1.287522077560424805e+00 1.060042023658752441e+00
-1.501640915870666504e+00 2.176610946655273438e+00 2.152504682540893555e+00 1.764863133430480957e+00 1.073754191398620605e+00
6.990806758403778076e-02 4.962946474552154541e-01 2.352034807205200195e+00 1.622534871101379395e+00 -6.034826040267944336e-01
-2.014909684658050537e-01 9.403263330459594727e-01 2.279352664947509766e+00 4.746804833412170410e-01 -1.897206187248229980e+00
1.652428150177001953e+00 6.552933156490325928e-02 -8.519713282585144043e-01 9.252377152442932129e-01 1.617978453636169434e+00
2.235184192657470703e+00 1.399670958518981934e+00 5.231411457061767578e-01 6.347211599349975586e-01 8.797635138034820557e-02
-7.090681791305541992e-01 2.015527188777923584e-01 -5.784471035003662109e-01 -9.883459210395812988e-01 -2.477947950363159180e+00
-1.017001032829284668e+00 6.695789098739624023e-01 7.764906287193298340e-01 6.890949010848999023e-01 -6.682327985763549805e-01
-9.986801743507385254e-01 7.648094296455383301e-01 1.200501322746276855e+00 1.059960842132568359e+00 -1.200788095593452454e-01
5.612677931785583496e-01 2.562410831451416016e-01 -4.082140028476715088e-01 2.839520275592803955e-01 -1.036821961402893066e+00
9.966452121734619141e-01 -2.946376502513885498e-01 1.245988011360168457e+00 9.777767658233642578e-01 -1.199692487716674805e-01
-1.110435962677001953e+00 5.548188686370849609e-01 3.795804679393768311e-01 -1.952741026878356934e+00 -1.682842254638671875e+00
-9.373893737792968750e-01 1.269179701805114746e+00 1.943986654281616211e+00 1.732807159423828125e+00 6.090641021728515625e-01
-1.939292430877685547e+00 2.015960693359375000e+00 1.758283376693725586e+00 1.070848345756530762e+00 6.387906074523925781e-01
-1.818574309349060059e+00 1.136074542999267578e+00 1.604767560958862305e+00 1.912120103836059570e+00 3.808214962482452393e-01
-9.446873664855957031e-01 7.356072664260864258e-01 1.265996217727661133e+00 9.850306510925292969e-01 2.262743860483169556e-01
-1.201579093933105469e+00 3.130928277969360352e-01 8.833856582641601562e-01 1.123458370566368103e-01 -8.912963271141052246e-01
2.208138629794120789e-02 1.062108039855957031e+00 4.824618399143218994e-01 1.474453926086425781e+00 -4.830094873905181885e-01
2.693921923637390137e-01 4.487110376358032227e-01 4.119862914085388184e-01 6.873702406883239746e-01 5.363641977310180664e-01
-1.219689369201660156e+00 8.762971162796020508e-01 -2.387538701295852661e-01 -8.256748318672180176e-02 1.181513667106628418e+00
-3.302033245563507080e-01 6.260919570922851562e-02 1.427257154136896133e-02 7.030079960823059082e-01 1.047290954738855362e-02
-1.024393200874328613e+00 7.575566172599792480e-01 -1.371932268142700195e+00 6.297301650047302246e-01 -9.185995161533355713e-02
2.676267027854919434e-01 6.730303168296813965e-01 -1.110029101371765137e+00 2.986510694026947021e-01 4.298892319202423096e-01
5.941386222839355469e-01 5.378357768058776855e-01 5.177517533302307129e-01 -7.539602518081665039e-01 -4.412098526954650879e-01
1.143306255340576172e+00 -1.777811050415039062e-01 -3.356021046638488770e-01 1.586045145988464355e+00 -8.700248785316944122e-03
8.644654601812362671e-02 6.211362406611442566e-02 -3.596352934837341309e-01 4.723290503025054932e-01 -7.246715426445007324e-01
-5.353744626045227051e-01 1.285874605178833008e+00 1.073233842849731445e+00 -2.780319564044475555e-02 -1.441412419080734253e-01
-2.047992467880249023e+00 9.851975440979003906e-01 -7.562460303306579590e-01 6.911995410919189453e-01 1.088349342346191406e+00
-5.696977376937866211e-01 1.903441429138183594e+00 1.217224478721618652e+00 1.564320087432861328e+00 1.811600565910339355e+00
-1.657680794596672058e-02 -7.990407943725585938e-02 5.844519138336181641e-01 -5.831976532936096191e-01 4.996469616889953613e-02
2.529196739196777344e-01 -4.025463163852691650e-01 -8.007778972387313843e-02 3.915818631649017334e-01 1.648680329322814941e+00
-5.741612911224365234e-01 1.608933925628662109e+00 1.714663743972778320e+00 2.496125176548957825e-02 6.440851688385009766e-01
1.277373135089874268e-01 5.122922658920288086e-01 1.596104502677917480e+00 4.676209092140197754e-01 -1.625055819749832153e-01
-8.989503979682922363e-01 -1.155949473381042480e+00 -1.021556735038757324e+00 7.537827491760253906e-01 4.523475170135498047e-01
1.925798952579498291e-01 1.813390731811523438e+00 -8.802779316902160645e-01 -2.430128335952758789e+00 8.211995363235473633e-01
1.048630118370056152e+00 -9.487833976745605469e-01 2.140508145093917847e-01 -3.593015968799591064e-01 4.347123801708221436e-01
-1.305665731430053711e+00 -6.724952459335327148e-01 2.887600958347320557e-01 1.333887577056884766e+00 -7.110164165496826172e-01
-8.541532754898071289e-01 1.138182282447814941e+00 -1.490366552025079727e-02 1.729716062545776367e-01 6.374280452728271484e-01
-4.480431079864501953e-01 -2.862486429512500763e-02 7.763855457305908203e-01 6.026873737573623657e-02 9.053521752357482910e-01
-1.026597976684570312e+00 3.500939607620239258e-01 -6.586183309555053711e-01 3.902300298213958740e-01 -3.692713677883148193e-01
2.222437858581542969e-01 1.466143608093261719e+00 -1.559146046638488770e+00 -3.885071575641632080e-01 6.869966387748718262e-01
-3.480480313301086426e-01 -4.043593406677246094e-01 -6.448965668678283691e-01 3.482134640216827393e-01 6.251995563507080078e-01
5.650748685002326965e-02 -1.889508590102195740e-02 -2.124709784984588623e-01 -1.921772956848144531e+00 1.548448562622070312e+00
-6.498380899429321289e-01 2.378113120794296265e-01 -8.580860495567321777e-01 2.507965266704559326e-01 9.461680650711059570e-01
-3.317323625087738037e-01 1.124492526054382324e+00 -3.477059006690979004e-01 -1.126936078071594238e+00 -5.539348125457763672e-01
5.222530961036682129e-01 -4.562448337674140930e-02 -8.090262413024902344e-01 2.949900329113006592e-01 -6.060026288032531738e-01
5.871019959449768066e-01 -1.733620405197143555e+00 7.937528491020202637e-01 -1.143605828285217285e+00 -1.172122433781623840e-01
1.580017685890197754e+00 -3.604875504970550537e-01 1.167633414268493652e+00 2.714309394359588623e-01 4.687314331531524658e-01
1.291154623031616211e-01 5.758342146873474121e-01 7.587469369173049927e-02 2.846807539463043213e-01 1.226666495203971863e-01
-1.473853707313537598e+00 6.967653632164001465e-01 -3.010277748107910156e-01 2.830951809883117676e-01 -2.832776606082916260e-01
4.594555199146270752e-01 6.147497296333312988e-01 2.501505911350250244e-01 2.927350103855133057e-01 2.420406341552734375e-01
-1.744649112224578857e-01 6.264447569847106934e-01 1.120306402444839478e-01 -1.936884671449661255e-01 -2.967448830604553223e-01
-1.479199230670928955e-01 8.746359944343566895e-01 1.814394444227218628e-01 -3.716870844364166260e-01 -1.416025012731552124e-01
-7.399567365646362305e-01 1.136160612106323242e+00 6.953626871109008789e-01 1.122232675552368164e+00 7.937041521072387695e-01
-5.155416131019592285e-01 1.102926254272460938e+00 1.935027837753295898e+00 1.157766938209533691e+00 -3.102416098117828369e-01
-5.934870243072509766e-01 1.448281258344650269e-01 1.075938105583190918e+00 1.231009840965270996e+00 -5.773857235908508301e-01
-6.066834330558776855e-01 5.192499756813049316e-01 1.019563317298889160e+00 1.526385307312011719e+00 -4.098396375775337219e-02
-5.917314291000366211e-01 4.731131792068481445e-01 2.099360972642898560e-01 1.705291628837585449e+00 5.434959530830383301e-01
4.038549065589904785e-01 -2.506546676158905029e-01 1.176469802856445312e+00 -7.206069827079772949e-01 -1.360078454017639160e+00
-9.570658802986145020e-01 1.085871219635009766e+00 1.911928206682205200e-01 1.136653900146484375e+00 -7.588574290275573730e-02
-2.683568000793457031e-01 1.317833662033081055e+00 1.790091991424560547e+00 2.597475647926330566e-01 -5.133451148867607117e-02
5.337722301483154297e-01 5.705541968345642090e-01 1.883678674697875977e+00 5.507972240447998047e-01 -4.529801383614540100e-02
-3.993114829063415527e-01 8.072648942470550537e-02 1.291648745536804199e+00 1.052088141441345215e+00 -3.972184360027313232e-01
-1.597386896610260010e-01 3.617415130138397217e-01 8.107017278671264648e-01 5.175734162330627441e-01 -5.963836312294006348e-01
-9.536429047584533691e-01 1.440199017524719238e+00 7.129061818122863770e-01 -6.197345852851867676e-01 -2.142115831375122070e-01
-5.548816323280334473e-01 1.986850619316101074e+00 1.555703878402709961e+00 1.297564268112182617e+00 9.627789855003356934e-01
-4.036537110805511475e-01 1.214643716812133789e+00 1.533016085624694824e+00 1.534089922904968262e+00 4.586613476276397705e-01
-1.316534519195556641e+00 2.013321638107299805e+00 -2.292377203702926636e-01 -7.229862809181213379e-01 6.774793267250061035e-01
1.994854807853698730e-01 -2.036399208009243011e-02 -2.891136705875396729e-02 4.136841297149658203e-01 -4.645646214485168457e-01
-6.264313459396362305e-01 7.651217579841613770e-01 5.393458902835845947e-02 8.559672236442565918e-01 6.474849581718444824e-01
-1.334072589874267578e+00 1.715410232543945312e+00 2.697125434875488281e+00 2.014271497726440430e+00 3.321322202682495117e-01
-2.426087856292724609e+00 1.887451887130737305e+00 1.870449423789978027e+00 1.926736235618591309e+00 6.626475453376770020e-01
1.453346759080886841e-01 1.791594386100769043e+00 4.151274859905242920e-01 1.052864313125610352e+00 1.208051800727844238e+00
-4.762825071811676025e-01 4.052863717079162598e-01 1.161311984062194824e+00 2.129101753234863281e+00 3.993166685104370117e-01
-1.374406576156616211e+00 2.048446893692016602e+00 2.023097038269042969e+00 1.051507830619812012e+00 3.344787359237670898e-01
-1.705027937889099121e+00 2.128571033477783203e+00 1.596914410591125488e+00 8.693155050277709961e-01 5.473849177360534668e-01
2.194049119949340820e+00 9.671325683593750000e-01 -1.260035991668701172e+00 -1.285015583038330078e+00 8.625655621290206909e-02
-4.171080589294433594e-01 1.463997006416320801e+00 -1.875308007001876831e-01 3.626440465450286865e-01 1.293574690818786621e+00
-1.152561232447624207e-01 -3.839703500270843506e-01 -2.343866042792797089e-02 3.444379270076751709e-01 -3.337720930576324463e-01
-3.581845462322235107e-01 -1.570280790328979492e+00 2.636763334274291992e+00 3.075473010540008545e-01 -8.380736112594604492e-01
-1.286487102508544922e+00 1.002653479576110840e+00 -2.821578979492187500e-01 2.054910182952880859e+00 1.208124995231628418e+00
-9.694490432739257812e-01 5.556499361991882324e-01 7.930351048707962036e-02 2.126370191574096680e+00 6.153325438499450684e-01
9.083113670349121094e-01 2.264361530542373657e-01 3.460278213024139404e-01 -1.436596751213073730e+00 -1.887130498886108398e+00
-2.644663751125335693e-01 1.251217484474182129e+00 -3.997960686683654785e-01 -1.952823996543884277e-01 1.896279007196426392e-01
-1.585349678993225098e+00 1.743670344352722168e+00 8.389539718627929688e-01 -9.018777608871459961e-01 2.382028549909591675e-01
4.309768080711364746e-01 1.189828291535377502e-01 2.138447999954223633e+00 2.788582563400268555e+00 5.128386616706848145e-01
3.447611331939697266e-01 1.358620762825012207e+00 2.337449312210083008e+00 1.151041388511657715e+00 3.537745475769042969e-01
-1.918400287628173828e+00 1.680902600288391113e+00 2.005153000354766846e-01 8.801898360252380371e-01 1.223429203033447266e+00
-6.740714311599731445e-01 1.984783530235290527e+00 2.845269918441772461e+00 2.290035009384155273e+00 8.168445825576782227e-01
-7.776064872741699219e-01 1.801136016845703125e+00 2.519711494445800781e+00 2.056534528732299805e+00 6.821741461753845215e-01
-1.333784461021423340e+00 1.417465448379516602e+00 2.064336299896240234e+00 1.922268986701965332e+00 2.139577418565750122e-01
-1.596082210540771484e+00 1.934368848800659180e+00 1.478011965751647949e+00 1.552468061447143555e+00 1.038539767265319824e+00
-5.828093290328979492e-01 1.537826359272003174e-01 9.675962924957275391e-01 -5.224494338035583496e-01 -9.174014627933502197e-02
-4.370160698890686035e-01 6.536380946636199951e-02 1.374729275703430176e+00 -5.122375488281250000e-01 -4.386901557445526123e-01
3.221627175807952881e-01 2.083580195903778076e-01 1.544378519058227539e+00 1.088826537132263184e+00 -8.361117243766784668e-01
5.351908802986145020e-01 1.765647053718566895e+00 1.066810250282287598e+00 3.336724638938903809e-01 8.208745718002319336e-01
4.982246086001396179e-02 1.587829113006591797e+00 8.022521138191223145e-01 6.830072402954101562e-01 1.035318732261657715e+00
2.969264686107635498e-01 5.643056035041809082e-01 6.044800877571105957e-01 1.612523317337036133e+00 7.090485692024230957e-01
-1.208085775375366211e+00 1.660759329795837402e+00 2.064184904098510742e+00 1.591619849205017090e+00 4.887547791004180908e-01
-1.000944375991821289e+00 1.356892228126525879e+00 1.490528106689453125e+00 1.502697706222534180e+00 -1.199913993477821350e-01
-3.979187607765197754e-01 1.688921689987182617e+00 1.905663490295410156e+00 1.153042674064636230e+00 -8.836511522531509399e-03
-9.064027070999145508e-01 5.855360627174377441e-01 1.836801409721374512e+00 1.601268410682678223e+00 -5.577114224433898926e-01
-1.104453921318054199e+00 1.357265710830688477e+00 1.257808566093444824e+00 8.065471649169921875e-01 1.199846621602773666e-02
7.019379734992980957e-01 6.278910040855407715e-01 1.423874020576477051e+00 1.217182755470275879e+00 4.672323167324066162e-01
-5.542665719985961914e-01 -8.678475022315979004e-01 5.171570181846618652e-01 1.862719893455505371e+00 -5.163406729698181152e-01
-7.081041336059570312e-01 4.017096161842346191e-01 5.661247968673706055e-01 8.197532296180725098e-01 -5.813779234886169434e-01
-1.444748044013977051e+00 -1.258416380733251572e-02 -2.183822244405746460e-01 2.032953500747680664e+00 7.039341926574707031e-01
-1.232042074203491211e+00 4.906233251094818115e-01 -3.900101184844970703e-01 2.032637596130371094e+00 7.718710899353027344e-01
8.662039041519165039e-01 1.162522673606872559e+00 2.627395391464233398e+00 1.930358529090881348e+00 5.047587156295776367e-01
-3.787806630134582520e-01 4.616372883319854736e-01 8.822327256202697754e-01 2.190479755401611328e+00 8.073554039001464844e-01
-7.988488078117370605e-01 1.417185425758361816e+00 1.595689892768859863e+00 1.240603923797607422e+00 4.151746928691864014e-01
2.019799202680587769e-01 8.102203607559204102e-01 5.992601513862609863e-01 -1.063215732574462891e-01 -7.107797265052795410e-01
-3.749955892562866211e-01 1.455306172370910645e+00 -1.487683773040771484e+00 3.234674036502838135e-01 6.356132030487060547e-01
-1.792951464653015137e+00 8.645318150520324707e-01 -2.832260355353355408e-02 4.931814372539520264e-01 -8.015299439430236816e-01
-1.010215044021606445e+00 1.132673144340515137e+00 1.347197175025939941e+00 2.669039964675903320e-01 3.820820152759552002e-01
-1.474858760833740234e+00 7.189157009124755859e-01 5.802091956138610840e-01 1.583141207695007324e+00 4.315457344055175781e-01
-2.417249441146850586e+00 2.279919385910034180e+00 6.674269437789916992e-01 3.107386827468872070e-01 1.010142803192138672e+00
-1.007223486900329590e+00 6.473097801208496094e-01 1.148082971572875977e+00 7.926395535469055176e-01 -1.610506027936935425e-01
7.219491600990295410e-01 1.229064539074897766e-01 3.294439017772674561e-01 7.271023839712142944e-02 -9.016280621290206909e-02
-1.567087054252624512e+00 1.754853844642639160e+00 2.402603030204772949e-01 2.300260365009307861e-01 5.394558906555175781e-01
-1.144214987754821777e+00 1.784117937088012695e+00 8.668895363807678223e-01 9.920672774314880371e-01 9.720407128334045410e-01
-1.594820171594619751e-01 9.349572062492370605e-01 9.870626330375671387e-01 1.666352152824401855e+00 1.006537556648254395e+00
-1.070541441440582275e-01 1.660440921783447266e+00 9.777812659740447998e-02 1.981638222932815552e-01 1.760559916496276855e+00
-1.078553915023803711e+00 -8.516851663589477539e-01 -7.649372220039367676e-01 1.692444920539855957e+00 1.762882947921752930e+00
1.817294508218765259e-01 -2.169861495494842529e-01 2.734017968177795410e-01 7.211866974830627441e-01 -1.083809360861778259e-01
1.263037919998168945e-01 -9.293957352638244629e-01 2.442796379327774048e-01 7.084659337997436523e-01 -1.131401181221008301e+00
-1.372652173042297363e+00 8.573032617568969727e-01 8.254566788673400879e-02 8.919070959091186523e-01 4.025496244430541992e-01
-1.069875597953796387e+00 9.977543354034423828e-01 5.525034070014953613e-01 5.071681141853332520e-01 1.027110442519187927e-01
-8.133635520935058594e-01 1.532647490501403809e+00 1.803657054901123047e+00 1.591601014137268066e+00 4.039134681224822998e-01
-1.208425402641296387e+00 7.600533962249755859e-02 1.275874733924865723e+00 -1.397323131561279297e+00 5.102739334106445312e-01
-4.110133647918701172e-01 3.150278329849243164e-01 9.107703715562820435e-02 -5.311114192008972168e-01 6.360995173454284668e-01
5.474085807800292969e-01 6.551151275634765625e-01 1.265938282012939453e-01 1.097407698631286621e+00 3.100887537002563477e-01
4.977230727672576904e-01 1.767672300338745117e+00 -1.251208662986755371e+00 6.689521670341491699e-01 -5.569975078105926514e-02
6.491562724113464355e-01 2.006426095962524414e+00 4.457481503486633301e-01 -2.502043485641479492e+00 2.667581439018249512e-01
-5.770126581192016602e-01 3.164479255676269531e+00 -1.152005672454833984e+00 5.566151142120361328e-01 7.914764881134033203e-01
1.142619013786315918e+00 -1.392179876565933228e-01 -5.009700655937194824e-01 -3.621257841587066650e-01 -3.810870349407196045e-01
-1.009742140769958496e+00 1.794032692909240723e+00 7.597567141056060791e-02 2.275614738464355469e+00 1.734436750411987305e+00
3.560037910938262939e-01 -2.402199953794479370e-01 8.788866996765136719e-01 1.568051815032958984e+00 -5.049673914909362793e-01
1.320090889930725098e-01 7.773010730743408203e-01 1.326236724853515625e-01 3.053636848926544189e-01 6.511741280555725098e-01
-1.426199555397033691e+00 2.045439243316650391e+00 -2.055109292268753052e-01 -1.053175449371337891e+00 8.359000682830810547e-01
-4.491630494594573975e-01 1.081712365150451660e+00 -1.276591062545776367e+00 1.321390271186828613e+00 1.534403204917907715e+00
-8.058611750602722168e-01 -1.108718276023864746e+00 2.578485608100891113e-01 -5.419545248150825500e-02 -6.339811533689498901e-02
-3.136601448059082031e-01 1.391269326210021973e+00 5.350520014762878418e-01 -8.818734288215637207e-01 6.983872056007385254e-01
-1.033647060394287109e+00 2.509916067123413086e+00 1.917828023433685303e-01 1.930727243423461914e+00 2.234172821044921875e+00
1.476151347160339355e+00 -8.063209652900695801e-01 6.061626672744750977e-01 -1.043882608413696289e+00 -3.558870255947113037e-01
-1.666773438453674316e+00 8.904198408126831055e-01 -1.398310542106628418e+00 -1.214890122413635254e+00 1.402040362358093262e+00
1.165318489074707031e+00 4.705138504505157471e-01 6.695039868354797363e-01 -2.383523434400558472e-01 -6.270439028739929199e-01
-1.059742212295532227e+00 8.263278603553771973e-01 1.048589944839477539e+00 -1.626451253890991211e+00 -6.089077591896057129e-01
-4.475003480911254883e-01 1.829921722412109375e+00 1.271724939346313477e+00 2.380419254302978516e+00 1.316350460052490234e+00
-4.982075393199920654e-01 2.255123853683471680e+00 8.558241724967956543e-01 2.085893869400024414e+00 1.923644781112670898e+00
1.491960585117340088e-01 -4.932744801044464111e-01 2.000467538833618164e+00 1.117637231945991516e-01 3.056545257568359375e-01
-1.423990607261657715e+00 -2.318484783172607422e-01 -1.385112106800079346e-01 1.364950656890869141e+00 4.182391762733459473e-01
7.875350713729858398e-01 4.004395008087158203e-02 2.055615633726119995e-01 1.264624714851379395e+00 7.618021219968795776e-02
-2.064621448516845703e+00 8.625481128692626953e-01 -9.091991782188415527e-01 3.893285393714904785e-01 3.378636538982391357e-01
-2.130069494247436523e+00 -1.621041059494018555e+00 -4.814222157001495361e-01 -1.283556073904037476e-01 3.156161308288574219e-01
-1.312840461730957031e+00 -2.012255430221557617e+00 -1.605562716722488403e-01 4.473537206649780273e-01 -3.509047627449035645e-01
-2.433999776840209961e+00 4.658011198043823242e-01 -1.143959257751703262e-02 5.081601142883300781e-01 -4.793262183666229248e-01
-5.578256770968437195e-02 -2.917013764381408691e-01 7.427439689636230469e-01 1.407962083816528320e+00 -2.085076123476028442e-01
-9.850542247295379639e-02 1.348733425140380859e+00 1.136604428291320801e+00 -5.213364958763122559e-01 6.473228931427001953e-01
-1.393317461013793945e+00 4.971992075443267822e-01 7.548566907644271851e-02 4.385407269001007080e-02 2.254607230424880981e-01
-1.216719627380371094e+00 1.054093837738037109e+00 -8.042626380920410156e-01 -1.454437077045440674e-01 4.620720148086547852e-01
-1.618162751197814941e+00 1.624061018228530884e-01 -4.039126038551330566e-01 -2.474277168512344360e-01 8.843485116958618164e-01
-1.746782183647155762e+00 1.285293698310852051e+00 8.083331584930419922e-01 6.457548588514328003e-02 -1.760258078575134277e-01
-8.860081434249877930e-02 -4.747835993766784668e-01 7.388992905616760254e-01 1.894425511360168457e+00 -3.713989853858947754e-01
-4.146144986152648926e-01 2.434161454439163208e-01 1.650098323822021484e+00 1.196652770042419434e+00 -2.692973911762237549e-01
-1.388817071914672852e+00 1.422191858291625977e-01 1.060619950294494629e+00 1.872879981994628906e+00 -1.441429834812879562e-02
8.658012747764587402e-01 -4.606050252914428711e-01 1.145827770233154297e+00 1.277390271425247192e-01 -3.374953567981719971e-01
8.154154419898986816e-01 7.111578583717346191e-01 -3.816460371017456055e-01 -4.815782010555267334e-01 6.278843879699707031e-01
-4.744794368743896484e-01 1.268900036811828613e+00 2.455403804779052734e+00 -2.241900861263275146e-01 -3.098146915435791016e-01
-3.737981915473937988e-01 -1.446815133094787598e-01 1.264117836952209473e+00 2.527892589569091797e+00 4.403877258300781250e-01
-7.028846740722656250e-01 1.719146221876144409e-01 1.269066333770751953e+00 -1.092694282531738281e+00 8.267858624458312988e-02
1.369643211364746094e+00 8.316553831100463867e-01 2.274601459503173828e+00 6.360278129577636719e-01 1.377269268035888672e+00
8.742660880088806152e-01 9.275298118591308594e-01 1.907957196235656738e-01 1.150712132453918457e+00 -3.216698765754699707e-01
-7.252823710441589355e-01 1.144585132598876953e+00 -3.697145283222198486e-01 9.364537000656127930e-01 1.844101428985595703e+00
-2.430152297019958496e-01 1.114871874451637268e-01 9.659249782562255859e-01 1.093146562576293945e+00 1.036904565989971161e-02
-1.734265804290771484e+00 9.488649368286132812e-01 1.042110085487365723e+00 6.649887561798095703e-01 -3.128648400306701660e-01
-4.509036839008331299e-01 1.893036365509033203e+00 2.509594678878784180e+00 1.183107376098632812e+00 3.725340068340301514e-01
-8.775240778923034668e-01 2.670765399932861328e+00 2.150922060012817383e+00 6.107854247093200684e-01 9.344684481620788574e-01
-1.332945704460144043e+00 6.409530043601989746e-01 4.957807064056396484e-02 -3.052188456058502197e-01 1.704788684844970703e+00
1.816631555557250977e+00 -2.174043416976928711e+00 5.190155506134033203e-01 -3.987488150596618652e-01 1.348252654075622559e+00
3.395123183727264404e-01 -1.222464561462402344e+00 -3.115461766719818115e-01 1.486711017787456512e-02 -6.900150179862976074e-01
8.663020730018615723e-01 5.870304107666015625e-01 3.020144999027252197e-01 3.549815714359283447e-01 -4.007288813591003418e-01
-1.322622895240783691e+00 8.388031125068664551e-01 6.045728325843811035e-01 -1.470009516924619675e-02 2.084691226482391357e-01
-1.197861075401306152e+00 -2.487781941890716553e-01 2.823023796081542969e-01 1.255617380142211914e+00 2.879635691642761230e-01
-8.864438533782958984e-01 2.358873128890991211e+00 1.134792566299438477e+00 -1.735023140907287598e+00 -1.862103193998336792e-01
-1.191751837730407715e+00 1.469883799552917480e+00 1.052610397338867188e+00 -5.158996582031250000e-01 2.504640519618988037e-01
5.646843835711479187e-02 1.286111235618591309e+00 1.388421416282653809e+00 1.348162293434143066e+00 -1.399143934249877930e-01
-1.593674898147583008e+00 -2.262767851352691650e-01 2.267251610755920410e-01 -8.060617372393608093e-03 -6.473790407180786133e-01
-6.658814549446105957e-01 1.268601417541503906e+00 5.479894876480102539e-01 -3.998740315437316895e-01 -6.475821733474731445e-01
-2.289662137627601624e-02 -8.301058411598205566e-01 -4.195913970470428467e-01 1.701138734817504883e+00 4.372199177742004395e-01
-1.649545192718505859e+00 1.564701646566390991e-01 -5.557569265365600586e-01 1.871716141700744629e+00 -3.869056701660156250e-01
1.563153564929962158e-01 -1.361394226551055908e-01 -1.508961319923400879e+00 -2.677218317985534668e-01 -8.471633791923522949e-01
8.285578340291976929e-02 -1.853818744421005249e-01 -2.957365751266479492e+00 3.998199701309204102e-01 -2.671220004558563232e-01
-6.075339317321777344e-01 2.835588157176971436e-01 -1.975472331047058105e+00 1.897429972887039185e-01 6.159840822219848633e-01
2.102551013231277466e-01 2.885437905788421631e-01 8.617340922355651855e-01 1.833266139030456543e+00 -7.423847168684005737e-02
3.154695332050323486e-01 -5.724701285362243652e-01 3.109994232654571533e-01 5.136090517044067383e-01 -1.084583163261413574e+00
2.092075347900390625e+00 -9.005280733108520508e-01 -1.179868578910827637e+00 -6.256619691848754883e-01 4.562951922416687012e-01
1.721560478210449219e+00 -1.764349937438964844e-01 -1.055819988250732422e+00 -1.441781401634216309e+00 -2.290389873087406158e-02
-1.570538431406021118e-01 9.884139299392700195e-01 1.282451033592224121e+00 1.367106676101684570e+00 6.844648122787475586e-01
-1.956273987889289856e-02 6.716259121894836426e-01 3.207857310771942139e-01 2.899090051651000977e-01 1.417406797409057617e+00
9.562462568283081055e-01 -1.390983223915100098e+00 9.222912192344665527e-01 3.759464919567108154e-01 -2.643195390701293945e-01
1.873528122901916504e+00 8.462684154510498047e-01 9.119797945022583008e-01 1.521654486656188965e+00 -9.778629541397094727e-01
1.328721940517425537e-01 -1.193025827407836914e+00 -1.479071855545043945e+00 1.354270577430725098e+00 2.892235040664672852e+00
2.909111380577087402e-01 -3.984816670417785645e-01 5.326673388481140137e-01 -9.960515499114990234e-01 -9.558601379394531250e-01
1.228830337524414062e+00 -1.787536144256591797e+00 3.137972354888916016e-01 8.262096643447875977e-01 -4.715985953807830811e-01
-1.126477718353271484e+00 1.399019956588745117e-01 -5.174134373664855957e-01 2.235946416854858398e+00 1.471245050430297852e+00
-6.056459993124008179e-02 9.537526369094848633e-01 2.305490493774414062e+00 5.068118870258331299e-02 -7.916333675384521484e-01
-1.146758794784545898e+00 3.100700080394744873e-01 -5.407668948173522949e-01 5.119592547416687012e-01 -5.445381402969360352e-01
4.962075352668762207e-01 3.314727544784545898e-01 8.639436960220336914e-01 2.723496854305267334e-01 2.841117382049560547e-01
-2.131511688232421875e+00 -9.056310653686523438e-01 -6.708046048879623413e-02 -1.343951374292373657e-01 -5.170676708221435547e-01
-1.422552824020385742e+00 3.935834467411041260e-01 -4.043261334300041199e-02 -3.956462442874908447e-01 2.751743197441101074e-01
-3.896736204624176025e-01 4.951492846012115479e-01 7.554385662078857422e-01 -1.428347229957580566e+00 -4.022760391235351562e-01
-9.174839854240417480e-01 5.441067218780517578e-01 -9.991939067840576172e-01 -2.289488554000854492e+00 -6.098284125328063965e-01
-2.743158340454101562e+00 1.062157988548278809e+00 8.313196301460266113e-01 5.550708174705505371e-01 -5.875266194343566895e-01
-2.446680784225463867e+00 7.988697886466979980e-01 4.292342066764831543e-01 7.844021320343017578e-01 -2.561297118663787842e-01
-9.745584130287170410e-01 1.323638916015625000e+00 1.369594454765319824e+00 1.915867686271667480e+00 1.279443502426147461e+00
-1.373890638351440430e+00 -1.252065896987915039e+00 1.225754737854003906e+00 -3.764982521533966064e-01 8.589158058166503906e-01
1.008808851242065430e+00 -1.033352851867675781e+00 8.028599619865417480e-01 -1.489361226558685303e-01 6.855681538581848145e-01
-3.398294150829315186e-01 1.085175797343254089e-01 7.626397609710693359e-01 7.947775125503540039e-01 1.105577588081359863e+00
7.083651423454284668e-02 2.879829108715057373e-01 1.094655752182006836e+00 -1.861168384552001953e+00 1.687021493911743164e+00
6.542639732360839844e-01 2.509710192680358887e-01 1.770419776439666748e-01 -6.413518786430358887e-01 -1.909398287534713745e-01
1.361131370067596436e-01 -5.108471512794494629e-01 1.600483804941177368e-01 -2.615724503993988037e-01 -1.774738132953643799e-01
-1.636050462722778320e+00 1.790770053863525391e+00 1.262092590332031250e+00 2.057123661041259766e+00 1.395076155662536621e+00
1.311000227928161621e+00 5.193977355957031250e-01 1.649266928434371948e-01 -8.903967142105102539e-01 -3.094276785850524902e-01
-4.894098639488220215e-01 2.876226305961608887e-01 -4.030491709709167480e-01 -4.844631850719451904e-01 5.651463270187377930e-01
-2.256787776947021484e+00 1.108766913414001465e+00 -6.368369329720735550e-03 1.227125644683837891e+00 6.607547998428344727e-01
1.970694810152053833e-01 3.189453184604644775e-01 1.001798629760742188e+00 7.954191565513610840e-01 -4.302054271101951599e-02
-8.935725688934326172e-01 4.456070363521575928e-01 9.752050042152404785e-01 7.359871268272399902e-01 -1.672697365283966064e-01
1.691429495811462402e+00 -2.431730180978775024e-02 -1.994348168373107910e-01 8.007653057575225830e-03 -8.983541727066040039e-01
-5.016850233078002930e-01 1.790971010923385620e-01 1.737798750400543213e-01 8.755964636802673340e-01 -3.773756623268127441e-01
-1.715880483388900757e-01 -7.759479880332946777e-01 7.576089501380920410e-01 8.576276898384094238e-01 -5.768896937370300293e-01
-9.752415865659713745e-02 2.697830498218536377e-01 -7.403983473777770996e-01 1.880559086799621582e+00 4.301227331161499023e-01
-7.762619256973266602e-01 2.803010046482086182e-01 2.919403612613677979e-01 9.827736616134643555e-01 2.313080616295337677e-02
-5.536558628082275391e-01 2.638390362262725830e-01 -2.352984622120857239e-02 5.850231051445007324e-01 -1.151989549398422241e-01
-6.342177987098693848e-01 2.523784339427947998e-01 1.056065559387207031e+00 1.110942959785461426e+00 -3.162904679775238037e-01
-6.461264491081237793e-01 3.440290093421936035e-01 -2.315475791692733765e-01 3.423779904842376709e-01 -7.049170881509780884e-02
-4.617068469524383545e-01 -2.493234425783157349e-01 -6.490679383277893066e-01 1.091488003730773926e+00 1.288399249315261841e-01
8.216354846954345703e-01 -5.160302519798278809e-01 -2.220068424940109253e-01 5.143576264381408691e-01 3.147365748882293701e-01
6.006600260734558105e-01 1.517341732978820801e+00 2.146391868591308594e-01 2.121570408344268799e-01 -3.272329568862915039e-01
-1.448800444602966309e+00 2.071901082992553711e+00 -3.483339250087738037e-01 4.103109538555145264e-01 1.687738776206970215e+00
-3.617512285709381104e-01 5.744693279266357422e-01 1.126885056495666504e+00 1.447685956954956055e+00 8.098387122154235840e-01
-2.332323491573333740e-01 -2.015945464372634888e-01 -5.908421874046325684e-01 -1.297589302062988281e+00 5.023967623710632324e-01
2.028070837259292603e-01 1.567716710269451141e-02 4.142044186592102051e-01 7.915523648262023926e-01 -4.547128379344940186e-01
5.758998394012451172e-01 9.603261351585388184e-01 2.162568092346191406e+00 -2.687995433807373047e-01 -1.051256358623504639e-01
-6.115968823432922363e-01 1.182090770453214645e-02 3.293931484222412109e-01 1.715323686599731445e+00 3.155500888824462891e-01
1.079942107200622559e+00 1.255010366439819336e-01 5.772677659988403320e-01 7.591462135314941406e-01 -6.552175432443618774e-02
9.730824828147888184e-01 1.143104195594787598e+00 9.550020098686218262e-01 -1.011246964335441589e-01 -1.713058352470397949e+00
2.192308753728866577e-01 6.256009340286254883e-01 1.607604026794433594e+00 1.601933717727661133e+00 -1.269853562116622925e-01
1.122155189514160156e-01 1.052028059959411621e+00 -9.061776846647262573e-02 3.220042586326599121e-01 -8.088446408510208130e-02
-1.379911303520202637e+00 8.618124127388000488e-01 -7.281886339187622070e-01 -5.970187187194824219e-01 1.265418171882629395e+00
1.188416406512260437e-01 6.589984893798828125e-01 -2.354050129652023315e-01 6.577252149581909180e-01 1.454627364873886108e-01
6.618240475654602051e-01 9.318544268608093262e-01 1.216226816177368164e+00 1.149948835372924805e+00 2.272350937128067017e-01
-2.548392713069915771e-01 8.910704255104064941e-01 1.037259221076965332e+00 7.903411388397216797e-01 2.189832478761672974e-01
-1.279872179031372070e+00 1.060583353042602539e+00 7.788735628128051758e-01 8.635835349559783936e-02 -1.037198230624198914e-01
-2.884508073329925537e-01 -3.365157544612884521e-01 -4.657912850379943848e-01 1.613808274269104004e+00 -3.619057834148406982e-01
1.412869691848754883e+00 -5.906687974929809570e-01 2.028130292892456055e+00 3.524780273437500000e-02 -1.192894220352172852e+00
-3.003381006419658661e-02 8.364451527595520020e-01 2.007232159376144409e-01 1.735963821411132812e+00 -1.090142726898193359e+00
-2.110638380050659180e+00 1.229240298271179199e+00 1.526475548744201660e+00 1.012377977371215820e+00 -1.979755014181137085e-01
-9.873029589653015137e-01 8.437703847885131836e-01 1.919264912605285645e+00 1.611646890640258789e+00 -5.930915102362632751e-02
-1.160018324851989746e+00 4.424775838851928711e-01 7.951875329017639160e-01 1.590153694152832031e+00 2.225133329629898071e-01
-1.894803881645202637e+00 7.528949379920959473e-01 1.949357092380523682e-01 1.085269093513488770e+00 3.414915800094604492e-01
4.149287045001983643e-01 3.915064036846160889e-01 8.131033182144165039e-01 -1.345201134681701660e+00 7.999020218849182129e-01
-8.641149997711181641e-01 3.472128137946128845e-02 -1.047801598906517029e-01 7.305106520652770996e-01 5.283389091491699219e-01
-1.539581179618835449e+00 1.583366394042968750e+00 8.935271948575973511e-02 -4.243039786815643311e-01 9.320037961006164551e-01
5.628345012664794922e-01 -5.674490928649902344e-01 -1.402668952941894531e+00 7.863044738769531250e-01 -1.048106074333190918e+00
-2.311739206314086914e+00 1.815615177154541016e+00 1.517731666564941406e+00 9.605973362922668457e-01 5.235928297042846680e-01
-2.365400552749633789e+00 1.228084206581115723e+00 1.459306716918945312e+00 1.444795727729797363e+00 1.701945364475250244e-01
-5.799736380577087402e-01 6.673599481582641602e-01 2.134089708328247070e+00 2.202194213867187500e+00 1.635031551122665405e-01
-2.174961715936660767e-01 7.883673906326293945e-01 2.339024782180786133e+00 1.281466484069824219e+00 -3.701469898223876953e-01
-1.677673101425170898e+00 6.074270009994506836e-01 -1.776942968368530273e+00 1.250181198120117188e+00 4.369464218616485596e-01
-6.889508962631225586e-01 -2.402079254388809204e-01 -1.111505508422851562e+00 9.172207117080688477e-01 -9.612128138542175293e-01
-2.387994080781936646e-01 1.512323617935180664e+00 8.698768019676208496e-01 1.542004942893981934e-01 2.847588360309600830e-01
-9.865086674690246582e-01 -9.535510838031768799e-02 9.292445182800292969e-01 4.418414533138275146e-01 -7.470229864120483398e-01
-2.502948760986328125e+00 1.689285278320312500e+00 1.672232508659362793e+00 1.623623728752136230e+00 4.701315611600875854e-02
2.724996507167816162e-01 6.159917265176773071e-02 1.041222929954528809e+00 -4.305519461631774902e-01 -2.349547624588012695e+00
3.281961381435394287e-01 -9.923651814460754395e-02 9.492836594581604004e-01 3.529424369335174561e-01 -1.267121195793151855e+00
7.346639037132263184e-01 -8.155243396759033203e-01 1.742462277412414551e+00 9.805608391761779785e-01 -6.472809910774230957e-01
-1.437255740165710449e-01 -1.224384680390357971e-01 2.730594575405120850e-02 2.168855518102645874e-01 -2.798698842525482178e-02
-1.051485419273376465e+00 1.517877578735351562e+00 2.390024900436401367e+00 1.290379881858825684e+00 7.785566896200180054e-02
1.724746346473693848e+00 -5.872766971588134766e-01 6.055884361267089844e-01 -9.160111546516418457e-01 5.896529555320739746e-01
-9.856851696968078613e-01 9.706624746322631836e-01 4.169549047946929932e-01 -1.958214759826660156e+00 8.528476357460021973e-01
-1.948245987296104431e-02 -9.750931710004806519e-02 -4.651999771595001221e-01 -1.458933670073747635e-02 1.056319832801818848e+00
-1.655900597572326660e+00 1.375384628772735596e-01 -1.505477070808410645e+00 6.136495471000671387e-01 -5.327996015548706055e-01
-1.216987609863281250e+00 3.110066652297973633e+00 1.646975755691528320e+00 8.005198836326599121e-01 1.991619229316711426e+00
-4.600848555564880371e-01 9.864588379859924316e-01 2.222796440124511719e+00 1.406743288040161133e+00 4.051478579640388489e-02
-1.822863459587097168e+00 1.080915212631225586e+00 6.621488928794860840e-01 -3.297435939311981201e-01 -2.662229239940643311e-01
2.806142158806324005e-02 1.340810894966125488e+00 3.966529369354248047e-01 1.285516470670700073e-01 -4.917573034763336182e-01
-1.602215647697448730e+00 2.130281925201416016e+00 1.577568411827087402e+00 7.105868458747863770e-01 7.351913452148437500e-01
-8.915603756904602051e-01 1.459957242012023926e+00 2.105742216110229492e+00 9.272212982177734375e-01 7.040659338235855103e-02
-6.724228262901306152e-01 3.767954707145690918e-01 6.953491568565368652e-01 3.419294357299804688e-01 5.222403258085250854e-02
-8.172041773796081543e-01 3.492683768272399902e-01 -2.703858613967895508e-01 3.390778601169586182e-01 6.374430656433105469e-01
-7.278600931167602539e-01 3.822621703147888184e-01 7.779808640480041504e-01 8.585944771766662598e-01 2.452168464660644531e-01
-1.941651105880737305e+00 7.429282069206237793e-01 7.395480871200561523e-01 1.841297268867492676e+00 4.168662428855895996e-01
-3.862589299678802490e-01 6.105089187622070312e-01 6.426351666450500488e-01 -1.087483406066894531e+00 -5.160491466522216797e-01
-9.198379516601562500e-01 4.345768988132476807e-01 9.976726174354553223e-01 5.989083647727966309e-01 -1.406068503856658936e-01
-9.920521378517150879e-01 1.762307167053222656e+00 -1.366193145513534546e-01 1.417993903160095215e-01 9.280371069908142090e-01
-6.307067871093750000e-01 1.191868305206298828e+00 8.444799780845642090e-01 2.319146543741226196e-01 4.473355710506439209e-01
-1.842696189880371094e+00 7.756234407424926758e-01 -1.365235447883605957e+00 -8.362432122230529785e-01 1.055506706237792969e+00
9.768766164779663086e-02 1.044175386428833008e+00 -2.858525216579437256e-01 1.135195493698120117e-01 6.434172391891479492e-01
-1.211188077926635742e+00 2.111502140760421753e-01 -5.161656737327575684e-01 1.748117804527282715e-01 -3.894490003585815430e-01
-8.075618147850036621e-01 4.720715880393981934e-01 2.686831951141357422e-01 1.358983159065246582e+00 4.447499513626098633e-01
-1.331952214241027832e+00 1.450256586074829102e+00 1.648782014846801758e+00 7.590458989143371582e-01 1.540743559598922729e-01
-4.586894810199737549e-01 5.749422311782836914e-01 9.078264236450195312e-01 4.903381317853927612e-02 -7.128368318080902100e-02
-5.689830183982849121e-01 -1.504376158118247986e-02 1.237221479415893555e+00 5.084977149963378906e-01 -6.745861768722534180e-01
-7.209808230400085449e-01 7.518463134765625000e-01 1.013127684593200684e+00 1.672944068908691406e+00 7.674378752708435059e-01
1.633472293615341187e-01 1.147709131240844727e+00 7.569071650505065918e-01 1.101022481918334961e+00 8.245589137077331543e-01
-5.157064795494079590e-01 1.710135579109191895e+00 1.308835506439208984e+00 -6.503832340240478516e-01 1.403490304946899414e-01
-7.230703234672546387e-01 1.038068771362304688e+00 1.940243840217590332e+00 1.111272573471069336e+00 -5.169180408120155334e-02
-9.638833403587341309e-01 4.166129231452941895e-01 1.204690456390380859e+00 8.028825521469116211e-01 -2.922542095184326172e-01
-1.249306648969650269e-01 -6.016312241554260254e-01 5.783294439315795898e-01 1.465148687362670898e+00 -1.064410805702209473e+00
2.450664993375539780e-03 9.271860122680664062e-01 6.819133758544921875e-01 -6.328859329223632812e-01 3.027652502059936523e-01
-2.577664852142333984e-01 -8.326656222343444824e-01 4.824248552322387695e-01 9.330282211303710938e-01 -1.347577810287475586e+00
4.759863317012786865e-01 -8.061329126358032227e-01 2.663470506668090820e-01 1.310801029205322266e+00 -5.117115974426269531e-01
1.315367460250854492e+00 -1.785470545291900635e-01 3.965453505516052246e-01 1.387907862663269043e+00 -2.378930896520614624e-01
-3.408978134393692017e-02 -2.212375700473785400e-01 8.271827697753906250e-01 6.101909875869750977e-01 -9.229971766471862793e-01
-1.109911799430847168e+00 -1.653503812849521637e-02 5.156571269035339355e-01 8.979541063308715820e-01 -3.299430012702941895e-01
-5.476907491683959961e-01 -6.930860131978988647e-02 1.234441161155700684e+00 -6.900920271873474121e-01 2.024551331996917725e-01
-8.361621499061584473e-01 -8.802484869956970215e-01 -3.719091117382049561e-01 -4.329360648989677429e-02 1.070359230041503906e+00
1.268859505653381348e-01 2.638719558715820312e+00 -1.285846590995788574e+00 -9.277421236038208008e-01 1.915003806352615356e-01
-5.777001976966857910e-01 6.268885135650634766e-01 1.249486327171325684e+00 -1.019292354583740234e+00 1.860139131546020508e+00
-1.663151979446411133e+00 -9.857546538114547729e-02 -8.037284612655639648e-01 -2.005378484725952148e+00 -4.038296937942504883e-01
-8.329547643661499023e-01 8.949783444404602051e-02 5.727174282073974609e-01 1.075117886066436768e-01 -2.717679738998413086e-01
2.896350622177124023e-01 5.337995290756225586e-01 -8.183281421661376953e-01 2.216871827840805054e-01 2.001871317625045776e-01
1.822755336761474609e+00 1.216952085494995117e+00 1.739233732223510742e+00 1.256049394607543945e+00 -1.830907613039016724e-01
-1.095631122589111328e+00 -4.570671617984771729e-01 -4.952515289187431335e-02 1.445008635520935059e+00 5.395351350307464600e-02
3.674280345439910889e-01 3.579558432102203369e-01 1.274467229843139648e+00 1.592992782592773438e+00 9.454115629196166992e-01
6.213771104812622070e-01 1.702735900878906250e+00 9.436992555856704712e-02 -6.478826999664306641e-01 -3.023645468056201935e-02
5.017204210162162781e-02 4.700328409671783447e-01 1.003612160682678223e+00 9.957846999168395996e-01 5.336263775825500488e-01
6.934873759746551514e-02 6.041455864906311035e-01 -1.135515451431274414e+00 1.513240218162536621e+00 6.114447712898254395e-01
-1.081807136535644531e+00 -6.797237992286682129e-01 -3.748426735401153564e-01 1.825601100921630859e+00 1.324139595031738281e+00
-1.259048819541931152e+00 1.552701234817504883e+00 2.504456520080566406e+00 2.074287891387939453e+00 1.419283896684646606e-01
-1.142959952354431152e+00 1.359115958213806152e+00 1.134939312934875488e+00 1.548325300216674805e+00 1.183211445808410645e+00
-1.050765633583068848e+00 3.713077902793884277e-01 1.309547543525695801e+00 1.437917470932006836e+00 -1.051707640290260315e-01
-2.650689363479614258e+00 1.769843101501464844e+00 1.551015853881835938e+00 1.658376574516296387e+00 2.869484126567840576e-01
-1.552720189094543457e+00 1.767868280410766602e+00 2.020405054092407227e+00 1.876285791397094727e+00 6.019445061683654785e-01
-2.362723350524902344e+00 1.972681641578674316e+00 8.026586174964904785e-01 1.456230640411376953e+00 1.249003410339355469e+00
-8.315688371658325195e-01 1.153251647949218750e+00 1.929479837417602539e+00 1.388594508171081543e+00 6.739451736211776733e-02
-8.529970645904541016e-01 1.039164423942565918e+00 6.840852499008178711e-01 7.047733068466186523e-01 4.761369153857231140e-02
-3.702112138271331787e-01 8.321914076805114746e-02 1.035801053047180176e+00 1.773148179054260254e+00 2.800301313400268555e-01
-1.063135743141174316e+00 1.442162156105041504e+00 1.135270833969116211e+00 1.649286389350891113e+00 9.588740468025207520e-01
7.502536773681640625e-01 8.588247299194335938e-01 9.921773672103881836e-01 3.487314283847808838e-01 4.233289659023284912e-01
-1.254008054733276367e+00 -4.330978989601135254e-01 -7.824633717536926270e-01 -1.634588688611984253e-01 8.859892487525939941e-01
2.549395337700843811e-02 9.317506551742553711e-01 3.447260856628417969e-01 3.994348645210266113e-01 4.801588654518127441e-01
-2.934210896492004395e-01 4.638768434524536133e-01 -1.742372214794158936e-01 4.947213828563690186e-01 4.748683571815490723e-01
-4.059256911277770996e-01 9.801506996154785156e-01 1.871362805366516113e+00 1.535919904708862305e+00 2.041333913803100586e-02
-7.416107058525085449e-01 1.328793168067932129e+00 1.305425405502319336e+00 7.592070698738098145e-01 3.590031564235687256e-01
-7.471951842308044434e-01 1.047818660736083984e+00 1.265301823616027832e+00 3.648682236671447754e-01 -1.847046911716461182e-01
-6.709101200103759766e-01 -7.256668806076049805e-02 -5.030923485755920410e-01 2.199805229902267456e-01 -4.952052533626556396e-01
-1.662203431129455566e+00 8.945945501327514648e-01 -7.540958523750305176e-01 -4.603652060031890869e-01 1.195852398872375488e+00
-1.518853425979614258e+00 1.662948846817016602e+00 8.364212512969970703e-01 1.368332386016845703e+00 6.677847504615783691e-01
-1.641305208206176758e+00 1.278320908546447754e+00 4.858884811401367188e-01 1.049582839012145996e+00 -1.527821123600006104e-01
-2.760871052742004395e-01 -7.512412667274475098e-01 -3.048607520759105682e-02 -1.323583245277404785e+00 1.383050680160522461e+00
-3.232072889804840088e-01 1.557869315147399902e+00 9.251838177442550659e-02 1.875975728034973145e-01 -1.372983604669570923e-01
-8.828060626983642578e-01 1.782986044883728027e+00 1.085639953613281250e+00 -2.643136382102966309e-01 7.252454757690429688e-01
-1.660114169120788574e+00 -4.844648838043212891e-01 -7.849816679954528809e-01 -2.248228192329406738e-01 -1.367086023092269897e-01
9.583395719528198242e-01 -1.469911456108093262e+00 9.746512770652770996e-01 -1.112559437751770020e+00 -8.321622014045715332e-01
-7.791672945022583008e-01 5.021969079971313477e-01 -2.526933094486594200e-03 -5.538944602012634277e-01 -1.110825896263122559e+00
-8.591462969779968262e-01 1.051900267601013184e+00 -1.623424172401428223e+00 -6.003081798553466797e-01 4.592470824718475342e-01
-2.558022975921630859e+00 1.329871654510498047e+00 5.952449440956115723e-01 1.647779196500778198e-01 -1.478879004716873169e-01
-1.548199415206909180e+00 9.598154425621032715e-01 6.917277574539184570e-01 5.117424726486206055e-01 9.217780828475952148e-02
-1.206422686576843262e+00 9.276195168495178223e-01 1.331597805023193359e+00 1.013375163078308105e+00 -2.170670330524444580e-01
-6.994465589523315430e-01 1.727951169013977051e+00 1.864097476005554199e+00 1.557709693908691406e+00 1.103543639183044434e+00
-1.133205056190490723e+00 -4.030988812446594238e-01 1.494524359703063965e+00 1.817592740058898926e+00 -7.380670905113220215e-01
-8.449751138687133789e-01 8.694306612014770508e-01 7.898133397102355957e-01 2.643739283084869385e-01 1.642003655433654785e-01
2.130406200885772705e-01 8.969054818153381348e-01 -4.472677409648895264e-02 2.951984107494354248e-01 1.371557861566543579e-01
2.012556642293930054e-01 8.390479683876037598e-01 3.717659711837768555e-01 -1.356009602546691895e+00 -5.234172195196151733e-02
3.463816940784454346e-01 2.090117186307907104e-01 -1.601336836814880371e+00 3.449441492557525635e-01 -4.348652362823486328e-01
-2.148003578186035156e+00 2.158892869949340820e+00 1.314129352569580078e+00 1.531669050455093384e-01 4.015989899635314941e-01
-1.579914987087249756e-02 -5.050945281982421875e-01 -8.182491362094879150e-02 2.388065457344055176e-01 -2.154141962528228760e-01
-7.747488021850585938e-01 1.016313433647155762e+00 -1.819065690040588379e+00 5.823900103569030762e-01 6.524667143821716309e-01
-8.871526718139648438e-01 1.049526691436767578e+00 1.014854669570922852e+00 1.890904307365417480e+00 9.586696624755859375e-01
-1.036577463150024414e+00 5.733568668365478516e-01 1.005527257919311523e+00 1.930433630943298340e+00 4.770999252796173096e-01
6.609288454055786133e-01 -4.261721298098564148e-02 5.413306355476379395e-01 9.934837371110916138e-02 4.749789237976074219e-01
-1.078366398811340332e+00 9.334264993667602539e-01 6.255072951316833496e-01 3.000244200229644775e-01 8.950051665306091309e-02
-4.421829283237457275e-01 -4.714774489402770996e-01 1.745097994804382324e+00 1.394734859466552734e+00 -2.063043713569641113e-01
-1.772247910499572754e+00 1.109964013099670410e+00 2.302979081869125366e-01 9.506101012229919434e-01 7.883725166320800781e-01
-3.368316292762756348e-01 1.344908714294433594e+00 -2.256347686052322388e-01 5.616089105606079102e-01 1.338174939155578613e+00
-2.501865327358245850e-01 1.402843475341796875e+00 1.665584444999694824e-01 1.421192139387130737e-01 4.308173954486846924e-01
-1.753276705741882324e+00 1.525980353355407715e+00 2.046007633209228516e+00 9.748412370681762695e-01 4.609773308038711548e-02
8.886572718620300293e-01 -8.632308244705200195e-01 -1.435001969337463379e+00 -4.281816184520721436e-01 2.528307437896728516e-01
-1.747720837593078613e-01 2.073584645986557007e-01 -3.916682004928588867e-01 1.135359764099121094e+00 5.115540027618408203e-01
-1.630634546279907227e+00 1.242622852325439453e+00 2.309502840042114258e+00 1.251350283622741699e+00 -3.070509731769561768e-01
-8.501775860786437988e-01 1.669692993164062500e+00 1.727104306221008301e+00 2.861915230751037598e-01 4.415665268898010254e-01
-3.050210773944854736e-01 9.988434910774230957e-01 9.309143424034118652e-01 1.617867350578308105e+00 8.284662961959838867e-01
-1.434834122657775879e+00 -1.807045489549636841e-01 -5.594530105590820312e-01 1.695488095283508301e+00 -4.294246733188629150e-01
-4.038109779357910156e-01 -6.619701385498046875e-01 -8.656967282295227051e-01 1.010400891304016113e+00 -1.134033799171447754e+00
-5.503396391868591309e-01 1.394993364810943604e-01 -8.545730710029602051e-01 -1.204149946570396423e-01 1.479185104370117188e+00
9.416506290435791016e-01 -2.681842148303985596e-01 6.255787611007690430e-02 2.482624351978302002e-01 -9.964779615402221680e-01
8.045069128274917603e-02 8.628463149070739746e-01 -4.828827828168869019e-02 8.346405625343322754e-01 1.512284398078918457e+00
-1.228463292121887207e+00 2.087057828903198242e+00 6.773858070373535156e-01 5.506711006164550781e-01 6.664966344833374023e-01
-8.933548927307128906e-01 8.473300337791442871e-01 1.060008257627487183e-01 -1.477462053298950195e-01 9.629716277122497559e-01
-8.561780452728271484e-01 1.594962716102600098e+00 -1.158924341201782227e+00 6.740100383758544922e-01 4.647716581821441650e-01
5.213931798934936523e-01 6.984081864356994629e-02 1.652365446090698242e+00 5.468785762786865234e-01 -1.906789779663085938e+00
-1.702108532190322876e-01 7.444282770156860352e-01 1.751633167266845703e+00 2.847162783145904541e-01 -3.958429694175720215e-01
-1.053824305534362793e+00 -1.378954291343688965e+00 -3.351457417011260986e-01 1.854641139507293701e-01 -5.700095295906066895e-01
1.192037463188171387e+00 -1.072691202163696289e+00 -9.349179267883300781e-01 -6.575415134429931641e-01 -4.616631567478179932e-01
-2.871410846710205078e-01 -6.928058862686157227e-01 -4.526595026254653931e-02 -5.588540062308311462e-02 5.803270265460014343e-02
-6.496373414993286133e-01 -5.270504951477050781e-01 -6.069438531994819641e-02 -5.490119457244873047e-01 -8.911619894206523895e-03
-1.400675415992736816e+00 -2.011002302169799805e+00 -4.697061181068420410e-01 -2.271266281604766846e-01 -5.934903621673583984e-01
7.616767287254333496e-01 2.312332689762115479e-01 -2.550658881664276123e-01 -1.129746317863464355e+00 -5.875403285026550293e-01
-2.110839784145355225e-01 -2.529768049716949463e-01 -9.762319177389144897e-02 5.260000824928283691e-01 1.771540284156799316e+00
1.430243015289306641e+00 -5.142531394958496094e-01 -1.043213248252868652e+00 -3.850988149642944336e-01 7.101786732673645020e-01
4.342435002326965332e-01 -6.507555246353149414e-01 -1.396959304809570312e+00 -1.071463704109191895e+00 2.667904496192932129e-01
1.384183526039123535e+00 -1.130125284194946289e+00 -8.014268875122070312e-01 9.726930856704711914e-01 -6.322453618049621582e-01
-2.272639870643615723e-01 1.058706879615783691e+00 2.134696394205093384e-01 -1.191517353057861328e+00 -5.202124714851379395e-01
8.987925648689270020e-01 7.927775382995605469e-01 3.281592726707458496e-01 9.305155873298645020e-01 3.116657733917236328e-01
-5.101731419563293457e-01 2.575452327728271484e+00 9.290661215782165527e-01 6.311573386192321777e-01 -7.014347314834594727e-01
-5.632864832878112793e-01 -1.843666732311248779e-01 3.410447016358375549e-02 3.069740347564220428e-02 -3.317069709300994873e-01
6.496528387069702148e-01 -5.092056989669799805e-01 -4.600037932395935059e-01 6.316314451396465302e-03 7.586924433708190918e-01
5.325539112091064453e-01 -7.835189253091812134e-02 1.787752029486000538e-03 -6.995217204093933105e-01 7.394656538963317871e-01
-2.733078300952911377e-01 3.174923062324523926e-01 -9.131914377212524414e-01 -3.424560278654098511e-02 1.591563344001770020e+00
-6.652451157569885254e-01 -5.657488703727722168e-01 -1.008731648325920105e-01 -1.617701530456542969e+00 -2.370552301406860352e+00
-1.354775905609130859e+00 2.016342163085937500e+00 2.470381021499633789e+00 1.875460982322692871e+00 5.449533462524414062e-01
-1.517492771148681641e+00 1.681884765625000000e+00 2.006458282470703125e+00 2.425627470016479492e+00 9.082503914833068848e-01
-1.213641762733459473e+00 1.119463562965393066e+00 2.148334980010986328e+00 2.627158164978027344e+00 7.844957709312438965e-01
-1.809639483690261841e-01 -1.610769033432006836e-01 -4.448586702346801758e-01 1.492484569549560547e+00 9.669735431671142578e-01
-1.754327535629272461e+00 1.630382061004638672e+00 1.802346587181091309e+00 2.150050401687622070e+00 1.027914643287658691e+00
7.920569181442260742e-01 6.086639314889907837e-02 8.752366900444030762e-01 1.187116146087646484e+00 7.473444938659667969e-01
9.893518090248107910e-01 1.861250638961791992e+00 1.696252465248107910e+00 1.210856080055236816e+00 1.914267182350158691e+00
-9.784420728683471680e-01 1.471305012702941895e+00 2.210972785949707031e+00 1.850896835327148438e+00 6.782699823379516602e-01
-1.049695491790771484e+00 1.814980983734130859e+00 1.674976110458374023e+00 3.432338833808898926e-01 6.336644887924194336e-01
-9.167424440383911133e-01 6.071736663579940796e-02 5.524343848228454590e-01 1.559379816055297852e+00 3.206879496574401855e-01
2.103056907653808594e-01 5.134363770484924316e-01 1.055323481559753418e+00 1.189957380294799805e+00 3.558524847030639648e-01
-1.992168664932250977e+00 2.289993047714233398e+00 1.836655020713806152e+00 9.561514258384704590e-01 5.197005271911621094e-01
-1.083908319473266602e+00 1.299331068992614746e+00 1.193180799484252930e+00 8.612915873527526855e-01 1.507729142904281616e-01
-8.507525324821472168e-01 1.491719245910644531e+00 1.275203347206115723e+00 1.479796767234802246e+00 5.209881663322448730e-01
9.200831502676010132e-02 2.458875179290771484e+00 1.703135371208190918e+00 6.976155638694763184e-01 1.302124261856079102e+00
-1.493341177701950073e-01 2.660643458366394043e-01 6.239777803421020508e-01 4.935053288936614990e-01 -5.150564312934875488e-01
-1.465842843055725098e+00 1.451362252235412598e+00 3.066708743572235107e-01 -1.169679880142211914e+00 -2.253939658403396606e-01
-5.229143500328063965e-01 2.914386093616485596e-01 3.802441060543060303e-02 8.804994821548461914e-01 -4.803882837295532227e-01
-1.491463422775268555e+00 1.630030155181884766e+00 -2.301796078681945801e-01 -1.619251370429992676e-01 2.325154691934585571e-01
-1.519343256950378418e+00 -5.659208297729492188e-01 -1.159809470176696777e+00 6.076718568801879883e-01 8.811082243919372559e-01
5.355442315340042114e-02 -3.011907935142517090e-01 -1.852913796901702881e-01 -6.198335289955139160e-01 -7.534576058387756348e-01
7.824699282646179199e-01 -8.341501355171203613e-01 -1.101415991783142090e+00 1.202500343322753906e+00 1.039881825447082520e+00
7.161414623260498047e-01 1.180794239044189453e+00 1.431573331356048584e-01 -2.236320495605468750e+00 6.196103692054748535e-01
-2.526322364807128906e+00 1.975346803665161133e+00 1.739054203033447266e+00 2.818901062011718750e+00 1.484255433082580566e+00
-1.174373626708984375e+00 5.311987996101379395e-01 -4.814926683902740479e-01 3.967193365097045898e-01 5.329302549362182617e-01
1.137213706970214844e-01 3.775359094142913818e-01 -7.785523533821105957e-01 -8.836255073547363281e-01 -5.906755328178405762e-01
-9.390746951103210449e-01 2.639512777328491211e+00 -2.542461156845092773e-01 9.002235531806945801e-02 8.836945295333862305e-01
-1.296842396259307861e-01 -6.726424694061279297e-01 1.503836035728454590e+00 2.096626996994018555e+00 -6.544511318206787109e-01
-2.156773805618286133e+00 1.429768919944763184e+00 1.264019131660461426e+00 1.612658977508544922e+00 7.168606519699096680e-01
-2.450055599212646484e+00 2.588514804840087891e+00 1.558053493499755859e+00 2.012871742248535156e+00 1.807798027992248535e+00
-1.183235287666320801e+00 1.370722413063049316e+00 2.046816587448120117e+00 1.988068103790283203e+00 3.863150477409362793e-01
1.872836828231811523e+00 -5.132116079330444336e-01 -2.683193385601043701e-01 1.169280529022216797e+00 -5.296055078506469727e-01
-9.344094991683959961e-01 -1.700191646814346313e-01 -7.706237435340881348e-01 2.683895230293273926e-01 7.280040383338928223e-01
-9.124341607093811035e-01 9.690845012664794922e-01 4.686161875724792480e-01 6.230387687683105469e-01 4.569076299667358398e-01
6.928618550300598145e-01 2.068654298782348633e+00 1.348502516746520996e+00 7.502381801605224609e-01 1.001229405403137207e+00
8.895850926637649536e-02 -6.374961137771606445e-01 1.691366434097290039e+00 -1.740048527717590332e-01 -2.200575590133666992e+00
3.003230392932891846e-01 1.127872467041015625e+00 9.935989379882812500e-01 -1.742735058069229126e-01 3.340845108032226562e-01
-8.820838928222656250e-01 1.175872445106506348e+00 -3.837716877460479736e-01 1.432628154754638672e+00 7.134156823158264160e-01
-2.246140718460083008e+00 3.208190679550170898e+00 2.547297000885009766e+00 1.680825948715209961e+00 1.172727465629577637e+00
-9.609237909317016602e-01 1.350640654563903809e+00 1.658002972602844238e+00 1.415346384048461914e+00 4.198716878890991211e-01
-1.490890860557556152e+00 2.068181991577148438e+00 1.565406441688537598e+00 9.870759248733520508e-01 8.432350158691406250e-01
-2.304374724626541138e-01 -1.710819005966186523e-01 9.870193898677825928e-02 5.105295777320861816e-01 2.175801694393157959e-01
3.432735502719879150e-01 1.727647930383682251e-01 2.061979532241821289e+00 9.864659905433654785e-01 -4.810602962970733643e-01
5.972458794713020325e-02 -7.853703200817108154e-02 5.630828142166137695e-01 1.664224028587341309e+00 3.162512481212615967e-01
6.492191553115844727e-01 -1.106496993452310562e-02 9.099094867706298828e-01 1.137956261634826660e+00 3.764330148696899414e-01
6.426503509283065796e-02 8.071820735931396484e-01 3.760198652744293213e-01 6.781747937202453613e-01 2.503667175769805908e-01
-2.069851905107498169e-01 -3.723839670419692993e-02 -3.851956129074096680e-02 1.821594119071960449e+00 2.318456023931503296e-01
-1.165223240852355957e+00 8.299424052238464355e-01 1.501294851303100586e+00 7.625555396080017090e-01 8.528294563293457031e-01
-6.141734123229980469e-01 -1.703563451766967773e+00 -1.446161031723022461e+00 7.676430344581604004e-01 5.149434208869934082e-01
-1.585377097129821777e+00 6.593933105468750000e-01 1.237772822380065918e+00 1.550872683525085449e+00 -2.159727066755294800e-01
8.181788921356201172e-01 5.116863250732421875e-01 1.990740299224853516e+00 1.310643434524536133e+00 3.072752952575683594e-01
-2.244226455688476562e+00 1.575543433427810669e-01 -3.318671286106109619e-01 5.877621769905090332e-01 -4.431158304214477539e-02
1.251061707735061646e-01 -3.796686232089996338e-01 4.562966227531433105e-01 1.438212275505065918e+00 -1.613745093345642090e-01
-3.920571208000183105e-01 1.763851404190063477e+00 1.938327193260192871e+00 1.498077660799026489e-01 2.569870650768280029e-01
-7.687863707542419434e-02 2.852133214473724365e-01 9.462217688560485840e-01 1.822478055953979492e+00 3.370653688907623291e-01
-8.006789684295654297e-01 1.044043660163879395e+00 1.494367480278015137e+00 8.196066617965698242e-01 2.886465787887573242e-01
-8.562238812446594238e-01 2.682245373725891113e-01 9.897707700729370117e-01 1.176355957984924316e+00 1.103282049298286438e-01
-2.220582485198974609e+00 3.939544260501861572e-01 -1.064859867095947266e+00 8.292437195777893066e-01 1.054465055465698242e+00
-1.258482575416564941e+00 8.355071544647216797e-01 1.772459410130977631e-02 -4.712156057357788086e-01 -8.284991383552551270e-01
-5.367696881294250488e-01 2.333315908908843994e-01 1.648004651069641113e+00 1.093136548995971680e+00 2.963768243789672852e-01
-8.677603006362915039e-01 6.941049695014953613e-01 1.561996102333068848e+00 1.322225689888000488e+00 -2.361357212066650391e-01
-8.340569734573364258e-01 4.291423261165618896e-01 1.396591305732727051e+00 7.344596982002258301e-01 -5.481609106063842773e-01
-9.520106911659240723e-01 1.816687345504760742e+00 1.575724005699157715e+00 9.523651003837585449e-01 8.014241456985473633e-01
-7.528821825981140137e-01 1.135874152183532715e+00 3.221707940101623535e-01 1.143848061561584473e+00 4.730097651481628418e-01
-1.027544617652893066e+00 4.816575944423675537e-01 1.221698403358459473e+00 -2.037834674119949341e-01 -7.114869356155395508e-01
2.423418015241622925e-01 1.270569562911987305e+00 -1.209275051951408386e-02 5.368523597717285156e-01 1.466384172439575195e+00
-1.013789296150207520e+00 1.470823884010314941e+00 -3.632830679416656494e-01 -1.464561104774475098e+00 2.118862718343734741e-01
8.619382381439208984e-01 6.950412988662719727e-01 1.643426775932312012e+00 1.096943855285644531e+00 3.896788656711578369e-01
-1.068104386329650879e+00 7.694708108901977539e-01 -1.083535075187683105e+00 2.945655286312103271e-01 1.501009821891784668e+00
6.484106183052062988e-01 3.298059850931167603e-02 4.891648292541503906e-01 3.711545765399932861e-01 -6.693552136421203613e-01
-2.731742858886718750e-01 2.422240823507308960e-01 2.770608663558959961e-01 4.703974723815917969e-01 -3.987372815608978271e-01
6.928743720054626465e-01 -1.564432501792907715e+00 7.284277677536010742e-02 -1.601796030998229980e+00 -1.057447552680969238e+00
6.450088620185852051e-01 2.755532741546630859e+00 -7.983093857765197754e-01 -1.496248483657836914e+00 2.945141494274139404e-01
7.447051405906677246e-01 -1.723037511110305786e-01 -1.314279586076736450e-01 -1.325164556503295898e+00 4.167085289955139160e-01
7.787841558456420898e-01 1.453159332275390625e+00 -1.131572052836418152e-01 -1.295257329940795898e+00 2.866432964801788330e-01
-4.655180573463439941e-01 -2.167682200670242310e-01 8.208880200982093811e-03 4.913462996482849121e-01 -7.745698839426040649e-02
-2.526341438293457031e+00 3.174679994583129883e+00 2.882813930511474609e+00 2.193389415740966797e+00 1.002589225769042969e+00
-1.865489959716796875e+00 3.258207798004150391e+00 3.241938829421997070e+00 2.037376880645751953e+00 1.040380120277404785e+00
-1.865990877151489258e+00 3.583738088607788086e+00 3.188117742538452148e+00 2.014734983444213867e+00 1.449016332626342773e+00
-5.199362039566040039e-01 8.525403141975402832e-01 3.290893733501434326e-01 4.103696942329406738e-01 -3.375315070152282715e-01
-1.260282754898071289e+00 -3.359620273113250732e-01 -6.953679323196411133e-01 -2.965053319931030273e-01 4.439623355865478516e-01
1.553214192390441895e-01 1.166997909545898438e+00 1.873910546302795410e+00 -3.769337534904479980e-01 -7.287022471427917480e-02
-2.074650049209594727e+00 7.520738244056701660e-02 4.626398980617523193e-01 -2.332168817520141602e-01 1.130354762077331543e+00
3.149879351258277893e-02 -3.678470849990844727e-01 -1.347756862640380859e+00 3.197384765371680260e-03 8.131676912307739258e-01
4.558580517768859863e-01 1.099735140800476074e+00 4.063400924205780029e-01 1.206122517585754395e+00 -5.805336833000183105e-01
-1.313927650451660156e+00 9.683145880699157715e-01 -1.072950363159179688e+00 -1.161729544401168823e-01 1.445296525955200195e+00
-1.648822426795959473e+00 2.688802957534790039e+00 2.835489749908447266e+00 2.109182834625244141e+00 9.794405102729797363e-01
-2.079884529113769531e+00 3.215848207473754883e+00 2.863364458084106445e+00 1.578078150749206543e+00 9.389413595199584961e-01
-1.214864492416381836e+00 3.025286912918090820e+00 2.970293760299682617e+00 1.992741823196411133e+00 1.387682557106018066e+00
1.661350876092910767e-01 2.461318254470825195e+00 9.030143171548843384e-02 2.465341687202453613e-01 1.221802353858947754e+00
-1.040980577468872070e+00 2.113128900527954102e+00 1.687347531318664551e+00 1.930332899093627930e+00 6.847262382507324219e-01
-2.710269093513488770e-01 9.712958335876464844e-01 5.432556271553039551e-01 5.795110464096069336e-01 2.568376958370208740e-01
-8.233772963285446167e-02 -1.348240256309509277e+00 1.739103794097900391e+00 -4.541563689708709717e-01 -7.240343093872070312e-01
-7.327507734298706055e-01 1.994424223899841309e+00 1.951814889907836914e+00 1.289855360984802246e+00 -1.516880840063095093e-01
-1.192592620849609375e+00 2.170466184616088867e+00 2.569216489791870117e+00 -2.774633839726448059e-02 -1.492376476526260376e-01
-2.183961719274520874e-01 -4.289875030517578125e-01 2.398643046617507935e-01 -5.923712849617004395e-01 6.571639180183410645e-01
-2.554675340652465820e-01 6.997675448656082153e-02 3.246355354785919189e-01 2.929588258266448975e-01 3.771800994873046875e-01
-4.544534981250762939e-01 7.329860329627990723e-01 -6.955812871456146240e-02 8.129265904426574707e-01 -1.103738069534301758e+00
2.686935067176818848e-01 1.621077060699462891e+00 -1.572223156690597534e-01 5.837899446487426758e-01 1.387738287448883057e-01
-7.001244425773620605e-01 1.393444418907165527e+00 5.382788553833961487e-02 -2.397768050432205200e-01 6.035600304603576660e-01
1.075656175613403320e+00 1.142637252807617188e+00 -4.046201407909393311e-01 -7.095912098884582520e-02 1.118174940347671509e-01
-8.136554360389709473e-01 1.749264359474182129e+00 1.070712447166442871e+00 3.337199687957763672e-01 6.027459502220153809e-01
-1.492348670959472656e+00 2.353037297725677490e-01 1.893052905797958374e-01 1.413769006729125977e+00 6.021640077233314514e-02
-1.493948578834533691e+00 1.754261732101440430e+00 7.045305371284484863e-01 8.306955099105834961e-01 7.772069573402404785e-01
-1.584627509117126465e+00 1.554053544998168945e+00 1.973011136054992676e+00 2.496888399124145508e+00 4.966291189193725586e-01
-7.863725423812866211e-01 9.713079333305358887e-01 2.286412715911865234e+00 2.826405763626098633e+00 1.522733122110366821e-01
3.358942866325378418e-01 7.548364996910095215e-01 -4.515722021460533142e-02 6.214348673820495605e-01 5.126965045928955078e-01
-1.244086027145385742e+00 -6.400825977325439453e-01 -1.556023836135864258e+00 9.407105445861816406e-01 1.014754056930541992e+00
-1.950762629508972168e+00 1.078410387039184570e+00 1.252607464790344238e+00 9.538891911506652832e-01 -2.013158500194549561e-01
-7.542187571525573730e-01 9.710504412651062012e-01 1.551066637039184570e+00 1.306095004081726074e+00 -4.057745635509490967e-01
-1.373395681381225586e+00 2.107680559158325195e+00 1.109149932861328125e+00 1.239403605461120605e+00 9.170637130737304688e-01
1.029698133468627930e+00 8.368701934814453125e-01 9.256127476692199707e-01 1.610619574785232544e-01 -1.711386889219284058e-01
-1.023482680320739746e+00 1.573879420757293701e-01 1.362352520227432251e-01 4.105066061019897461e-01 2.452780723571777344e+00
9.235768318176269531e-01 -1.462919950485229492e+00 2.043983787298202515e-01 -9.286774396896362305e-01 8.201121687889099121e-01
-1.554572939872741699e+00 6.956593692302703857e-02 -4.521641433238983154e-01 1.848369240760803223e-01 9.381676316261291504e-01
-1.147635817527770996e+00 1.450628757476806641e+00 2.530685901641845703e+00 1.843753933906555176e+00 -2.251194044947624207e-02
-6.986187696456909180e-01 2.177372455596923828e+00 2.902214050292968750e+00 1.056010127067565918e+00 4.465904235839843750e-01
-7.802186608314514160e-01 2.139058113098144531e+00 2.502327442169189453e+00 1.715432524681091309e+00 9.535614252090454102e-01
-4.835309386253356934e-01 1.747821331024169922e+00 2.654001712799072266e+00 1.479573726654052734e+00 3.887439668178558350e-01
-1.306418895721435547e+00 1.825980424880981445e+00 2.330011844635009766e+00 1.179942607879638672e+00 1.697697192430496216e-01
-7.493546605110168457e-01 1.879951119422912598e+00 2.191903829574584961e+00 1.252240419387817383e+00 6.156971454620361328e-01
-1.673672318458557129e+00 1.677898883819580078e+00 1.739125490188598633e+00 1.848500609397888184e+00 7.126970291137695312e-01
-6.302372813224792480e-01 6.949698328971862793e-01 1.386549949645996094e+00 1.069016814231872559e+00 2.817072391510009766e+00
-2.128214240074157715e-01 -2.367427349090576172e-01 -1.459424972534179688e+00 -3.626778125762939453e-01 2.425004690885543823e-01
-2.073692679405212402e-01 -1.567368954420089722e-01 -2.836154215037822723e-02 -8.064692616462707520e-01 6.448984742164611816e-01
-2.423647940158843994e-01 1.331164002418518066e+00 -9.714593291282653809e-01 1.511579513549804688e+00 2.753354549407958984e+00
8.633983135223388672e-01 -2.145874500274658203e-01 3.711994588375091553e-01 -7.779992222785949707e-01 8.229755759239196777e-01
-1.720545291900634766e+00 1.866163015365600586e+00 1.646516919136047363e+00 2.157958030700683594e+00 7.732480168342590332e-01
-4.538028836250305176e-01 1.830487370491027832e+00 1.774390578269958496e+00 1.566348075866699219e+00 8.786939978599548340e-01
-6.347808837890625000e-01 1.782653570175170898e+00 2.608322381973266602e+00 1.195764064788818359e+00 -5.891171842813491821e-02
-1.339350461959838867e+00 1.507502317428588867e+00 1.625034213066101074e+00 2.272337436676025391e+00 2.235613912343978882e-01
-5.231525301933288574e-01 1.688875913619995117e+00 2.086774587631225586e+00 1.664844751358032227e+00 3.075582683086395264e-01
-1.575975179672241211e+00 2.369771718978881836e+00 1.455197691917419434e+00 1.526457428932189941e+00 7.898600697517395020e-01
-9.340164661407470703e-01 2.170350551605224609e+00 1.497706770896911621e+00 1.307559609413146973e+00 8.333310484886169434e-01
2.482754886150360107e-01 9.814510345458984375e-01 6.796188950538635254e-01 2.334105968475341797e+00 1.347809791564941406e+00
1.173443645238876343e-01 2.313610762357711792e-01 -3.819203674793243408e-01 -1.161020398139953613e+00 -3.300926089286804199e-01
-3.773953616619110107e-01 2.807494699954986572e-01 -1.096600174903869629e+00 -6.758833676576614380e-02 3.072099387645721436e-01
1.304294943809509277e+00 -1.004488945007324219e+00 1.090771913528442383e+00 3.477759361267089844e-01 -6.244957447052001953e-01
-4.468765258789062500e-01 -4.588794708251953125e-01 1.371570348739624023e+00 -7.157162427902221680e-01 6.754452586174011230e-01
-9.236430525779724121e-01 -7.500860095024108887e-01 -9.556215256452560425e-02 -7.635743170976638794e-02 1.452309727668762207e+00
