2.523681819438934326e-01 -2.507267892360687256e-01 -1.578735560178756714e-01
1.097517367452383041e-02 -6.643205285072326660e-01 7.597316801548004150e-02
7.223586440086364746e-01 2.575802505016326904e-01 -1.129902124404907227e+00
2.109750986099243164e+00 -6.129785180091857910e-01 8.725868463516235352e-01
-4.494135975837707520e-01 5.403254628181457520e-01 -8.713690638542175293e-01
1.982848048210144043e-01 -1.424885272979736328e+00 -2.983442693948745728e-02
-6.107505559921264648e-01 2.306850254535675049e-01 2.089643850922584534e-02
1.437213122844696045e-01 -3.797730505466461182e-01 4.252950847148895264e-02
-5.012281537055969238e-01 -2.943979203701019287e-01 -8.331413269042968750e-01
2.028451561927795410e-01 -4.830979704856872559e-01 1.335822045803070068e-01
-9.438875317573547363e-01 -1.314664483070373535e+00 -7.052765786647796631e-02
-7.959247827529907227e-01 -1.223807811737060547e+00 -3.445599377155303955e-01
-1.372186183929443359e+00 -3.068310976028442383e+00 8.375256061553955078e-01
3.199123442173004150e-01 -1.463812232017517090e+00 -2.881694436073303223e-01
-8.781529068946838379e-01 8.000656366348266602e-01 1.211540102958679199e+00
4.256599843502044678e-01 1.043557405471801758e+00 -1.030604720115661621e+00
1.165328979492187500e+00 -4.628804922103881836e-01 6.772270202636718750e-01
-1.128749132156372070e+00 -2.878805875778198242e+00 -1.393905933946371078e-02
-1.326289892196655273e+00 -3.152946233749389648e+00 9.057646989822387695e-01
3.559032380580902100e-01 3.820524811744689941e-01 4.643251597881317139e-01
2.101881653070449829e-01 -5.187823772430419922e-01 -9.533494710922241211e-01
1.450001835823059082e+00 9.371170401573181152e-01 9.889306873083114624e-02
6.455721855163574219e-01 -1.546345591545104980e+00 4.327685236930847168e-01
1.861863970756530762e+00 -4.615288674831390381e-01 -1.216264009475708008e+00
9.168841242790222168e-01 -1.317249298095703125e+00 1.823415979743003845e-02
5.245339870452880859e-01 -1.191060900688171387e+00 3.159711956977844238e-01
5.324041843414306641e-01 -1.223746657371520996e+00 3.312058448791503906e-01
7.177847623825073242e-01 1.753865182399749756e-01 9.062189459800720215e-01
1.352509021759033203e+00 -8.202211260795593262e-01 -4.829217493534088135e-01
7.867549061775207520e-01 3.217898607254028320e-01 -9.070379137992858887e-01
2.734348410740494728e-03 -7.194151282310485840e-01 1.156403198838233948e-01
-3.949924409389495850e-01 -5.870422124862670898e-01 -1.487969458103179932e-01
5.164064168930053711e-01 -6.251318454742431641e-01 -3.881908059120178223e-01
3.359546363353729248e-01 -3.976126909255981445e-01 7.917188853025436401e-02
-7.036266326904296875e-01 2.277972400188446045e-01 -4.459800422191619873e-01
-6.086864694952964783e-02 -1.087418079376220703e+00 1.540889501571655273e+00
9.939292669296264648e-01 -6.403235197067260742e-01 2.280934303998947144e-01
9.108375906944274902e-01 -9.028174877166748047e-01 -2.138472348451614380e-01
1.399485349655151367e+00 -5.986989140510559082e-01 -5.681518316268920898e-01
1.378839492797851562e+00 -4.558959603309631348e-01 4.597087502479553223e-01
5.214821100234985352e-01 -6.206867098808288574e-01 7.065315246582031250e-01
2.908540070056915283e-01 -5.013139247894287109e-01 2.998597919940948486e-02
1.584752351045608521e-01 -1.285356134176254272e-01 -7.607299685478210449e-01
5.108948945999145508e-01 1.079199314117431641e+00 3.002153158187866211e+00
-1.522594332695007324e+00 4.549488127231597900e-01 -1.538185477256774902e+00
-1.908913254737854004e-01 -6.162563562393188477e-01 8.703207373619079590e-01
1.364650726318359375e+00 -1.521912962198257446e-01 4.390229284763336182e-02
9.166898131370544434e-01 1.453534960746765137e-01 -1.617862820625305176e+00
1.881448328495025635e-01 -1.406223297119140625e+00 7.476571202278137207e-01
1.580568432807922363e+00 3.496793508529663086e-01 2.282875925302505493e-01
7.995439767837524414e-01 -2.719255983829498291e-01 9.223947525024414062e-01
-2.672435939311981201e-01 5.666038393974304199e-01 7.795187234878540039e-01
-1.207835555076599121e+00 -1.412336349487304688e+00 1.339328408241271973e+00
-2.771645784378051758e-01 5.247224569320678711e-01 6.018759608268737793e-01
-1.562650650739669800e-01 -7.415311783552169800e-02 -1.206403851509094238e+00
1.358433961868286133e+00 -8.616693019866943359e-01 1.249196290969848633e+00
1.236465349793434143e-01 -8.236635923385620117e-01 2.184226751327514648e+00
8.535519242286682129e-01 -2.671674787998199463e-01 1.162625908851623535e+00
9.931387007236480713e-02 -1.151092648506164551e-01 2.635037526488304138e-02
4.101207479834556580e-02 -1.638599634170532227e-01 9.904100745916366577e-02
2.313892357051372528e-02 -1.671188324689865112e-01 1.250812560319900513e-01
3.966628015041351318e-01 1.631127893924713135e-01 -3.250713646411895752e-01
1.798409074544906616e-01 3.481591492891311646e-02 -8.929929882287979126e-02
1.350666165351867676e+00 5.173172950744628906e-01 -1.479344844818115234e+00
1.088421463966369629e+00 3.395739197731018066e-01 -1.167886853218078613e+00
2.999910116195678711e-01 -1.079601407051086426e+00 1.335285454988479614e-01
6.379946470260620117e-01 -7.585824728012084961e-01 -3.754233419895172119e-01
4.176802933216094971e-01 -2.083603739738464355e-01 -2.133785724639892578e+00
-1.311328768730163574e+00 -6.212677955627441406e-01 -1.347462654113769531e+00
7.065137028694152832e-01 -5.279693603515625000e-01 -7.630268484354019165e-02
1.434709906578063965e+00 1.438497304916381836e-01 -1.046860337257385254e+00
7.216434478759765625e-01 -1.314996957778930664e+00 3.907378017902374268e-01
5.780314207077026367e-01 -1.436835527420043945e+00 6.123793125152587891e-01
2.787356078624725342e-01 -6.065204739570617676e-01 -6.531168818473815918e-01
2.096176743507385254e-01 -6.081590652465820312e-01 -6.191205382347106934e-01
3.836187720298767090e-01 -9.395451545715332031e-01 7.084545493125915527e-02
9.779940247535705566e-01 -4.216339290142059326e-01 -7.664701938629150391e-01
1.358368039131164551e+00 -3.933135569095611572e-01 -1.311244487762451172e+00
5.977227687835693359e-01 -9.637376070022583008e-01 -3.157788515090942383e-01
5.245710611343383789e-01 -7.352457046508789062e-01 -3.155866563320159912e-01
7.445932030677795410e-01 -9.202556014060974121e-01 -2.811135947704315186e-01
9.510961174964904785e-01 -7.689186930656433105e-01 -5.513255596160888672e-01
1.063171267509460449e+00 1.912429779767990112e-01 -9.435236454010009766e-02
1.173995018005371094e+00 7.947515249252319336e-01 -1.446922898292541504e+00
5.859091281890869141e-01 1.961294412612915039e-01 -1.112335324287414551e+00
4.182871282100677490e-01 4.918066784739494324e-02 -8.805915713310241699e-01
-8.379326462745666504e-01 -8.223736882209777832e-01 1.529293775558471680e+00
3.459267318248748779e-01 1.658452630043029785e+00 -4.286998510360717773e-01
2.880614101886749268e-01 -4.459298849105834961e-01 -1.048691987991333008e+00
9.775411486625671387e-01 -7.408766746520996094e-01 -7.017313037067651749e-04
2.453191727399826050e-01 -7.240218520164489746e-01 2.415249645709991455e-01
-1.001765355467796326e-01 -8.871920704841613770e-01 6.237093806266784668e-01
1.215651869773864746e+00 -3.196848928928375244e-01 -1.796837449073791504e+00
9.156836271286010742e-01 -7.122527360916137695e-01 -1.128126025199890137e+00
-1.615907669067382812e+00 -7.217415571212768555e-01 1.107860088348388672e+00
-3.412841558456420898e-01 -3.597528338432312012e-01 -2.726400196552276611e-01
3.749344050884246826e-01 4.961211979389190674e-01 1.769435286521911621e+00
2.651089727878570557e-01 3.537797331809997559e-01 1.932126641273498535e+00
-7.003233768045902252e-04 -1.164978861808776855e+00 8.264702558517456055e-01
7.180997133255004883e-01 -4.203607738018035889e-01 -2.560309171676635742e-01
3.781824111938476562e-01 -1.075363278388977051e+00 4.100334644317626953e-01
2.506568133831024170e-01 -1.166046261787414551e+00 5.724970102310180664e-01
7.287693023681640625e-01 7.440626025199890137e-01 -5.733275413513183594e-01
8.411109447479248047e-01 8.294767737388610840e-01 -7.098079919815063477e-01
2.341081798076629639e-01 -5.648605823516845703e-01 3.890273571014404297e-01
4.181182086467742920e-01 -3.771919608116149902e-01 1.365555822849273682e-01
1.304133892059326172e+00 8.311201333999633789e-01 -1.684264302253723145e+00
1.493273735046386719e+00 1.023969411849975586e+00 -1.910525441169738770e+00
1.062516570091247559e+00 -1.017523288726806641e+00 -8.803538680076599121e-01
1.856268644332885742e-01 -5.151968002319335938e-01 3.420160114765167236e-01
2.864761948585510254e-01 -4.411313533782958984e-01 2.150811702013015747e-01
1.388951539993286133e+00 -5.906408280134201050e-02 -1.429337739944458008e+00
1.125963091850280762e+00 -4.362145662307739258e-01 -7.607793211936950684e-01
9.921284317970275879e-01 6.406346559524536133e-01 -8.224732875823974609e-01
-1.182304397225379944e-01 -1.084518074989318848e+00 1.015556454658508301e+00
1.042726039886474609e+00 2.782368659973144531e-01 -1.731739401817321777e+00
-4.164589941501617432e-01 -1.113678693771362305e+00 4.499992430210113525e-01
6.314688920974731445e-01 -4.164619445800781250e-01 -4.233919382095336914e-01
2.288114577531814575e-01 -9.570999145507812500e-01 -2.515787184238433838e-01
5.152773857116699219e-01 -7.477434277534484863e-01 -7.207057476043701172e-01
1.607520729303359985e-01 -1.013398408889770508e+00 -1.118733286857604980e-01
5.590818524360656738e-01 1.345346212387084961e+00 -2.588684670627117157e-02
6.360644102096557617e-01 -7.488036155700683594e-01 -1.180538773536682129e+00
-4.771094322204589844e-01 -1.007538586854934692e-01 -8.250443935394287109e-01
1.508076906204223633e+00 -1.028594851493835449e+00 1.307482123374938965e+00
9.808340668678283691e-01 -4.737361669540405273e-01 -1.018459320068359375e+00
7.724114060401916504e-01 -7.563431262969970703e-01 -6.231157779693603516e-01
5.783442854881286621e-01 -9.415909051895141602e-01 -2.971096932888031006e-01
9.282056093215942383e-01 -1.419065952301025391e+00 1.068356752395629883e+00
9.932034015655517578e-01 -2.671610377728939056e-02 -9.672855734825134277e-01
7.578898668289184570e-01 -9.730035662651062012e-01 -4.955477118492126465e-01
1.000705242156982422e+00 -7.477136850357055664e-01 -8.491390347480773926e-01
-8.937793374061584473e-01 -9.026072025299072266e-01 9.339687824249267578e-01
2.530835568904876709e-01 -5.911496877670288086e-01 -3.069431185722351074e-01
4.451910853385925293e-01 -4.464290440082550049e-01 -6.809073686599731445e-01
-1.011685013771057129e+00 -4.178842604160308838e-01 -2.376886010169982910e-01
6.218726634979248047e-01 -7.908064126968383789e-02 -6.757016181945800781e-01
4.889655709266662598e-01 -2.123371511697769165e-01 -4.359636008739471436e-01
8.911874890327453613e-01 -8.045904636383056641e-01 -5.580218434333801270e-01
-1.018672943115234375e+00 -9.091830253601074219e-01 -4.199987351894378662e-01
-6.302379965782165527e-01 1.275089025497436523e+00 1.177633285522460938e+00
5.448274016380310059e-01 1.521820783615112305e+00 -2.428455591201782227e+00
-4.770107269287109375e-01 -6.161171197891235352e-01 -1.459277868270874023e-01
-8.564726114273071289e-01 -5.488269925117492676e-01 1.453212141990661621e+00
2.570760250091552734e-01 -5.716360807418823242e-01 3.869235813617706299e-01
-1.630173027515411377e-01 -6.776117682456970215e-01 -7.919050753116607666e-02
3.545378148555755615e-01 -1.233783721923828125e+00 3.380027413368225098e-01
4.273065030574798584e-01 -9.943535327911376953e-01 -6.517035514116287231e-02
6.270878314971923828e-01 -2.821058928966522217e-01 -1.031840443611145020e+00
5.450891256332397461e-01 3.353433012962341309e-01 -8.960435390472412109e-01
5.521253123879432678e-02 2.158887684345245361e-01 -3.322203159332275391e-01
-2.039815783500671387e-01 -3.439452350139617920e-01 -4.616765379905700684e-01
7.657158970832824707e-01 -1.229746222496032715e+00 1.137334704399108887e+00
5.637664198875427246e-01 -1.076606869697570801e+00 1.053517777472734451e-02
2.832487821578979492e-01 -1.122605279088020325e-01 -7.301542907953262329e-02
-1.454613506793975830e-01 -7.356582283973693848e-01 -2.285367697477340698e-01
-1.922165974974632263e-02 4.292333871126174927e-02 -1.289077520370483398e+00
1.899285614490509033e-01 1.525672152638435364e-02 6.456524133682250977e-01
9.456158876419067383e-01 -1.410290122032165527e+00 -4.000751674175262451e-01
8.336412906646728516e-01 -1.479479789733886719e+00 -2.317516058683395386e-01
1.022227168083190918e+00 -5.459733009338378906e-01 -1.041893810033798218e-01
1.068948358297348022e-01 3.963294625282287598e-01 2.609171867370605469e-01
6.354493647813796997e-02 -1.072798848152160645e+00 7.697458267211914062e-01
2.549716532230377197e-01 -9.716271758079528809e-01 4.837281703948974609e-01
-1.018388509750366211e+00 3.972825706005096436e-01 9.943928122520446777e-01
-4.600239396095275879e-01 -8.668984770774841309e-01 -9.964792132377624512e-01
9.970550984144210815e-02 -6.843413114547729492e-01 3.410040633752942085e-03
4.705258607864379883e-01 -4.048618674278259277e-01 -5.149837732315063477e-01
8.744070529937744141e-01 -5.246624946594238281e-01 -9.105197191238403320e-01
7.389491796493530273e-01 -6.395435929298400879e-01 -7.452937960624694824e-01
-3.932772576808929443e-02 -1.408212304115295410e+00 5.672584176063537598e-01
5.444253683090209961e-01 1.118364483118057251e-01 3.207443356513977051e-01
4.175421595573425293e-01 -5.572523474693298340e-01 -6.760349273681640625e-01
2.826670706272125244e-01 -6.749705672264099121e-01 -4.556846916675567627e-01
5.542488694190979004e-01 -6.407064199447631836e-01 -4.710740149021148682e-01
2.089291363954544067e-01 -9.235418438911437988e-01 5.168738216161727905e-02
-1.166207909584045410e+00 -1.261369943618774414e+00 8.376510143280029297e-01
3.829469680786132812e-01 -2.715002775192260742e+00 -2.262154519557952881e-01
6.091741323471069336e-01 -5.704287290573120117e-01 -5.631275773048400879e-01
1.005675315856933594e+00 -1.356039494276046753e-01 -1.236694216728210449e+00
-2.804011292755603790e-02 7.310951948165893555e-01 -7.069525718688964844e-01
-1.234634995460510254e+00 -9.992401599884033203e-01 -9.360975772142410278e-02
-5.267121791839599609e-01 6.514303684234619141e-01 2.366560399532318115e-01
-9.162667393684387207e-01 -5.987563133239746094e-01 1.325655937194824219e+00
6.373592019081115723e-01 -3.518956303596496582e-01 -1.020840764045715332e+00
1.372259974479675293e+00 -3.963953554630279541e-01 -5.172787308692932129e-01
1.596249818801879883e+00 -2.870025932788848877e-01 -1.452717065811157227e+00
3.243628144264221191e-01 -1.441285252571105957e+00 5.056372657418251038e-02
-1.512207388877868652e-01 -1.160489022731781006e-01 -2.470859140157699585e-01
-1.100974082946777344e+00 -5.655400156974792480e-01 5.543016791343688965e-01
-9.795098006725311279e-02 2.053942531347274780e-01 1.611119747161865234e+00
1.198164105415344238e+00 -9.212387204170227051e-01 -2.094047516584396362e-02
1.226863384246826172e+00 -3.381296098232269287e-01 -5.829352736473083496e-01
-3.346505761146545410e-01 -1.254808068275451660e+00 1.379399776458740234e+00
9.353325366973876953e-01 8.772943019866943359e-01 -2.635453701019287109e+00
9.281218647956848145e-01 1.573574692010879517e-01 -1.207528233528137207e+00
1.147430017590522766e-01 -1.145515084266662598e+00 -9.428499639034271240e-02
-5.492239072918891907e-02 -1.060640454292297363e+00 1.939185261726379395e-01
-1.279295831918716431e-01 -1.054129123687744141e+00 -4.293353110551834106e-02
-6.138862967491149902e-01 -1.731311321258544922e+00 2.935340404510498047e-01
9.083319902420043945e-01 -5.473248958587646484e-01 -7.679521441459655762e-01
2.697093784809112549e-01 -9.917126297950744629e-01 6.085517406463623047e-01
1.954783648252487183e-01 -5.919540524482727051e-01 -6.034929752349853516e-01
-9.323377013206481934e-01 8.354310989379882812e-01 1.160150408744812012e+00
1.558885812759399414e+00 -3.953554853796958923e-02 -1.562401294708251953e+00
-5.476216077804565430e-01 2.681756258010864258e+00 -9.937142729759216309e-01
6.430929899215698242e-01 2.880678474903106689e-01 -2.089961051940917969e+00
-1.993132472038269043e+00 1.822889447212219238e+00 -2.762476503849029541e-01
1.060108900070190430e+00 -8.804247379302978516e-01 -1.497748345136642456e-01
-1.242929697036743164e+00 -3.644549846649169922e-01 5.022787451744079590e-01
6.695474386215209961e-01 7.236667275428771973e-01 -1.269657850265502930e+00
-4.536132514476776123e-01 -9.721118211746215820e-01 -8.901550173759460449e-01
-1.151570916175842285e+00 1.430484175682067871e+00 -2.401098012924194336e+00
-1.493138790130615234e+00 1.469562411308288574e+00 -6.010022759437561035e-01
-5.347651243209838867e-01 -6.974682211875915527e-01 -4.674997627735137939e-01
1.124609708786010742e+00 1.865617781877517700e-01 -1.493566334247589111e-01
7.770438194274902344e-01 -2.111031264066696167e-01 3.785457089543342590e-02
5.471603274345397949e-01 -8.653572201728820801e-01 7.524412870407104492e-01
-5.601027235388755798e-02 -1.548986911773681641e+00 1.457638502120971680e+00
4.847628474235534668e-01 5.439853668212890625e-01 -1.842423319816589355e+00
-6.653744578361511230e-01 6.210591793060302734e-01 -3.944169282913208008e-01
-4.205860495567321777e-01 7.778056859970092773e-01 1.246740460395812988e+00
5.650466680526733398e-01 -3.776156008243560791e-01 -2.725183486938476562e+00
1.758251667022705078e+00 -9.450119733810424805e-02 -9.945406317710876465e-01
1.402326345443725586e+00 -3.167596161365509033e-01 -5.976750254631042480e-01
6.318393349647521973e-01 -1.189303994178771973e+00 7.686789035797119141e-01
-2.742440998554229736e-01 3.441387414932250977e-01 -8.514251708984375000e-01
1.035148859024047852e+00 -5.306097865104675293e-01 3.798712193965911865e-01
-2.824534177780151367e-01 -2.545327842235565186e-01 1.205154582858085632e-01
7.980296015739440918e-02 -2.002259492874145508e+00 -9.683475494384765625e-01
3.026244640350341797e+00 -9.896703064441680908e-02 -1.344609558582305908e-01
2.795746028423309326e-01 -1.559964299201965332e+00 -1.817124247550964355e+00
1.705438733100891113e+00 -2.195278704166412354e-01 -5.738511085510253906e-01
3.256779611110687256e-01 7.057947516441345215e-01 -1.976858854293823242e+00
-1.196353316307067871e+00 3.144216835498809814e-01 -9.088103175163269043e-01
7.567825317382812500e-01 -7.871121168136596680e-01 -4.684654474258422852e-01
7.862316370010375977e-01 -4.392608106136322021e-01 -4.038090705871582031e-01
-8.297669291496276855e-01 1.133741363883018494e-01 -2.439413517713546753e-01
-8.682720065116882324e-01 -1.357898861169815063e-01 3.358837962150573730e-01
-4.297577738761901855e-01 -1.309009194374084473e+00 5.770226716995239258e-01
2.998737394809722900e-01 -1.063546895980834961e+00 4.498354792594909668e-01
4.257957637310028076e-01 -3.777176737785339355e-01 1.364068984985351562e+00
4.738053977489471436e-01 6.292917579412460327e-02 6.382731255143880844e-03
3.690333366394042969e-01 -1.448500156402587891e-01 5.849762558937072754e-01
7.757558822631835938e-01 -1.176807880401611328e+00 2.786529660224914551e-01
5.835853219032287598e-01 -2.884408533573150635e-01 1.023298144340515137e+00
5.802802443504333496e-01 -1.297274380922317505e-01 -3.121994137763977051e-01
5.945268869400024414e-01 -3.415355086326599121e-01 -3.170217275619506836e-01
-8.547698259353637695e-01 1.561204195022583008e-01 1.068041697144508362e-01
1.295249462127685547e+00 -3.560057282447814941e-01 8.548476099967956543e-01
1.262465715408325195e+00 8.322361111640930176e-01 -1.245973825454711914e+00
2.280694693326950073e-01 -7.006914019584655762e-01 -6.812977790832519531e-02
-1.229877546429634094e-01 -8.517277836799621582e-01 1.828172206878662109e-01
-2.040158748626708984e+00 -1.572261154651641846e-01 7.536528706550598145e-01
3.817382156848907471e-01 -2.469799965620040894e-01 2.686923742294311523e-01
5.179114937782287598e-01 1.102074757218360901e-01 -4.095824956893920898e-01
4.454237818717956543e-01 1.429261803627014160e+00 -1.766816526651382446e-01
4.114560782909393311e-01 -1.111640334129333496e+00 4.271837472915649414e-01
1.551312565803527832e+00 2.026862055063247681e-01 -1.641976594924926758e+00
1.640996098518371582e+00 1.129348754882812500e+00 9.792507886886596680e-01
-1.162895336747169495e-01 -2.394025772809982300e-01 6.548617482185363770e-01
3.891170620918273926e-01 -1.131639719009399414e+00 5.363212227821350098e-01
-1.364475232549011707e-03 -1.255154013633728027e+00 6.348624825477600098e-01
1.036268193274736404e-02 -1.179553866386413574e+00 6.458616256713867188e-01
1.691467761993408203e-01 5.256493687629699707e-01 3.183256387710571289e-01
-1.290024280548095703e+00 1.202444434165954590e+00 -4.726904928684234619e-01
-5.098416805267333984e-01 -3.926759362220764160e-01 6.401168555021286011e-02
1.052844882011413574e+00 -7.803052067756652832e-01 -2.200710773468017578e-01
1.106711149215698242e+00 -7.549909353256225586e-01 -2.780172824859619141e-01
5.652225613594055176e-01 -1.087829232215881348e+00 -3.327520797029137611e-03
1.164837718009948730e+00 -5.631431341171264648e-01 -8.231359720230102539e-01
-6.137229204177856445e-01 -6.709749102592468262e-01 9.367583692073822021e-02
1.521021574735641479e-01 -1.494001865386962891e+00 5.835254192352294922e-01
-1.373854517936706543e+00 7.564453482627868652e-01 -3.667986392974853516e-01
1.415292859077453613e+00 1.563582867383956909e-01 3.956706821918487549e-01
9.958735704421997070e-01 -9.464377164840698242e-01 -1.656563580036163330e-01
8.025571107864379883e-01 -1.096699476242065430e+00 9.300626069307327271e-02
7.572023868560791016e-01 -7.300643324851989746e-01 -2.954261302947998047e-01
9.146898388862609863e-01 -5.565717816352844238e-01 -4.687103033065795898e-01
5.493309497833251953e-01 9.170206785202026367e-01 -1.007615089416503906e+00
1.965527087450027466e-01 -5.813564062118530273e-01 1.653414607048034668e+00
3.923521339893341064e-01 -1.142983675003051758e+00 2.416856586933135986e-01
5.957853198051452637e-01 -8.227912783622741699e-01 -1.170302703976631165e-01
1.606066942214965820e+00 -3.695115149021148682e-01 -7.471731305122375488e-01
7.030253410339355469e-01 1.046048164367675781e+00 -1.030723452568054199e+00
-2.321896255016326904e-01 -1.124088168144226074e-01 4.747455716133117676e-01
-8.467770814895629883e-01 -3.721697330474853516e-01 -9.053625911474227905e-02
-1.813256621360778809e+00 -1.337118983268737793e+00 -8.097183704376220703e-01
8.207621574401855469e-01 -1.322304725646972656e+00 1.361681967973709106e-01
1.380634069442749023e+00 -1.418309688568115234e+00 -1.323157787322998047e+00
-9.836483001708984375e-02 2.642139494419097900e-01 6.583415269851684570e-01
2.418360859155654907e-02 1.826354265213012695e-01 1.457087874412536621e+00
6.844701766967773438e-01 2.683761715888977051e-01 -3.617025017738342285e-01
1.397185802459716797e+00 -1.106765508651733398e+00 -4.482218921184539795e-01
1.146832942962646484e+00 -1.466861724853515625e+00 1.452474575489759445e-02
5.723506808280944824e-01 -9.202132821083068848e-01 -1.843890249729156494e-01
3.331071436405181885e-01 -5.922758579254150391e-01 -4.748447537422180176e-01
8.930909633636474609e-01 -8.145992755889892578e-01 -4.215956628322601318e-01
9.843641519546508789e-01 -6.901780962944030762e-01 -5.656503438949584961e-01
2.337131202220916748e-01 -9.021510481834411621e-01 -5.217594504356384277e-01
6.743083596229553223e-01 -2.625348567962646484e-01 -2.211086750030517578e-01
7.622629404067993164e-02 -7.662729620933532715e-01 8.420069813728332520e-01
1.069244623184204102e+00 -5.221404433250427246e-01 -7.868470549583435059e-01
1.270552277565002441e-01 -1.635142922401428223e+00 6.070231199264526367e-01
8.788790106773376465e-01 -4.898600578308105469e-01 -8.553336560726165771e-02
-2.504509389400482178e-01 -4.887422323226928711e-01 -1.056258305907249451e-01
6.629155874252319336e-01 -4.964604377746582031e-01 3.834672644734382629e-02
2.397895306348800659e-01 -7.863698601722717285e-01 -6.517428755760192871e-01
-5.822514891624450684e-01 -4.213762879371643066e-01 4.400970041751861572e-02
1.328088521957397461e+00 1.319533705711364746e+00 -1.615567088127136230e+00
5.335405468940734863e-01 -1.947535127401351929e-01 1.414791028946638107e-02
8.615530133247375488e-01 -7.683488130569458008e-01 -5.366728901863098145e-01
1.851144582033157349e-01 -1.251630578190088272e-02 -6.777858734130859375e-01
-3.038018643856048584e-01 -5.094589591026306152e-01 -2.611018717288970947e-01
6.823881268501281738e-01 -8.014255166053771973e-01 -1.743569076061248779e-01
8.588599562644958496e-01 -1.158885359764099121e-01 -7.392894625663757324e-01
-5.591559410095214844e-01 -1.825664520263671875e+00 3.929651975631713867e-01
9.949943423271179199e-01 -5.730678439140319824e-01 -7.132045030593872070e-01
7.069546580314636230e-01 -8.053942769765853882e-02 -4.478185474872589111e-01
-4.492118582129478455e-02 -7.202615141868591309e-01 1.307852715253829956e-01
-9.817109107971191406e-01 2.340368509292602539e+00 -5.420200824737548828e-01
2.658425830304622650e-02 -4.763087928295135498e-01 9.668048024177551270e-01
2.472162097692489624e-01 -4.067719727754592896e-02 7.789190411567687988e-01
-7.427678108215332031e-01 -8.715246915817260742e-01 1.113421320915222168e-01
1.446358323097229004e+00 3.115349411964416504e-01 -1.869539976119995117e+00
5.225178003311157227e-01 -6.611167192459106445e-01 -4.931491911411285400e-01
6.016426682472229004e-01 -4.883731305599212646e-01 3.971564769744873047e-02
1.529836535453796387e+00 5.905328989028930664e-01 -9.226370453834533691e-01
1.170547246932983398e+00 -2.533549070358276367e-01 -2.129435241222381592e-01
-2.205199003219604492e-01 -1.092107892036437988e-01 5.166344046592712402e-01
7.944753170013427734e-01 -1.440640687942504883e+00 -6.245169639587402344e-01
3.726296722888946533e-01 -1.428560018539428711e-01 6.437166333198547363e-01
3.981680274009704590e-01 -1.743055284023284912e-01 -1.920587301254272461e+00
-2.231502771377563477e+00 -9.721631407737731934e-01 -7.343681156635284424e-02
9.797058105468750000e-01 -9.556389600038528442e-02 -2.475461363792419434e-01
4.196439683437347412e-01 -2.170789390802383423e-01 2.069300264120101929e-01
8.400151133537292480e-01 6.618930697441101074e-01 -1.772719025611877441e+00
1.237728595733642578e+00 -3.236272335052490234e-01 -8.766962289810180664e-01
-9.422821402549743652e-01 4.656230509281158447e-01 1.273967027664184570e+00
5.220335721969604492e-01 -8.864738792181015015e-02 1.419171392917633057e-01
8.634356856346130371e-01 -8.565159440040588379e-01 9.426676481962203979e-02
2.087597399950027466e-01 -1.276185035705566406e+00 5.164320468902587891e-01
-1.725391745567321777e-01 -1.372820258140563965e+00 9.181103706359863281e-01
1.611451029777526855e+00 -3.558523952960968018e-01 -6.724308729171752930e-01
1.154767990112304688e+00 -7.015144824981689453e-01 -1.336520165205001831e-01
1.852053523063659668e+00 -1.870820224285125732e-01 -1.698753476142883301e+00
8.917591571807861328e-01 -1.122965335845947266e+00 -4.144851863384246826e-01
-7.814932465553283691e-01 -1.090797901153564453e+00 8.620352149009704590e-01
6.717806458473205566e-01 -7.971342802047729492e-01 2.586344629526138306e-02
5.515198111534118652e-01 -8.758347630500793457e-01 1.654069423675537109e-01
-8.753909468650817871e-01 -1.644324660301208496e-01 -1.082272171974182129e+00
1.217942953109741211e+00 1.424264907836914062e-01 3.581755161285400391e-01
-3.388332948088645935e-02 -8.598273396492004395e-01 4.834441840648651123e-01
1.010841652750968933e-01 -1.183272153139114380e-01 6.914288401603698730e-01
1.190695643424987793e+00 -3.110738992691040039e-01 -7.111962437629699707e-01
1.233859896659851074e+00 -1.350107431411743164e+00 -8.881984353065490723e-01
1.339428186416625977e+00 -1.625904679298400879e+00 -6.828839778900146484e-01
-1.016198635101318359e+00 -7.043627500534057617e-01 7.944422960281372070e-01
1.230927586555480957e+00 -5.765419453382492065e-02 2.891714274883270264e-01
1.812689185142517090e+00 -1.345149397850036621e+00 -1.349278092384338379e+00
-1.507957100868225098e+00 1.219565033912658691e+00 -2.945683598518371582e-01
-1.517177939414978027e+00 2.519556581974029541e-01 -2.651063799858093262e-01
4.131331145763397217e-01 4.676035344600677490e-01 -3.359020650386810303e-01
1.422133088111877441e+00 -2.426335513591766357e-01 -7.822390794754028320e-01
-9.363653063774108887e-01 2.194356322288513184e-01 4.820839762687683105e-01
-1.184620022773742676e+00 -2.777230441570281982e-01 -1.949893236160278320e-01
2.038523554801940918e-01 -1.434129118919372559e+00 1.922560781240463257e-01
6.721957325935363770e-01 2.000474929809570312e+00 -1.537323184311389923e-02
1.702170133590698242e+00 -1.088462769985198975e-01 -1.013821363449096680e+00
1.583074331283569336e+00 -2.068356424570083618e-01 -8.768368959426879883e-01
1.503427624702453613e+00 -3.145890831947326660e-01 -8.064752221107482910e-01
1.205456614494323730e+00 -4.691140651702880859e-01 -1.068188786506652832e+00
1.610289335250854492e+00 -2.758771181106567383e-01 -9.209970831871032715e-01
1.033325314521789551e+00 -1.016677170991897583e-01 -1.142888188362121582e+00
1.277634263038635254e+00 7.247848510742187500e-01 7.902254909276962280e-02
-5.615092515945434570e-01 5.006213784217834473e-01 -7.619851827621459961e-01
2.196899056434631348e-01 -1.577933788299560547e+00 -2.474459707736968994e-01
9.163302183151245117e-01 -7.179720401763916016e-01 -1.022858381271362305e+00
-1.560266762971878052e-01 -8.144085407257080078e-01 1.199972033500671387e+00
-7.885506749153137207e-01 -1.449088096618652344e+00 -2.629108905792236328e+00
4.025548696517944336e-01 -9.505310654640197754e-01 -5.040590167045593262e-01
1.119747042655944824e+00 -1.398059874773025513e-01 -1.579770803451538086e+00
-5.979281067848205566e-01 -8.668401241302490234e-01 2.969523370265960693e-01
-5.771772265434265137e-01 2.499113045632839203e-02 -1.731902480125427246e+00
2.917111292481422424e-02 -9.049574732780456543e-01 1.600234061479568481e-01
4.701271355152130127e-01 -4.881697595119476318e-01 -6.897416710853576660e-01
-2.812546789646148682e-01 -6.241347193717956543e-01 4.762122929096221924e-01
1.085709571838378906e+00 -1.094644546508789062e+00 4.128977954387664795e-01
1.389729022979736328e+00 -2.850108742713928223e-01 -9.219772219657897949e-01
-1.868932843208312988e-01 8.142067790031433105e-01 3.180442452430725098e-01
-2.958797454833984375e+00 2.243038415908813477e-01 -3.016829490661621094e-01
1.545423269271850586e+00 -1.829992383718490601e-01 -1.114522576332092285e+00
5.332437157630920410e-01 -6.047955751419067383e-01 -4.845255017280578613e-01
8.745444416999816895e-01 -4.339951574802398682e-01 -1.127839758992195129e-01
1.162119388580322266e+00 -3.585374355316162109e-01 -4.139669537544250488e-01
6.780910491943359375e-01 -2.498579025268554688e-01 3.219313025474548340e-01
9.105845093727111816e-01 9.454427361488342285e-01 5.755184888839721680e-01
1.461049318313598633e-01 -6.476381421089172363e-01 -1.520884752273559570e+00
9.531314373016357422e-01 1.823133677244186401e-01 -2.271146774291992188e-01
-2.987303733825683594e-01 -1.307297825813293457e+00 6.630532741546630859e-01
1.887557506561279297e-01 -3.185562193393707275e-01 2.752931043505668640e-02
-8.589494824409484863e-01 -1.568143218755722046e-01 5.401983857154846191e-01
5.787980556488037109e-01 5.010349750518798828e-01 -3.495724797248840332e-01
-6.094722747802734375e-01 -7.980388998985290527e-01 1.269835084676742554e-01
5.524631738662719727e-01 -9.897639602422714233e-02 1.537163555622100830e-01
5.848637223243713379e-01 1.745474338531494141e-01 5.557729862630367279e-03
-1.159653663635253906e+00 1.077166318893432617e+00 -5.252637863159179688e-01
-6.182011365890502930e-01 9.087553620338439941e-01 -8.354141116142272949e-01
-2.914878539741039276e-02 -9.750031828880310059e-01 -4.191823303699493408e-01
-5.254061222076416016e-01 -6.008858680725097656e-01 5.352587103843688965e-01
1.113366335630416870e-01 -4.501011371612548828e-01 6.509243249893188477e-01
-2.002838611602783203e+00 1.959861993789672852e+00 1.648289561271667480e-01
-1.862090677022933960e-01 -2.225213289260864258e+00 -2.537100553512573242e+00
9.327395558357238770e-01 1.611505866050720215e+00 -5.114364027976989746e-01
1.338315308094024658e-01 7.867854833602905273e-01 -3.098395466804504395e-01
1.098266482353210449e+00 5.784135460853576660e-01 1.539609730243682861e-01
1.486919999122619629e+00 -1.462807178497314453e+00 1.497305631637573242e-01
-1.770676672458648682e-01 8.278553485870361328e-01 2.238432019948959351e-01
-3.136790096759796143e-01 -2.646795660257339478e-02 -1.925114870071411133e+00
3.600694835186004639e-01 1.967541456222534180e+00 1.225053191184997559e+00
-1.678501516580581665e-01 5.999741554260253906e-01 9.954212307929992676e-01
-6.646601557731628418e-01 -6.645760536193847656e-01 -6.711165308952331543e-01
1.012021780014038086e+00 -1.375681638717651367e+00 4.619812667369842529e-01
1.536640763282775879e+00 -9.387852549552917480e-01 -1.767818182706832886e-01
9.471768736839294434e-01 -1.081052660942077637e+00 4.200270771980285645e-01
3.771027028560638428e-01 -9.946807622909545898e-01 9.495459794998168945e-01
1.858967185020446777e+00 -2.266409248113632202e-01 -5.609245300292968750e-01
2.614285051822662354e-01 -1.067401885986328125e+00 -8.019413053989410400e-02
4.441865086555480957e-01 -1.248339772224426270e+00 6.305107474327087402e-01
1.017183065414428711e+00 -7.419024109840393066e-01 3.886119127273559570e-01
7.037045955657958984e-01 -5.104228258132934570e-01 -1.488790661096572876e-01
1.481839418411254883e+00 2.251775190234184265e-02 -9.461445808410644531e-01
1.118917703628540039e+00 -2.857780158519744873e-01 -7.772692441940307617e-01
1.255544424057006836e+00 -1.285103797912597656e+00 5.718583986163139343e-02
9.475047588348388672e-01 -7.835607528686523438e-01 -3.974720239639282227e-01
1.000884771347045898e+00 -7.305722236633300781e-01 -4.819633364677429199e-01
9.005680680274963379e-01 -8.296791911125183105e-01 -3.154737353324890137e-01
-2.762309908866882324e-01 1.590245962142944336e-02 -3.267481029033660889e-01
-1.432373881340026855e+00 -7.468920946121215820e-01 9.095479249954223633e-01
-4.026121646165847778e-02 -2.740493416786193848e-01 -1.939019262790679932e-01
2.541002631187438965e-01 -2.320739626884460449e-01 -1.009240269660949707e+00
3.677954971790313721e-01 -2.873505949974060059e-01 1.062543034553527832e+00
1.360616087913513184e+00 -6.430405378341674805e-01 -7.921544313430786133e-01
-8.552226424217224121e-01 -1.904830709099769592e-02 1.121100664138793945e+00
-3.668951690196990967e-01 -3.844454288482666016e-01 7.250348329544067383e-01
2.010216236114501953e+00 -1.144820094108581543e+00 -5.263293385505676270e-01
3.222600519657135010e-01 2.305135130882263184e-02 -9.256263375282287598e-01
3.411271572113037109e-01 -3.048243187367916107e-02 1.783794641494750977e+00
8.135870099067687988e-01 -7.047171592712402344e-01 1.891734153032302856e-01
6.858431696891784668e-01 -1.095436811447143555e+00 8.193576335906982422e-01
1.450400829315185547e+00 -1.761460304260253906e+00 -1.870276629924774170e-01
1.825852274894714355e+00 -1.398206472396850586e+00 -6.496356725692749023e-01
7.344179153442382812e-01 -1.887685298919677734e+00 1.196931719779968262e+00
-3.003068966791033745e-03 -7.916713356971740723e-01 2.933224663138389587e-02
6.248424053192138672e-01 -2.636646665632724762e-02 -1.000720024108886719e+00
1.904615879058837891e+00 9.121098369359970093e-02 -9.535306692123413086e-01
1.074167013168334961e+00 1.847861520946025848e-02 -5.147024393081665039e-01
-3.100838065147399902e-01 -2.560923695564270020e-01 -5.956431031227111816e-01
-8.973702192306518555e-01 -1.129889249801635742e+00 8.803464174270629883e-01
8.333535790443420410e-01 -8.529111146926879883e-01 -4.140943288803100586e-01
1.409706115722656250e+00 -1.334625482559204102e+00 -9.983039498329162598e-01
4.401918947696685791e-01 -1.327523469924926758e+00 3.933574855327606201e-01
8.902199864387512207e-01 -9.437007904052734375e-01 -2.721675336360931396e-01
1.060369372367858887e+00 -6.062732636928558350e-02 -1.138559699058532715e+00
8.914656192064285278e-02 -9.543064236640930176e-01 2.812651693820953369e-01
7.160559296607971191e-01 -2.414978146553039551e-01 -1.088111042976379395e+00
9.720234870910644531e-01 -5.929373502731323242e-01 -1.664386242628097534e-01
-2.101482301950454712e-01 4.257024824619293213e-01 -5.568076968193054199e-01
1.260236263275146484e+00 1.100166440010070801e+00 -7.166188359260559082e-01
-6.351497769355773926e-02 -9.499428868293762207e-01 4.294843971729278564e-01
5.873273611068725586e-01 6.276373267173767090e-01 -1.229134500026702881e-01
5.362808108329772949e-01 -1.240741491317749023e+00 2.596724629402160645e-01
3.197854161262512207e-01 -8.474725484848022461e-01 5.206958651542663574e-01
-3.652674555778503418e-01 -1.619508504867553711e+00 1.642962217330932617e+00
1.798620671033859253e-01 -1.033393144607543945e+00 4.249725043773651123e-01
9.318865537643432617e-01 -9.394190907478332520e-01 -7.124674320220947266e-01
8.030253052711486816e-01 1.103966981172561646e-01 -6.436602473258972168e-01
9.120380878448486328e-01 -9.953746199607849121e-01 -6.190809607505798340e-01
6.882171630859375000e-01 -1.151817202568054199e+00 -2.963945865631103516e-01
3.217430710792541504e-01 -6.290724873542785645e-01 -5.770080685615539551e-01
5.703233480453491211e-01 -5.668502449989318848e-01 -3.252516388893127441e-01
-1.338856935501098633e+00 8.369087576866149902e-01 4.799529910087585449e-01
7.942117452621459961e-01 -7.993373274803161621e-01 -3.889420032501220703e-01
3.087845146656036377e-01 -1.299914717674255371e+00 3.673000931739807129e-01
2.547992467880249023e-01 -1.121383666992187500e+00 1.545814424753189087e-01
6.501632928848266602e-01 -6.927510499954223633e-01 -9.405262023210525513e-02
8.033767342567443848e-01 -1.587038040161132812e-01 -7.076468467712402344e-01
3.562242984771728516e-01 -5.651237368583679199e-01 -4.156687557697296143e-01
9.379832446575164795e-02 -7.511442899703979492e-01 -6.736088544130325317e-02
3.992256224155426025e-01 -7.000437378883361816e-01 -3.815936446189880371e-01
3.911857604980468750e-01 2.608153820037841797e-01 6.613370180130004883e-01
7.007235661149024963e-03 6.705633401870727539e-01 1.181485533714294434e+00
-1.005400940775871277e-01 -6.758921146392822266e-01 -9.589262306690216064e-02
-2.098346054553985596e-01 -5.186329483985900879e-01 -6.016269922256469727e-01
-1.045034885406494141e+00 2.611819028854370117e+00 5.684025883674621582e-01
5.231366157531738281e-01 -5.877913236618041992e-01 -6.128880381584167480e-01
1.397709250450134277e+00 -1.176779031753540039e+00 -6.311897188425064087e-02
-5.922792106866836548e-02 1.378962993621826172e-01 -2.152162492275238037e-01
1.777943611145019531e+00 -1.467266201972961426e+00 -1.475215792655944824e+00
1.785328984260559082e+00 -1.434099197387695312e+00 -1.586804509162902832e+00
1.850515484809875488e+00 -1.378773808479309082e+00 -1.682046771049499512e+00
7.452292442321777344e-01 -9.014143943786621094e-01 -5.409426689147949219e-01
1.456599235534667969e-01 -9.741868376731872559e-01 -8.047523349523544312e-02
3.094311952590942383e-01 6.916154623031616211e-01 -9.695476293563842773e-01
9.049751162528991699e-01 3.948472440242767334e-01 9.139733016490936279e-02
5.353500843048095703e-01 -1.325066685676574707e+00 2.881876528263092041e-01
1.609835959970951080e-02 -4.324276745319366455e-01 1.424104094505310059e+00
1.108365774154663086e+00 -2.579206824302673340e-01 -2.300328165292739868e-01
1.436583995819091797e+00 -1.624948382377624512e+00 -9.833462238311767578e-01
2.247105598449707031e+00 -8.765846490859985352e-01 -2.239588975906372070e+00
1.686848759651184082e+00 -1.395164251327514648e+00 -1.410654187202453613e+00
5.240271091461181641e-01 2.366618365049362183e-01 2.796166837215423584e-01
1.265267848968505859e+00 -1.311473011970520020e+00 -1.247617721557617188e+00
-7.212749868631362915e-02 -8.121341466903686523e-01 8.656036257743835449e-01
-3.356081545352935791e-01 1.649394273757934570e+00 9.732135534286499023e-01
1.736737370491027832e+00 -1.413190484046936035e+00 -1.279214739799499512e+00
1.283127903938293457e+00 -1.817550063133239746e+00 -4.840793013572692871e-01
-1.329785704612731934e+00 -7.360890507698059082e-01 4.390154182910919189e-01
-3.182655870914459229e-01 1.230799481272697449e-01 -1.864096879959106445e+00
-7.865691781044006348e-01 -3.442187011241912842e-01 -3.183446526527404785e-01
1.070459246635437012e+00 -3.646667003631591797e-01 -3.259704113006591797e+00
4.368977248668670654e-01 7.839012742042541504e-01 -2.373155117034912109e+00
-1.612329781055450439e-01 1.590407639741897583e-01 -1.477563977241516113e+00
-2.071754038333892822e-01 -1.008726596832275391e+00 -2.410550042986869812e-02
1.256211400032043457e+00 -5.746711492538452148e-01 2.443798780441284180e-01
-3.047233223915100098e-01 -1.340500712394714355e+00 6.645351648330688477e-01
1.221242547035217285e+00 -1.636470079421997070e+00 -3.394754230976104736e-01
1.330353736877441406e+00 -1.547341585159301758e+00 -5.085390210151672363e-01
-1.076422333717346191e+00 -8.922880142927169800e-02 -4.178037941455841064e-01
-8.187531232833862305e-01 -2.540287494659423828e+00 -1.184443905949592590e-01
1.186127662658691406e+00 -1.703777194023132324e+00 -2.414235621690750122e-01
1.273984313011169434e+00 -1.535324454307556152e+00 -4.787147343158721924e-01
1.750671863555908203e+00 -1.064934134483337402e+00 -1.251361250877380371e+00
-1.464336037635803223e+00 3.533633649349212646e-01 -1.014606952667236328e+00
-2.660839259624481201e-01 6.748818159103393555e-01 -9.311143159866333008e-01
2.112058922648429871e-02 3.507634699344635010e-01 -1.240009188652038574e+00
-8.988023996353149414e-01 -3.582724332809448242e-01 -1.085479140281677246e+00
5.638048052787780762e-01 -8.732233047485351562e-01 -4.565328359603881836e-01
3.044943809509277344e-01 -1.098479986190795898e+00 -3.174590691924095154e-02
2.612730562686920166e-01 -1.143839597702026367e+00 3.935176506638526917e-02
6.595092415809631348e-01 -7.859957814216613770e-01 -6.165142655372619629e-01
3.012694120407104492e-01 -1.096963644027709961e+00 -2.373277954757213593e-02
3.622288107872009277e-01 -1.045722603797912598e+00 -1.298336088657379150e-01
4.866725802421569824e-01 -9.421427249908447266e-01 -3.331492543220520020e-01
7.164628505706787109e-01 1.041224598884582520e+00 -1.507917046546936035e+00
-3.122740089893341064e-01 -3.447217866778373718e-02 -5.080054998397827148e-01
-8.805711865425109863e-01 -5.562839284539222717e-02 -3.722403049468994141e-01
1.392890334129333496e+00 -2.279421836137771606e-01 -5.016759634017944336e-01
3.699943423271179199e-02 4.529772400856018066e-01 1.146288633346557617e+00
1.338834881782531738e+00 -1.640488743782043457e+00 7.545319199562072754e-01
1.124380350112915039e+00 -1.794132590293884277e+00 9.917708635330200195e-01
1.147493839263916016e+00 -1.796462178230285645e+00 9.811029434204101562e-01
1.142404913902282715e+00 -1.827516078948974609e+00 1.009081721305847168e+00
1.322427153587341309e+00 -1.690761923789978027e+00 8.479271531105041504e-01
1.156577706336975098e+00 -1.858181595802307129e+00 1.130347728729248047e+00
1.367497563362121582e+00 -1.652829289436340332e+00 8.381447792053222656e-01
1.258573085069656372e-01 -1.302351117134094238e+00 1.214445829391479492e+00
7.768993377685546875e-01 1.281962752342224121e+00 -2.979978024959564209e-01
2.606650590896606445e-01 6.786104440689086914e-01 1.441804766654968262e+00
1.833274662494659424e-01 -1.092755198478698730e-01 -7.665702104568481445e-01
2.667886018753051758e-01 -7.290772348642349243e-02 8.641246557235717773e-01
-1.063416719436645508e+00 7.097033262252807617e-01 -6.721147894859313965e-01
