9.504682421684265137e-01
4.642558395862579346e-01
6.393215656280517578e-01
-5.513215065002441406e-01
9.761357307434082031e-01
2.447934001684188843e-01
-6.855003535747528076e-02
9.653596878051757812e-01
-6.633957475423812866e-02
8.041866302490234375e+00
5.755619049072265625e+00
5.826743602752685547e+00
8.358253240585327148e-01
-2.519435286521911621e-01
4.323821142315864563e-02
-7.789330184459686279e-02
1.684701681137084961e+00
3.883192539215087891e+00
2.426735877990722656e+00
-1.155861914157867432e-01
3.962277770042419434e-01
5.807921662926673889e-02
5.416857242584228516e+00
5.388206481933593750e+00
6.092482566833496094e+00
2.362452745437622070e-01
3.630769968032836914e+00
-1.132172822952270508e+00
5.345656871795654297e-01
1.029936432838439941e+00
-3.708076179027557373e-01
2.272909641265869141e+00
2.505398035049438477e+00
1.465965628623962402e+00
9.002538919448852539e-01
-1.811763495206832886e-01
2.384465932846069336e+00
3.175042152404785156e+00
1.793623924255371094e+00
6.898316740989685059e-01
1.728779673576354980e-01
1.995786547660827637e+00
1.606414198875427246e+00
1.935327947139739990e-01
1.402305364608764648e-01
6.234577298164367676e-01
9.228361248970031738e-01
-7.112485766410827637e-01
3.851125240325927734e-01
-1.278220653533935547e+00
6.387001276016235352e-01
-5.245752930641174316e-01
2.792782783508300781e+00
5.241095423698425293e-01
6.114878654479980469e-01
-9.703525304794311523e-01
-2.165621042251586914e+00
-1.125112533569335938e+00
8.189106941223144531e+00
8.126547813415527344e+00
8.111472129821777344e+00
8.508198738098144531e+00
8.301546096801757812e+00
7.007282733917236328e+00
7.133514404296875000e+00
5.474380970001220703e+00
3.596221685409545898e+00
2.086316585540771484e+00
-1.128165349364280701e-01
2.009281396865844727e+00
3.360917091369628906e+00
6.013634681701660156e+00
6.254989624023437500e+00
5.754512786865234375e+00
5.141420841217041016e+00
2.859727144241333008e+00
2.479179620742797852e+00
2.854758024215698242e+00
1.337592005729675293e+00
2.912451505661010742e+00
6.740253925323486328e+00
6.992538928985595703e+00
2.316311120986938477e+00
9.316542744636535645e-01
6.246050834655761719e+00
6.554074764251708984e+00
-7.741375565528869629e-01
7.985072135925292969e-01
1.634991288185119629e+00
3.138988912105560303e-01
7.121449947357177734e+00
6.721654891967773438e+00
1.486945986747741699e+00
8.280290365219116211e-01
1.849826455116271973e+00
1.637273907661437988e+00
9.877017140388488770e-01
1.847576379776000977e+00
6.056969165802001953e+00
2.852388381958007812e+00
5.068836212158203125e+00
4.742798328399658203e+00
7.979420185089111328e+00
8.190409660339355469e+00
6.852098464965820312e+00
6.946995258331298828e+00
8.403492927551269531e+00
8.772148132324218750e+00
5.823180198669433594e+00
7.543273448944091797e+00
7.675889492034912109e+00
3.848201513290405273e+00
4.009207248687744141e+00
2.041282176971435547e+00
1.129202961921691895e+00
1.274993062019348145e+00
7.065871953964233398e-01
7.462033271789550781e+00
1.865524649620056152e+00
3.958851814270019531e+00
4.782909870147705078e+00
9.690498560667037964e-02
1.869999885559082031e+00
1.269000172615051270e+00
1.158898591995239258e+00
4.894929409027099609e+00
3.871786355972290039e+00
1.146154284477233887e+00
-3.868873119354248047e-01
7.270535469055175781e+00
5.441521167755126953e+00
5.532349586486816406e+00
3.544549047946929932e-01
-3.188151419162750244e-01
1.601624727249145508e+00
9.590224623680114746e-01
5.986658573150634766e+00
6.286667823791503906e+00
5.355432033538818359e+00
-9.951654672622680664e-01
-6.785907149314880371e-01
-3.721963465213775635e-01
-2.920151472091674805e+00
-7.556791901588439941e-01
-7.349624037742614746e-01
-9.003930687904357910e-01
6.638890743255615234e+00
1.041758656501770020e+00
-1.219842955470085144e-01
-1.207501366734504700e-01
5.312725305557250977e-01
9.479644298553466797e-01
-1.511964082717895508e+00
6.890473842620849609e+00
-3.224239945411682129e-01
-5.986634492874145508e-01
4.203289747238159180e-01
-5.992859601974487305e-01
6.502177715301513672e+00
6.354666233062744141e+00
4.609095156192779541e-01
4.276997447013854980e-01
-7.109705805778503418e-01
2.005488872528076172e+00
-1.038518905639648438e+00
5.487213730812072754e-01
7.002642631530761719e+00
7.420374393463134766e+00
3.359658956527709961e+00
3.433773756027221680e+00
8.802849650382995605e-01
1.161521792411804199e+00
5.377549648284912109e+00
4.210217475891113281e+00
5.976901531219482422e+00
6.128117084503173828e+00
-8.420208692550659180e-01
7.467259764671325684e-01
2.953871011734008789e+00
3.919487714767456055e+00
6.505816578865051270e-01
2.766760587692260742e-01
-5.652061700820922852e-01
1.591910243034362793e+00
1.662616968154907227e+00
8.393838882446289062e+00
1.798613905906677246e+00
3.111716747283935547e+00
3.164895772933959961e-01
-9.494102001190185547e-01
1.854113787412643433e-01
-2.300089448690414429e-01
1.060066342353820801e+00
-4.321900755167007446e-02
-5.926303267478942871e-01
2.195073843002319336e+00
-2.490715235471725464e-01
1.652078390121459961e+00
1.076883196830749512e+00
-1.674624085426330566e-01
-1.029930233955383301e+00
2.977915108203887939e-01
1.051542535424232483e-01
1.251660108566284180e+00
2.755307912826538086e+00
1.713174343109130859e+00
-5.436205863952636719e-01
-4.443979561328887939e-01
1.235466837882995605e+00
1.920865178108215332e+00
-1.124961674213409424e-02
-1.802166581153869629e+00
4.231787621974945068e-01
1.046843290328979492e+00
-8.991162776947021484e-01
1.616501092910766602e+00
1.302939772605895996e+00
1.039151668548583984e+00
8.046314716339111328e-01
-2.473252564668655396e-01
-4.873476326465606689e-01
2.389703035354614258e+00
-3.507246077060699463e-01
8.768424987792968750e+00
8.431205749511718750e+00
4.939289093017578125e+00
5.273662209510803223e-01
-1.389361023902893066e-01
-1.701841473579406738e+00
-4.769249260425567627e-01
-5.717802047729492188e-01
-1.510013103485107422e+00
5.950223445892333984e+00
1.289292454719543457e+00
1.072119116783142090e+00
3.436748743057250977e+00
1.744038224220275879e+00
1.431387662887573242e+00
1.795641899108886719e+00
9.334902763366699219e-01
8.997348546981811523e-01
2.325734615325927734e+00
1.930241227149963379e+00
1.081603765487670898e+00
2.677870750427246094e+00
2.522573471069335938e+00
-1.904498785734176636e-01
2.199130535125732422e+00
1.574164628982543945e+00
2.191202402114868164e+00
-8.566818237304687500e-01
-3.244469165802001953e-01
1.507396101951599121e+00
2.128529787063598633e+00
1.961652874946594238e+00
2.378040552139282227e+00
-1.447957992553710938e+00
3.060977935791015625e+00
1.021618366241455078e+00
2.513465583324432373e-01
3.695980012416839600e-01
1.872394561767578125e+00
7.812992334365844727e-01
2.064167022705078125e+00
-5.096845030784606934e-01
-1.341951778158545494e-03
-8.640009760856628418e-01
6.965078830718994141e+00
7.430292129516601562e+00
2.471056938171386719e+00
2.816184282302856445e+00
-3.423342704772949219e-01
-1.335002928972244263e-01
9.851767420768737793e-01
4.374877214431762695e-01
7.179654121398925781e+00
6.948723793029785156e+00
4.974810123443603516e+00
4.877995967864990234e+00
1.420241475105285645e+00
4.800510704517364502e-01
1.320758581161499023e+00
2.022638559341430664e+00
8.116635322570800781e+00
1.166201829910278320e+00
1.969270706176757812e+00
5.810860991477966309e-01
-3.026497662067413330e-01
4.371471405029296875e+00
-5.251509547233581543e-01
-4.170785546302795410e-01
1.312526106834411621e+00
-2.788206636905670166e-01
3.926358938217163086e+00
4.479883193969726562e+00
1.626168608665466309e+00
2.286071777343750000e+00
3.189070940017700195e+00
4.185411930084228516e+00
7.714470624923706055e-01
-2.973763048648834229e-01
-3.910410702228546143e-01
3.115877866744995117e+00
1.076383829116821289e+00
-1.052650436758995056e-01
1.101796746253967285e+00
3.042860329151153564e-01
4.953070580959320068e-01
1.517709016799926758e+00
9.897048473358154297e-01
2.014799118041992188e+00
3.517740249633789062e+00
2.212620735168457031e+00
2.698304891586303711e+00
2.056819915771484375e+00
2.268202304840087891e+00
-1.752922236919403076e-01
4.611218452453613281e+00
-9.443619847297668457e-01
1.538140535354614258e+00
1.043857261538505554e-01
-1.392104148864746094e+00
-1.108288884162902832e+00
-8.919898867607116699e-01
2.250454664230346680e+00
1.824638247489929199e+00
2.285055875778198242e+00
2.388706058263778687e-01
6.727384924888610840e-01
9.233534932136535645e-01
7.274521589279174805e-01
4.132118821144104004e-01
1.594537019729614258e+00
-4.496355950832366943e-01
3.337364494800567627e-01
5.367883443832397461e-01
1.257149815559387207e+00
-4.535729587078094482e-01
5.416150093078613281e-01
-3.528985381126403809e-01
6.747153282165527344e+00
1.330680370330810547e+00
1.634148597717285156e+00
6.558617115020751953e+00
6.228223800659179688e+00
3.677914381027221680e+00
5.199283123016357422e+00
4.570308625698089600e-01
4.614570140838623047e+00
6.237261295318603516e+00
7.589444518089294434e-01
-1.482848525047302246e-01
1.058734059333801270e+00
1.177003264427185059e+00
4.108743667602539062e+00
2.534416913986206055e+00
2.166186809539794922e+00
9.159601330757141113e-01
-1.396424651145935059e+00
3.272220373153686523e+00
1.414058566093444824e+00
1.563114374876022339e-01
3.292250633239746094e-01
8.334177017211914062e+00
2.250767707824707031e+00
5.907034277915954590e-01
1.443172246217727661e-01
6.230216622352600098e-01
8.496843338012695312e+00
8.344627380371093750e+00
8.171018600463867188e+00
3.187451362609863281e+00
6.667493343353271484e+00
2.540903091430664062e+00
2.022576779127120972e-01
1.391538143157958984e+00
6.316708922386169434e-01
4.035975456237792969e+00
7.388723492622375488e-01
9.490264058113098145e-01
1.374145507812500000e+00
2.302784681320190430e+00
-4.783705174922943115e-01
5.078252870589494705e-03
1.903896808624267578e+00
2.209104776382446289e+00
3.264272689819335938e+00
3.061245918273925781e+00
6.929024696350097656e+00
3.400215506553649902e-01
1.872982740402221680e+00
7.710421562194824219e+00
2.428542137145996094e+00
2.133213520050048828e+00
1.238021731376647949e+00
-4.086729884147644043e-01
1.364241242408752441e+00
1.162598013877868652e+00
7.440376877784729004e-01
-7.958793640136718750e-02
1.611449718475341797e+00
9.909976720809936523e-01
-5.997183322906494141e-01
1.606207132339477539e+00
5.256277918815612793e-01
-7.210872769355773926e-01
2.435464143753051758e+00
5.474151577800512314e-03
-4.994066059589385986e-01
2.008216381072998047e+00
6.103522181510925293e-01
-1.085520386695861816e+00
1.840760000050067902e-02
1.944822072982788086e+00
-7.498682141304016113e-01
-3.726389259099960327e-02
1.579365849494934082e+00
5.446729660034179688e-01
7.776702046394348145e-01
1.729278713464736938e-01
8.396915793418884277e-01
6.741400361061096191e-01
6.619142532348632812e+00
7.260406494140625000e+00
3.565312147140502930e+00
2.457438558340072632e-01
3.929365396499633789e+00
1.581260800361633301e+00
2.064651489257812500e+00
2.626168012619018555e+00
6.610416769981384277e-01
2.252420902252197266e+00
1.750883221626281738e+00
5.748126506805419922e+00
4.354391098022460938e+00
4.894289016723632812e+00
5.838525295257568359e+00
1.250688910484313965e+00
-8.627566695213317871e-01
1.906955361366271973e+00
1.715351343154907227e-01
2.199846506118774414e+00
9.265041351318359375e-01
-1.223844587802886963e-01
-9.196784347295761108e-02
4.519935131072998047e+00
2.103291511535644531e+00
-1.210632920265197754e+00
-1.382258087396621704e-01
1.742056488990783691e+00
5.005101203918457031e+00
4.246834754943847656e+00
3.879971265792846680e+00
2.924453973770141602e+00
1.089738368988037109e+00
1.217049360275268555e+00
1.755803823471069336e+00
2.149205207824707031e+00
9.575994014739990234e-01
1.458881855010986328e+00
7.092867851257324219e+00
4.868418216705322266e+00
4.275559425354003906e+00
5.128505080938339233e-02
3.731406033039093018e-01
2.004611015319824219e+00
1.213994026184082031e+00
2.191214799880981445e+00
2.048941850662231445e-01
1.003505110740661621e+00
1.200443267822265625e+00
4.415894508361816406e+00
-1.542508244514465332e+00
2.460465192794799805e+00
4.141945242881774902e-01
3.101221323013305664e+00
7.841609120368957520e-01
3.427495479583740234e+00
2.186480522155761719e+00
3.014616012573242188e+00
-2.082030773162841797e+00
-3.981905058026313782e-02
2.720611333847045898e+00
1.979359745979309082e+00
2.536469221115112305e+00
3.262820482254028320e+00
1.754285573959350586e+00
1.636799573898315430e+00
1.640722274780273438e+00
1.576803065836429596e-02
-4.966973066329956055e-01
8.854189515113830566e-01
4.977179050445556641e+00
-3.277449607849121094e-01
9.645457863807678223e-01
1.606696367263793945e+00
-8.823087066411972046e-02
4.161661565303802490e-01
7.229568481445312500e+00
7.067366600036621094e+00
6.649255752563476562e+00
2.302536517381668091e-01
7.980424761772155762e-01
-6.869850307703018188e-02
-2.574099227786064148e-02
-4.259093701839447021e-01
-2.362127304077148438e+00
-5.103408098220825195e-01
6.542171478271484375e+00
5.893692970275878906e+00
6.656076908111572266e+00
1.325969815254211426e+00
3.103681564331054688e+00
4.849248230457305908e-01
-1.563774198293685913e-01
2.797653675079345703e+00
5.020611763000488281e+00
1.492660284042358398e+00
-1.282625496387481689e-01
1.105670809745788574e+00
8.342665433883666992e-01
1.987587474286556244e-02
-7.644851803779602051e-01
1.630918145179748535e+00
1.210135579109191895e+00
2.161800861358642578e+00
4.176743507385253906e+00
5.888454437255859375e+00
-6.183512806892395020e-01
-1.282842457294464111e-01
3.696218729019165039e+00
3.807326555252075195e+00
4.050031185150146484e+00
-9.604409933090209961e-01
1.793402791023254395e+00
-1.202212810516357422e+00
1.693822264671325684e+00
4.429090976715087891e+00
4.952172756195068359e+00
4.957093238830566406e+00
5.067854404449462891e+00
4.180550575256347656e+00
4.616148948669433594e+00
4.478202342987060547e+00
4.070313870906829834e-01
-7.847917675971984863e-01
1.522027730941772461e+00
-1.435000896453857422e+00
-3.024754524230957031e-01
3.634182691574096680e+00
2.977144002914428711e+00
4.462925434112548828e+00
3.798277378082275391e+00
5.882202625274658203e+00
3.215586185455322266e+00
2.786380290985107422e+00
2.188233852386474609e+00
1.721506834030151367e+00
9.904633760452270508e-01
-1.769013881683349609e+00
1.779070019721984863e+00
1.666664242744445801e+00
