1.277415156364440918e-01 8.740549087524414062e-01 -5.238960385322570801e-01
6.089550256729125977e-01 -3.746994733810424805e-01 -5.376207828521728516e-02
6.888954639434814453e-01 -4.934059679508209229e-01 -2.626759409904479980e-01
5.106409788131713867e-01 1.050620198249816895e+00 -2.701176106929779053e-01
-2.982850968837738037e-01 7.661536335945129395e-01 -5.221835970878601074e-01
1.030451059341430664e+00 -8.088128566741943359e-01 1.143594622611999512e+00
-7.010494824498891830e-03 -3.726445436477661133e-01 -4.111348688602447510e-01
-1.455005764961242676e+00 1.320041179656982422e+00 -8.337450027465820312e-02
3.534688055515289307e-01 -1.222577691078186035e-01 6.422916799783706665e-02
-4.356705844402313232e-01 1.139960527420043945e+00 2.979195415973663330e-01
1.515938043594360352e-01 1.653902411460876465e+00 -5.423120781779289246e-02
1.674791872501373291e-01 1.643608927726745605e+00 -3.741284459829330444e-02
1.148992657661437988e+00 1.876215934753417969e+00 9.520081877708435059e-01
1.545406222343444824e+00 -9.778201580047607422e-01 -1.022029072046279907e-01
9.792036563158035278e-02 -2.232201546430587769e-01 -1.883652329444885254e+00
7.533572316169738770e-01 8.047397136688232422e-01 2.166893780231475830e-01
1.374442696571350098e+00 -3.932585120201110840e-01 -1.123569846153259277e+00
7.958624958992004395e-01 1.047216534614562988e+00 1.292536616325378418e+00
5.222797989845275879e-01 1.561532378196716309e+00 7.972660660743713379e-01
2.697587609291076660e-01 -1.201808691024780273e+00 -1.720973253250122070e-01
7.883704900741577148e-01 -5.710361003875732422e-01 1.236174225807189941e+00
6.700959205627441406e-01 7.067803293466567993e-02 7.177663445472717285e-01
-2.435220628976821899e-01 1.482542276382446289e+00 -3.731695711612701416e-01
-3.384533226490020752e-01 1.350980877876281738e+00 -3.080601096153259277e-01
-3.954917788505554199e-01 9.383783936500549316e-01 1.115182116627693176e-01
-8.073303103446960449e-02 1.478281617164611816e+00 -2.876559793949127197e-01
-3.758496940135955811e-01 1.287861943244934082e+00 -3.461308777332305908e-01
1.665998101234436035e+00 1.322476506233215332e+00 9.175392985343933105e-01
-9.380027651786804199e-01 -4.356770813465118408e-01 1.184760183095932007e-01
-1.215224191546440125e-01 1.087471723556518555e+00 -6.818110942840576172e-01
-1.039792820811271667e-01 -6.506578326225280762e-01 -5.311973690986633301e-01
-8.479275107383728027e-01 -4.542351663112640381e-01 1.062381267547607422e-01
-2.773715257644653320e-01 -3.103220164775848389e-01 1.534493446350097656e+00
-6.422218680381774902e-01 6.688960790634155273e-01 1.433663368225097656e-01
1.715721748769283295e-02 6.287855505943298340e-01 8.505895733833312988e-01
-1.325637698173522949e+00 9.112492799758911133e-01 -1.513018250465393066e+00
-2.947558462619781494e-01 -1.394375681877136230e+00 6.588248610496520996e-01
-4.164306521415710449e-01 1.343237876892089844e+00 -2.327145636081695557e-01
-3.090115487575531006e-01 1.230413913726806641e+00 -2.725132927298545837e-02
2.712327241897583008e-01 -3.627605736255645752e-01 8.612992763519287109e-01
4.675238430500030518e-01 -1.099831223487854004e+00 -1.160080075263977051e+00
-6.018491983413696289e-01 -2.727292180061340332e-01 1.259613513946533203e+00
-3.432467579841613770e-01 9.847521185874938965e-01 3.042614758014678955e-01
1.908395439386367798e-01 1.699947953224182129e+00 -8.312133699655532837e-02
-4.260725080966949463e-01 -4.513905644416809082e-01 -3.174785897135734558e-02
7.240699529647827148e-01 -7.135515213012695312e-01 4.690180420875549316e-01
7.787383347749710083e-02 8.461101651191711426e-01 6.991707682609558105e-01
-1.232148528099060059e+00 -3.944664895534515381e-01 5.737382546067237854e-02
2.995445728302001953e-01 1.254336595535278320e+00 4.982998371124267578e-01
4.186343252658843994e-01 -3.298570588231086731e-02 1.994267255067825317e-01
2.275121510028839111e-01 1.806831359863281250e-01 2.408183813095092773e-01
-1.184560209512710571e-01 9.775928258895874023e-01 -6.435538530349731445e-01
-2.569739706814289093e-03 -6.761351823806762695e-01 1.033731341361999512e+00
-4.070733487606048584e-01 -8.565421104431152344e-01 7.707678675651550293e-01
3.698893785476684570e-01 7.950197458267211914e-01 -4.477110207080841064e-01
-4.633262753486633301e-01 3.802858591079711914e-01 -7.157687544822692871e-01
-2.031526565551757812e-01 -9.831194281578063965e-01 1.930820941925048828e-01
-3.557526469230651855e-01 3.619053661823272705e-01 6.648458838462829590e-01
-2.670162618160247803e-01 1.249508619308471680e+00 5.712689757347106934e-01
-2.664373517036437988e-01 1.250596165657043457e+00 5.708259940147399902e-01
-2.686724364757537842e-01 1.254068732261657715e+00 5.685696601867675781e-01
-3.921139836311340332e-01 1.092917799949645996e+00 7.093698382377624512e-01
-3.930270969867706299e-01 1.084496617317199707e+00 7.082693576812744141e-01
-1.263419818133115768e-02 1.449849247932434082e+00 7.429872751235961914e-01
2.098140306770801544e-03 1.445698142051696777e+00 7.385357022285461426e-01
-4.352416992187500000e-01 1.591412186622619629e+00 5.921280756592750549e-02
-4.231257736682891846e-01 1.369276523590087891e+00 3.114896118640899658e-01
-9.485130012035369873e-02 5.951185822486877441e-01 1.199809670448303223e+00
4.999632388353347778e-02 -8.687935769557952881e-02 6.529893875122070312e-01
3.450284898281097412e-01 1.488826394081115723e+00 1.449678897857666016e+00
-1.127787455916404724e-01 1.773057460784912109e+00 6.995387077331542969e-01
3.453416824340820312e-01 2.044042348861694336e+00 8.167409896850585938e-01
3.356893658638000488e-01 2.023982048034667969e+00 8.200532197952270508e-01
-8.252996206283569336e-01 9.799388647079467773e-01 1.276745200157165527e+00
-6.890105009078979492e-01 1.165088653564453125e+00 1.239486813545227051e+00
-1.415443569421768188e-01 1.429748654365539551e+00 2.329953908920288086e-01
8.610127866268157959e-02 1.451981782913208008e+00 4.202402234077453613e-01
-4.095494151115417480e-01 1.487847924232482910e+00 1.576452851295471191e+00
-1.862032294273376465e+00 4.148730635643005371e-01 7.390254139900207520e-01
-3.974468111991882324e-01 1.173981308937072754e+00 1.713028430938720703e+00
-1.030484437942504883e+00 1.402503848075866699e+00 -5.429161190986633301e-01
-1.042890548706054688e+00 1.394148349761962891e+00 -5.509104132652282715e-01
-1.195249080657958984e+00 4.528011977672576904e-01 4.209477603435516357e-01
6.084313392639160156e-01 -1.042217016220092773e-01 2.212721705436706543e-01
4.882608726620674133e-02 1.838854789733886719e+00 -2.328453063964843750e-01
5.995178595185279846e-02 1.827193260192871094e+00 -2.107462584972381592e-01
1.929599285125732422e+00 9.531148076057434082e-01 -3.726707398891448975e-01
-1.714685201644897461e+00 1.082196950912475586e+00 2.348888665437698364e-01
9.884375333786010742e-01 -3.923631608486175537e-01 -5.247992873191833496e-01
-4.670248627662658691e-01 1.088302612304687500e+00 -2.559975087642669678e-01
-4.494748413562774658e-01 9.598665237426757812e-01 1.030262947082519531e+00
-5.453217029571533203e-01 1.188734531402587891e+00 7.270835638046264648e-01
-9.305662512779235840e-01 9.235040545463562012e-01 9.744970798492431641e-01
-1.066485404968261719e+00 9.084696769714355469e-01 8.366748690605163574e-01
-6.118994951248168945e-02 1.128252267837524414e+00 1.119828939437866211e+00
-7.118333876132965088e-02 -2.280488610267639160e-01 2.075299978256225586e+00
-9.847458004951477051e-01 8.881378769874572754e-01 -4.600186944007873535e-01
-1.009612441062927246e+00 1.311543107032775879e+00 -1.045215725898742676e+00
3.652142584323883057e-01 2.875415384769439697e-01 2.149997949600219727e+00
3.431007862091064453e-01 4.436582922935485840e-01 1.891236543655395508e+00
1.627624034881591797e-01 1.486249119043350220e-01 1.883082091808319092e-01
1.378390491008758545e-01 5.825430154800415039e-02 2.897121906280517578e-01
-3.495625853538513184e-01 1.276832580566406250e+00 1.684523373842239380e-01
-3.518684804439544678e-01 1.288911461830139160e+00 1.434487849473953247e-01
-5.929996967315673828e-01 1.332419157028198242e+00 6.504158377647399902e-01
-4.256151616573333740e-01 1.597616910934448242e+00 5.524458885192871094e-01
-2.752816677093505859e-01 1.558888673782348633e+00 5.390732288360595703e-01
-2.375341653823852539e-01 1.676454186439514160e+00 5.737678408622741699e-01
-4.005420804023742676e-01 1.236671447753906250e+00 2.942161858081817627e-01
-5.701227784156799316e-01 1.102611184120178223e+00 6.276202797889709473e-01
-5.426042675971984863e-01 1.114959716796875000e+00 6.427611112594604492e-01
-7.269616723060607910e-01 5.787256360054016113e-01 6.697787642478942871e-01
-6.752474904060363770e-01 1.170995473861694336e+00 8.005163073539733887e-02
-7.105221748352050781e-01 -1.331328041851520538e-02 2.126168906688690186e-01
-1.622369438409805298e-01 6.385324001312255859e-01 2.327660173177719116e-01
9.894531369209289551e-01 6.889811158180236816e-01 6.573185324668884277e-01
-7.673084735870361328e-01 -3.539496660232543945e-01 7.705228328704833984e-01
-3.995230793952941895e-01 1.358462572097778320e+00 1.955460458993911743e-01
1.284563243389129639e-01 1.894041419029235840e+00 1.293042451143264771e-01
3.118587285280227661e-02 1.610859274864196777e+00 3.337620794773101807e-01
8.799134939908981323e-02 1.493439316749572754e+00 5.191342830657958984e-01
-7.948429584503173828e-01 4.659437835216522217e-01 1.728444397449493408e-01
-1.411086618900299072e-01 7.698315382003784180e-01 2.887842953205108643e-01
7.523951530456542969e-01 1.402245044708251953e+00 -7.273832708597183228e-02
-4.774685800075531006e-01 1.877801418304443359e+00 -8.124209642410278320e-01
1.232724823057651520e-02 1.473831534385681152e+00 1.576913893222808838e-01
1.990040205419063568e-02 1.689013123512268066e+00 -5.426966771483421326e-02
4.900512695312500000e-01 1.549593925476074219e+00 5.272622108459472656e-01
3.554670810699462891e-01 6.978793144226074219e-01 -6.371203064918518066e-01
-6.820129156112670898e-01 1.228419303894042969e+00 1.518887132406234741e-01
-1.046835422515869141e+00 1.219532251358032227e+00 -3.559431731700897217e-01
-1.019444346427917480e+00 1.266776204109191895e+00 -3.837361037731170654e-01
1.321637988090515137e+00 9.128234386444091797e-01 -7.548177838325500488e-01
5.000182986259460449e-01 -7.670559883117675781e-01 1.283796668052673340e+00
-6.545296311378479004e-01 3.003599941730499268e-01 -8.265676349401473999e-02
6.906811594963073730e-01 4.352008178830146790e-02 9.894602298736572266e-01
-3.334962129592895508e-01 1.245536088943481445e+00 3.672892749309539795e-01
-4.219061732292175293e-01 1.233014941215515137e+00 3.157193660736083984e-01
-1.125877618789672852e+00 1.061047673225402832e+00 -7.329115271568298340e-02
1.069777727127075195e+00 1.176683664321899414e+00 -7.213400304317474365e-02
-4.582729563117027283e-02 2.024112045764923096e-01 -1.778607666492462158e-01
-1.299326300621032715e+00 1.769172251224517822e-01 1.069891333580017090e+00
-5.957066416740417480e-01 -1.198153138160705566e+00 -4.681870043277740479e-01
-5.802265405654907227e-01 8.500426411628723145e-01 -1.306550383567810059e+00
4.763330519199371338e-01 -9.529645442962646484e-01 9.664270281791687012e-01
-6.124734878540039062e-02 -1.417190909385681152e+00 9.484336972236633301e-01
2.307617664337158203e-01 3.215970993041992188e+00 -1.044511556625366211e+00
-8.560405373573303223e-01 3.276047063991427422e-03 1.796276211738586426e+00
-8.469918966293334961e-01 -1.916019469499588013e-01 9.222906827926635742e-01
-1.346137046813964844e+00 -5.213384628295898438e-01 1.238917708396911621e+00
-6.632558703422546387e-01 8.995488286018371582e-01 1.062092661857604980e+00
-2.927963435649871826e-01 5.427523255348205566e-01 5.408582687377929688e-01
-1.429331302642822266e-02 9.729591012001037598e-01 -4.951883554458618164e-01
2.080711275339126587e-01 3.278356075286865234e+00 -1.193468332290649414e+00
1.148362755775451660e-01 -1.569625586271286011e-01 1.269954591989517212e-01
4.255066066980361938e-02 -2.159610241651535034e-01 -1.767751574516296387e-01
-8.718529939651489258e-01 1.546522974967956543e+00 -5.607354640960693359e-01
-4.196662604808807373e-01 -1.812848925590515137e+00 -5.740988254547119141e-02
2.536483481526374817e-02 3.082420110702514648e+00 -1.186090230941772461e+00
2.994594536721706390e-02 3.078557729721069336e+00 -1.192033410072326660e+00
1.989653855562210083e-01 1.613190412521362305e+00 -4.917226731777191162e-01
-3.152879774570465088e-01 1.431420207023620605e+00 -1.409416198730468750e+00
-6.439006328582763672e-01 1.693057775497436523e+00 -5.862891674041748047e-01
-3.592465221881866455e-01 1.887280344963073730e+00 -5.510892271995544434e-01
2.261635661125183105e-01 6.529451608657836914e-01 -6.489661335945129395e-01
7.781603336334228516e-01 -5.722756981849670410e-01 -8.176747560501098633e-01
2.172517329454421997e-01 1.396301627159118652e+00 6.177887320518493652e-01
2.150927335023880005e-01 1.417425870895385742e+00 6.126289367675781250e-01
-8.832657337188720703e-02 1.269736170768737793e+00 1.928500235080718994e-01
-4.659990966320037842e-01 1.060186743736267090e+00 9.303532540798187256e-02
-6.070408821105957031e-01 -7.689239978790283203e-01 -1.156386971473693848e+00
6.433284878730773926e-01 1.682506680488586426e+00 2.504141032695770264e-01
2.782162129878997803e-01 1.560971140861511230e+00 7.373191118240356445e-01
1.095622703433036804e-01 1.608787894248962402e+00 5.273190140724182129e-01
1.916314661502838135e-01 1.483756184577941895e+00 5.532760620117187500e-01
1.071991920471191406e-01 1.434057474136352539e+00 5.499457120895385742e-01
3.891773521900177002e-01 -1.409281849861145020e+00 -5.275962948799133301e-01
6.511586904525756836e-01 6.497036814689636230e-01 -1.703276276588439941e+00
-6.678347941488027573e-03 1.286479234695434570e+00 1.362976729869842529e-01
3.764896392822265625e-01 1.426764249801635742e+00 3.562384247779846191e-01
1.516744852066040039e+00 -3.092655837535858154e-01 4.612480998039245605e-01
1.587855696678161621e+00 -1.051421403884887695e+00 1.279450416564941406e+00
-1.307961940765380859e+00 -2.592802643775939941e-01 5.297666192054748535e-01
9.574308246374130249e-02 -4.642252996563911438e-02 5.358806848526000977e-01
-3.177505135536193848e-01 1.105473875999450684e+00 3.792839050292968750e-01
-5.187878608703613281e-01 1.335883021354675293e+00 -9.744050353765487671e-02
-1.832262277603149414e+00 -7.828360050916671753e-02 -1.312077879905700684e+00
-2.039366960525512695e+00 -2.523531615734100342e-01 -1.227491259574890137e+00
-4.490254819393157959e-01 -8.752577304840087891e-01 -5.178248286247253418e-01
-1.469526886940002441e+00 -2.168858051300048828e-01 -5.056447386741638184e-01
1.205016486346721649e-02 4.066071212291717529e-01 -1.122257709503173828e+00
-1.575672030448913574e+00 -2.551909685134887695e-01 -7.483995556831359863e-01
8.036436438560485840e-01 6.663567423820495605e-01 -7.217816114425659180e-01
-3.998869955539703369e-01 -9.786675125360488892e-02 9.585334062576293945e-01
-1.718095660209655762e+00 -9.272277355194091797e-03 -1.018201112747192383e+00
-2.461560249328613281e+00 -6.828009486198425293e-01 -7.843612432479858398e-01
-1.859823703765869141e+00 -3.628416657447814941e-01 -8.588063716888427734e-01
-2.213969469070434570e+00 -7.271543145179748535e-01 -8.765368461608886719e-01
-2.623189687728881836e+00 -3.185380101203918457e-01 -1.552639842033386230e+00
-4.530764743685722351e-02 3.971310704946517944e-02 -8.086416721343994141e-01
-5.083869099617004395e-01 2.422122508287429810e-01 5.825825929641723633e-01
-3.432483598589897156e-02 -4.150539934635162354e-01 -1.115494072437286377e-01
-2.311171963810920715e-03 6.767761111259460449e-01 -3.850205540657043457e-01
3.502420783042907715e-01 -1.293676137924194336e+00 -2.559485137462615967e-01
-7.504994869232177734e-01 2.697461843490600586e-01 -4.746374189853668213e-01
8.085893392562866211e-01 4.329973757266998291e-01 2.477834969758987427e-01
1.347575068473815918e+00 9.165529906749725342e-02 -1.376419901847839355e+00
-2.299286127090454102e-01 1.244361251592636108e-01 -2.274271696805953979e-01
-7.742159962654113770e-01 -3.761263489723205566e-01 9.240927547216415405e-02
-5.252773761749267578e-01 1.590673923492431641e+00 5.311044678092002869e-02
1.896750926971435547e+00 1.202098727226257324e+00 -3.980899453163146973e-01
1.939343959093093872e-01 1.022680044174194336e+00 4.977716505527496338e-01
7.843044400215148926e-01 6.486232876777648926e-01 1.096894070506095886e-01
-8.622382767498493195e-03 9.749179482460021973e-01 6.984682679176330566e-01
-2.840146422386169434e-01 -4.691030457615852356e-02 1.150731816887855530e-01
-4.250497221946716309e-01 -4.039732813835144043e-01 2.751743197441101074e-01
1.616528034210205078e-01 -1.566919445991516113e+00 4.376927316188812256e-01
-5.021389126777648926e-01 -7.913426756858825684e-01 2.153571099042892456e-01
-1.372824788093566895e+00 3.152777254581451416e-01 -1.273406744003295898e+00
3.521173493936657906e-03 4.537859261035919189e-01 -4.558525383472442627e-01
-1.695471853017807007e-01 1.753792285919189453e+00 -1.240283966064453125e+00
2.791205942630767822e-01 7.639146447181701660e-01 6.287226676940917969e-01
4.463085234165191650e-01 1.389775276184082031e+00 1.728053987026214600e-01
-3.339720666408538818e-01 1.458398699760437012e+00 1.210255268961191177e-02
-3.347974419593811035e-01 1.458809852600097656e+00 9.493648074567317963e-03
-1.095615386962890625e+00 1.169958353042602539e+00 -5.941223502159118652e-01
-1.614390760660171509e-01 9.979699850082397461e-01 -2.719558477401733398e-01
-2.045447565615177155e-02 2.920965552330017090e-01 -2.495126277208328247e-01
-2.971830666065216064e-01 -2.580281160771846771e-02 3.097746372222900391e-01
-1.397170305252075195e+00 1.631204038858413696e-01 8.747212886810302734e-01
-1.739865183830261230e+00 9.488828778266906738e-01 -8.778333663940429688e-01
-3.819008767604827881e-01 7.442670464515686035e-01 1.454763412475585938e-01
-1.150444865226745605e+00 7.829259037971496582e-01 -2.303929179906845093e-01
-9.130956530570983887e-01 9.393526315689086914e-01 -1.109513491392135620e-01
1.505793809890747070e+00 -2.336827218532562256e-01 -6.082776784896850586e-01
-7.125784158706665039e-01 7.891601324081420898e-01 -1.322171390056610107e-01
-8.420901894569396973e-01 2.542799413204193115e-01 1.196796000003814697e-01
-1.251180529594421387e+00 3.661415874958038330e-01 1.400092691183090210e-01
3.112414181232452393e-01 8.868987560272216797e-01 -1.579520553350448608e-01
-7.550951242446899414e-01 2.675200104713439941e-01 -1.432616591453552246e+00
-6.473969221115112305e-01 -6.655922532081604004e-01 -3.929664790630340576e-01
-1.679130077362060547e+00 3.161903917789459229e-01 -2.083414420485496521e-02
2.239945977926254272e-01 8.931522369384765625e-01 -9.522391557693481445e-01
1.590712070465087891e-01 4.741367697715759277e-01 2.972112298011779785e-01
-1.735695242881774902e+00 -3.620782494544982910e-02 -2.007091194391250610e-01
-9.352747201919555664e-01 -9.375581145286560059e-01 8.481009006500244141e-01
-1.308904528617858887e+00 -5.476317405700683594e-01 8.427053093910217285e-01
-4.099101424217224121e-01 6.867651939392089844e-01 3.629620745778083801e-02
-3.180224895477294922e-01 8.315122723579406738e-01 5.835398435592651367e-01
-5.143256187438964844e-01 1.175451993942260742e+00 1.487574130296707153e-01
2.025191932916641235e-01 5.534359216690063477e-01 3.987915068864822388e-02
6.915170550346374512e-01 -8.364799618721008301e-01 1.733662039041519165e-01
-3.332212865352630615e-01 1.464120507240295410e+00 5.162127315998077393e-02
-1.250638812780380249e-01 -1.067099533975124359e-02 -7.063750028610229492e-01
-6.110021471977233887e-01 5.632919669151306152e-01 5.112760066986083984e-01
8.787593990564346313e-02 1.134296417236328125e+00 7.002549171447753906e-01
8.189723491668701172e-01 -5.884643644094467163e-02 4.277732968330383301e-01
-5.045595169067382812e-01 1.188037157058715820e+00 3.284504413604736328e-01
-9.001774191856384277e-01 7.249242663383483887e-01 4.208644628524780273e-01
-6.307026147842407227e-01 3.130018413066864014e-01 -1.119337528944015503e-01
-9.557045064866542816e-03 2.006073713302612305e+00 2.440857142210006714e-01
-7.678897976875305176e-01 2.497074306011199951e-01 7.937712669372558594e-01
-6.360751986503601074e-01 7.476784586906433105e-01 5.151035189628601074e-01
-6.465340852737426758e-01 1.180315732955932617e+00 -6.701539456844329834e-02
7.305600047111511230e-01 -4.863632321357727051e-01 -6.067579239606857300e-02
-2.254828363656997681e-01 1.293904036283493042e-01 -6.702337265014648438e-01
3.674527108669281006e-01 1.040522694587707520e+00 -5.479758977890014648e-01
-2.329928129911422729e-01 1.481776595115661621e+00 1.597197055816650391e-01
-2.345971763134002686e-01 1.487237572669982910e+00 1.532673090696334839e-01
-3.705799579620361328e-01 1.395052433013916016e+00 4.585080742835998535e-01
-4.168081581592559814e-01 1.016322016716003418e+00 8.251625895500183105e-01
-2.838949561119079590e-01 9.312549233436584473e-01 2.691826820373535156e-01
2.458913475275039673e-01 1.044009804725646973e+00 6.407970190048217773e-01
-2.872851490974426270e-01 6.981517076492309570e-01 -1.081855416297912598e+00
-9.323905706405639648e-01 1.365335941314697266e+00 -3.764812350273132324e-01
-4.591938853263854980e-01 1.545367002487182617e+00 -1.445184648036956787e-01
-4.579892158508300781e-01 1.530453920364379883e+00 -1.268156766891479492e-01
5.876224040985107422e-01 1.513688206672668457e+00 9.131277203559875488e-01
5.036700367927551270e-01 1.501218318939208984e+00 9.169877171516418457e-01
-7.049305830150842667e-03 4.182906448841094971e-01 9.600149095058441162e-02
-9.892500638961791992e-01 1.154986908659338951e-03 1.424105763435363770e-01
-5.971937179565429688e-01 1.201245427131652832e+00 -3.983301818370819092e-01
-3.306623995304107666e-01 1.506597638130187988e+00 -5.502093434333801270e-01
-6.511760354042053223e-01 1.465123414993286133e+00 -2.927974462509155273e-01
-3.836033046245574951e-01 4.730954170227050781e-01 2.670462429523468018e-01
-3.566665649414062500e-01 9.203506261110305786e-02 -2.918023467063903809e-01
-7.192155122756958008e-01 -1.768527552485466003e-02 3.486330509185791016e-01
1.180817037820816040e-01 1.073146890848875046e-02 1.385319232940673828e-01
-1.246675491333007812e+00 9.406008720397949219e-01 -6.019340157508850098e-01
-7.318109869956970215e-01 1.236709237098693848e+00 9.269677847623825073e-02
-9.584788084030151367e-01 -3.378117978572845459e-01 -4.189677834510803223e-01
4.283994808793067932e-02 -1.045502066612243652e+00 5.058350563049316406e-01
4.971304237842559814e-01 3.458970226347446442e-03 3.961561620235443115e-01
-2.000179529190063477e+00 3.336757421493530273e-01 -7.001383900642395020e-01
-2.228430271148681641e+00 7.211915403604507446e-02 -5.914391279220581055e-01
-1.804934740066528320e-01 1.069384813308715820e+00 1.112711802124977112e-01
-2.995522916316986084e-01 -2.325998991727828979e-01 1.221349239349365234e+00
-5.705471634864807129e-01 1.245912194252014160e+00 -1.815676242113113403e-01
-5.418103933334350586e-01 1.299272775650024414e+00 -1.934120506048202515e-01
1.126392960548400879e+00 2.585859000682830811e-01 1.279036551713943481e-01
-6.496196389198303223e-01 -2.464668303728103638e-01 3.235842883586883545e-01
1.510744690895080566e-01 7.183440923690795898e-01 1.768320947885513306e-01
5.984870791435241699e-01 1.220924377441406250e+00 3.437148034572601318e-01
-1.526922434568405151e-01 6.012213826179504395e-01 -3.537685871124267578e-01
-5.492641925811767578e-01 7.013540863990783691e-01 2.871828675270080566e-01
-6.137920618057250977e-01 3.801952898502349854e-01 3.260340392589569092e-01
-1.765883415937423706e-01 1.830871552228927612e-01 4.476146399974822998e-01
6.639581918716430664e-01 8.892015814781188965e-01 1.121967673301696777e+00
1.546385586261749268e-01 8.088158965110778809e-01 -7.827324271202087402e-01
1.002743840217590332e+00 1.339246392250061035e+00 4.914152920246124268e-01
4.297917485237121582e-01 1.000529766082763672e+00 2.044850140810012817e-01
-7.910841703414916992e-02 1.144167184829711914e+00 2.265841513872146606e-01
-5.810630321502685547e-01 7.470260262489318848e-01 1.108414307236671448e-01
-3.894272148609161377e-01 -1.511654406785964966e-01 3.964957296848297119e-01
-3.827329277992248535e-01 1.043645739555358887e+00 -1.804980821907520294e-02
-3.857549652457237244e-02 1.760526418685913086e+00 -4.945106208324432373e-01
-4.586623907089233398e-01 -2.125857621431350708e-01 1.553849697113037109e+00
-1.123030111193656921e-01 1.226300239562988281e+00 2.327848784625530243e-02
-7.892598509788513184e-01 3.827927634119987488e-03 4.580750763416290283e-01
1.702045351266860962e-01 8.409298062324523926e-01 2.929905354976654053e-01
2.496195584535598755e-01 -3.444879651069641113e-01 -6.283171772956848145e-01
-4.635642170906066895e-01 -7.645975947380065918e-01 2.492918670177459717e-01
-4.391654729843139648e-01 6.362863779067993164e-01 8.724120855331420898e-01
1.734308153390884399e-01 6.056557893753051758e-01 -2.600378692150115967e-01
-3.314411342144012451e-01 4.624565243721008301e-01 7.265172004699707031e-01
-6.526325941085815430e-01 7.425087094306945801e-01 -2.340574376285076141e-02
-2.184685319662094116e-02 2.186445444822311401e-01 -2.846570685505867004e-02
-1.895680129528045654e-01 4.695011973381042480e-01 -3.815540969371795654e-01
2.072511613368988037e-02 -4.725409746170043945e-01 -4.218623340129852295e-01
-5.884898900985717773e-01 -8.505671620368957520e-01 3.632401823997497559e-01
-2.782999575138092041e-01 3.928200304508209229e-01 1.069895505905151367e+00
-8.030633330345153809e-01 -8.565123379230499268e-02 5.696387887001037598e-01
-1.607493877410888672e+00 -1.052946373820304871e-01 -1.485313534736633301e+00
-6.581842303276062012e-01 1.455215215682983398e+00 7.350608110427856445e-01
-4.248944222927093506e-01 1.048376083374023438e+00 1.995628625154495239e-01
-3.095949590206146240e-01 -2.642579376697540283e-01 4.053030014038085938e-01
-6.817445158958435059e-01 1.184278503060340881e-01 5.545491576194763184e-01
-3.083291947841644287e-01 6.430589556694030762e-01 9.540594816207885742e-01
-1.075609698891639709e-01 1.301784440875053406e-02 3.559913858771324158e-02
-6.783565282821655273e-01 -3.829768598079681396e-01 -8.354521989822387695e-01
-5.662424564361572266e-01 1.564975500106811523e+00 6.581180542707443237e-02
-7.804450392723083496e-01 9.756479859352111816e-01 3.466240465641021729e-01
-3.389570713043212891e-01 1.725896358489990234e+00 -9.117027372121810913e-02
-7.093756198883056641e-01 1.382910728454589844e+00 2.015032768249511719e-01
-6.898737549781799316e-01 1.370049834251403809e+00 2.400612086057662964e-01
-6.655451059341430664e-01 1.650866150856018066e+00 -6.211690306663513184e-01
-7.444743514060974121e-01 1.516393542289733887e+00 -5.389555692672729492e-01
-7.566603422164916992e-01 -1.033119410276412964e-01 7.237589955329895020e-01
-5.874600410461425781e-01 1.020597219467163086e+00 7.027490139007568359e-01
-5.433823466300964355e-01 1.413767814636230469e+00 3.092539906501770020e-01
-4.168483912944793701e-01 1.017012953758239746e+00 5.828846096992492676e-01
1.609711050987243652e-01 1.853348016738891602e+00 -1.741252690553665161e-01
-1.429174184799194336e+00 -1.006020426750183105e+00 1.145849704742431641e+00
-1.349606633186340332e+00 -2.193589806556701660e-01 2.359681725502014160e-01
-4.595115184783935547e-01 1.326969027519226074e+00 5.577717423439025879e-01
-1.010490179061889648e+00 2.405083179473876953e+00 -1.985134482383728027e+00
-1.021014928817749023e+00 2.188377141952514648e+00 -1.821329474449157715e+00
2.787954211235046387e-01 1.203786373138427734e+00 4.861480593681335449e-01
-1.067632675170898438e+00 -9.865236282348632812e-02 -4.689675867557525635e-01
-9.988839626312255859e-01 1.868796467781066895e+00 -1.479348540306091309e+00
-2.842121124267578125e-01 -1.009621024131774902e+00 -9.230671525001525879e-01
1.217766627669334412e-01 6.338797509670257568e-02 4.731872379779815674e-01
-5.408318042755126953e-01 6.160223484039306641e-01 -8.594641834497451782e-02
-7.317338138818740845e-02 1.655654191970825195e+00 5.014320462942123413e-02
8.742683529853820801e-01 1.348530173301696777e+00 -3.277039825916290283e-01
3.737249374389648438e-01 1.293460011482238770e+00 -6.232395768165588379e-01
-4.327291548252105713e-01 -1.030577346682548523e-01 -2.420950829982757568e-01
-1.463091731071472168e+00 -5.971329808235168457e-01 -4.157144129276275635e-01
-1.317504048347473145e-01 1.753050684928894043e+00 3.776989132165908813e-02
-1.240446195006370544e-01 1.768630266189575195e+00 2.989998459815979004e-02
-9.814463555812835693e-02 1.671820163726806641e+00 1.221151426434516907e-01
-1.394833624362945557e-01 1.691094636917114258e+00 -2.886670455336570740e-02
-2.496734857559204102e-01 1.661255478858947754e+00 2.930726855993270874e-03
1.265005618333816528e-01 1.484186768531799316e+00 5.711095333099365234e-01
-1.568878442049026489e-02 4.052557647228240967e-01 -1.464699149131774902e+00
8.662036806344985962e-02 1.803641915321350098e+00 2.261863350868225098e-01
-1.382254362106323242e+00 6.414158344268798828e-01 -5.670477747917175293e-01
2.256149053573608398e-01 1.074727416038513184e+00 1.717070639133453369e-01
1.397412538528442383e+00 1.207224965095520020e+00 3.564777970314025879e-01
-1.950840950012207031e-01 5.448626279830932617e-01 -1.120441198348999023e+00
6.388534605503082275e-02 5.142014026641845703e-01 6.585691571235656738e-01
9.152906015515327454e-03 5.514058470726013184e-01 5.577176809310913086e-01
-2.564266026020050049e-01 1.228736639022827148e+00 -1.140947863459587097e-01
3.653355836868286133e-01 1.658142924308776855e+00 -7.982510328292846680e-01
-6.943916678428649902e-01 6.562868952751159668e-01 -7.191973328590393066e-01
-1.614830195903778076e-01 1.372790575027465820e+00 -5.751144886016845703e-01
-6.638078689575195312e-01 1.388865232467651367e+00 -1.173988103866577148e+00
-5.067647621035575867e-02 1.139837145805358887e+00 -2.444016747176647186e-02
1.898349635303020477e-02 1.642906665802001953e+00 -9.094680845737457275e-02
-1.374220490455627441e+00 5.644540786743164062e-01 5.576481670141220093e-02
6.112555861473083496e-01 9.800446778535842896e-02 1.112772941589355469e+00
2.048259787261486053e-02 1.599753499031066895e+00 -4.422287270426750183e-02
-4.418614506721496582e-01 8.413124084472656250e-01 3.240981996059417725e-01
-8.398044705390930176e-01 1.119473218917846680e+00 -3.912177085876464844e-01
1.787682771682739258e-01 1.878726124763488770e+00 -3.996060490608215332e-01
-7.478941082954406738e-01 -8.062393069267272949e-01 8.442880213260650635e-02
5.668423771858215332e-01 -4.590946137905120850e-01 -5.420004129409790039e-01
-1.601588353514671326e-02 -1.511219263076782227e+00 5.629227161407470703e-01
1.290804147720336914e+00 -3.172971904277801514e-01 1.530544519424438477e+00
-4.750187397003173828e-01 2.452455647289752960e-02 1.035937666893005371e+00
6.598837673664093018e-02 1.048944830894470215e+00 -1.338818669319152832e-01
-5.681773424148559570e-01 -1.685309037566184998e-02 1.042670607566833496e-01
1.034601569175720215e+00 1.580218821763992310e-01 -1.976011693477630615e-01
-3.032492101192474365e-01 8.550437688827514648e-01 -1.022179871797561646e-01
-2.203620076179504395e-01 -3.063383698463439941e-01 6.343143433332443237e-02
1.520318835973739624e-01 2.882764441892504692e-03 5.091561079025268555e-01
8.158946633338928223e-01 1.184348940849304199e+00 3.656981885433197021e-01
-9.053425788879394531e-01 2.450709491968154907e-01 3.898717463016510010e-01
-1.270696222782135010e-01 -4.519200623035430908e-01 -2.730635702610015869e-01
-1.421673875302076340e-02 -4.859487414360046387e-01 6.668599322438240051e-03
1.096432685852050781e+00 4.305291473865509033e-01 7.194728404283523560e-02
2.995180664584040642e-03 4.451690316200256348e-01 -2.715592682361602783e-01
-2.556300759315490723e-01 9.357602596282958984e-01 1.504867523908615112e-02
-1.124720722436904907e-01 1.189118862152099609e+00 -5.204349160194396973e-01
2.844838658347725868e-03 3.791168034076690674e-01 -1.577314287424087524e-01
-1.847663670778274536e-01 2.057586796581745148e-02 -6.678895354270935059e-01
-1.686730980873107910e-01 -8.442108035087585449e-01 -6.785048842430114746e-01
-9.019128084182739258e-01 -3.459439873695373535e-01 6.109240651130676270e-01
-1.096844911575317383e+00 -2.850602865219116211e-01 1.268213838338851929e-01
-2.660771906375885010e-01 3.789608776569366455e-01 4.067495763301849365e-01
7.770504355430603027e-01 -1.059299781918525696e-01 -1.416212171316146851e-01
8.494288921356201172e-01 -2.314113378524780273e-01 -3.803056180477142334e-01
-1.629401803016662598e+00 8.340098261833190918e-01 -7.790620326995849609e-01
-1.613712906837463379e+00 8.605466485023498535e-01 -8.110956549644470215e-01
-1.247643351554870605e+00 9.448673725128173828e-01 -5.506384968757629395e-01
5.364599823951721191e-01 8.182238340377807617e-01 8.413937687873840332e-01
-1.553830027580261230e+00 8.059338331222534180e-01 -4.891912639141082764e-01
-4.895982444286346436e-01 3.712010681629180908e-01 1.023721575736999512e+00
-1.094918608665466309e+00 -8.695220574736595154e-03 1.115869998931884766e+00
-1.568471074104309082e+00 7.831920385360717773e-01 -4.157867133617401123e-01
1.877404898405075073e-01 1.631338953971862793e+00 -3.909018635749816895e-01
-7.067110538482666016e-01 1.179021835327148438e+00 -8.860696554183959961e-01
-7.455114275217056274e-02 1.900015354156494141e+00 -9.009837508201599121e-01
-1.779132485389709473e+00 9.784072637557983398e-01 -1.001938343048095703e+00
-8.144782781600952148e-01 1.143912553787231445e+00 -2.484626621007919312e-01
-9.145709276199340820e-01 1.040259480476379395e+00 -2.256515771150588989e-01
-9.388824701309204102e-01 9.762855768203735352e-01 -1.813498586416244507e-01
-8.968852758407592773e-01 -5.612921714782714844e-01 6.630311608314514160e-01
-8.068282604217529297e-01 1.882240325212478638e-01 4.309799373149871826e-01
-9.876460582017898560e-02 1.057238340377807617e+00 2.965862751007080078e-01
2.533336877822875977e-01 5.382484793663024902e-01 2.119895964860916138e-01
2.803052961826324463e-01 1.556247949600219727e+00 4.840114414691925049e-01
3.698368370532989502e-01 2.745540618896484375e+00 -1.517116308212280273e+00
4.983296096324920654e-01 5.534118413925170898e-01 -5.233101248741149902e-01
1.534355878829956055e+00 7.421358227729797363e-01 9.273401498794555664e-01
-2.403849363327026367e+00 5.685613155364990234e-01 -1.186911463737487793e+00
-3.911230862140655518e-01 -7.111130952835083008e-01 1.530729293823242188e+00
6.590350270271301270e-01 3.331282436847686768e-01 -7.018737960606813431e-03
-1.103676557540893555e+00 1.222617387771606445e+00 -1.274688959121704102e+00
1.522962749004364014e-01 9.258830547332763672e-01 -6.482952833175659180e-01
-3.005177259445190430e+00 7.302821874618530273e-01 -2.019823074340820312e+00
-2.850010633468627930e+00 3.863947987556457520e-01 -1.511123299598693848e+00
-1.036835432052612305e+00 1.195830345153808594e+00 -7.220193743705749512e-01
-4.180952161550521851e-02 8.219665884971618652e-01 -8.276800513267517090e-01
-4.654079377651214600e-01 -2.703300714492797852e-01 3.596026599407196045e-01
-2.333246767520904541e-01 1.011959671974182129e+00 -2.013085603713989258e+00
-6.686038970947265625e-01 3.271056711673736572e-01 -1.617060899734497070e+00
-1.466241955757141113e+00 -5.291036367416381836e-01 -8.678394556045532227e-01
-6.017103195190429688e-01 4.468914866447448730e-01 -9.524455666542053223e-01
-1.000894904136657715e+00 -9.182970523834228516e-01 -1.185873672366142273e-01
-1.586787700653076172e+00 7.364377379417419434e-02 -8.700165152549743652e-01
-5.308659672737121582e-01 1.603404521942138672e+00 -3.405742049217224121e-01
-5.819039344787597656e-01 1.614558815956115723e+00 -3.900761902332305908e-01
-5.358128547668457031e-01 2.664355374872684479e-02 8.956089019775390625e-01
-6.456003785133361816e-01 7.541676163673400879e-01 -3.118156492710113525e-01
-4.960509538650512695e-01 6.500453948974609375e-01 -7.663656771183013916e-02
2.422479912638664246e-02 1.124524116516113281e+00 4.893160462379455566e-01
8.932607620954513550e-02 1.240794062614440918e+00 3.311182139441370964e-03
-1.162689328193664551e+00 7.874044775962829590e-01 -1.339901089668273926e+00
1.729671597480773926e+00 1.523988842964172363e+00 1.066250205039978027e+00
-3.772043287754058838e-01 -1.088449805974960327e-01 1.137776494026184082e+00
-3.513503670692443848e-01 1.578085541725158691e+00 -6.424721330404281616e-02
-4.103773236274719238e-01 4.181002378463745117e-01 1.153548002243041992e+00
-1.064721107482910156e+00 -7.859948277473449707e-01 1.624356746673583984e+00
-1.222195625305175781e+00 8.748065829277038574e-01 -2.215899378061294556e-01
-6.462924480438232422e-01 1.623360514640808105e+00 -2.566039860248565674e-01
-7.429332733154296875e-01 1.021727800369262695e+00 -2.320337444543838501e-01
-4.437912106513977051e-01 1.633262276649475098e+00 -7.835572957992553711e-02
-8.222544789314270020e-01 2.069818019866943359e+00 -9.685902595520019531e-01
-2.905702590942382812e-01 1.107924342155456543e+00 7.566430568695068359e-01
6.607994437217712402e-01 3.383818268775939941e-01 -4.758821725845336914e-01
2.297092974185943604e-01 -4.168729186058044434e-01 1.113994866609573364e-01
-6.414451599121093750e-01 1.422582626342773438e+00 -6.679719090461730957e-01
-5.541702508926391602e-01 1.561195492744445801e+00 -7.414423227310180664e-01
-7.831866145133972168e-01 6.437245011329650879e-01 1.883863061666488647e-01
-8.285664916038513184e-01 1.292342066764831543e+00 -5.245914459228515625e-01
-9.285619854927062988e-01 6.397208571434020996e-01 1.198421418666839600e-01
-4.218366444110870361e-01 1.146908521652221680e+00 -3.975756838917732239e-02
2.126151174306869507e-01 9.066827297210693359e-01 2.329181730747222900e-01
-6.708012223243713379e-01 1.260541915893554688e+00 -7.327167987823486328e-01
1.842604637145996094e+00 2.727089226245880127e-01 -6.334211230278015137e-01
-9.676859378814697266e-01 -1.094463840126991272e-01 1.163013935089111328e+00
4.308408498764038086e-01 6.711010932922363281e-01 1.684771776199340820e+00
3.226537406444549561e-01 1.295736670494079590e+00 1.918665319681167603e-01
-2.461892813444137573e-01 -1.416492342948913574e+00 -4.218032956123352051e-01
-7.758467197418212891e-01 1.539728522300720215e+00 -5.080695152282714844e-01
1.009332895278930664e+00 8.439675569534301758e-01 -4.293712377548217773e-01
-1.188284978270530701e-01 -3.882624953985214233e-02 5.501347780227661133e-01
-1.844059944152832031e+00 -3.293462693691253662e-01 -1.056847095489501953e+00
-2.043171405792236328e+00 -3.674530982971191406e-01 -1.201296448707580566e+00
-2.054200172424316406e+00 -3.627406060695648193e-01 -1.184684991836547852e+00
-8.088319897651672363e-01 1.628288477659225464e-01 -1.069539546966552734e+00
-1.312566757202148438e+00 -8.118459582328796387e-01 -1.276419043540954590e+00
8.121654987335205078e-01 -4.861742258071899414e-01 8.235338330268859863e-01
2.756167901679873466e-03 7.249642014503479004e-01 -8.073205947875976562e-01
9.152531027793884277e-01 4.644789099693298340e-01 -1.495342731475830078e+00
3.103274405002593994e-01 -3.034981191158294678e-01 1.824978888034820557e-01
-3.422973453998565674e-01 9.411147832870483398e-01 4.390982389450073242e-01
-1.785113215446472168e+00 -4.825963675975799561e-01 -8.291544318199157715e-01
-1.742111325263977051e+00 -3.909992575645446777e-01 -9.231293797492980957e-01
-1.795660853385925293e+00 -5.334255695343017578e-01 -7.924572229385375977e-01
-5.578302145004272461e-01 -1.324458360671997070e+00 6.041980385780334473e-01
-2.868668079376220703e+00 -1.268501281738281250e-01 -1.934773445129394531e+00
9.474462270736694336e-01 2.291577905416488647e-01 -9.079206585884094238e-01
-1.375297904014587402e+00 -2.613737881183624268e-01 3.737616837024688721e-01
-2.165938854217529297e+00 -1.806454062461853027e-01 -1.361502170562744141e+00
-2.916832208633422852e+00 -2.022450864315032959e-01 -1.861074924468994141e+00
2.548055648803710938e+00 4.796870648860931396e-01 2.326751798391342163e-01
-1.727746009826660156e+00 -1.221919775009155273e+00 -5.654683113098144531e-01
-8.977388739585876465e-01 4.975656270980834961e-01 -2.654961310327053070e-02
1.596666574478149414e-01 -6.727126240730285645e-01 -3.554025292396545410e-01
9.026665091514587402e-01 4.697352647781372070e-01 4.275487959384918213e-01
-9.666041135787963867e-01 -2.398455440998077393e-01 1.353589147329330444e-01
-1.838589549064636230e+00 -2.016954123973846436e-02 -6.083068847656250000e-01
-2.452641010284423828e+00 -2.885366678237915039e-01 -1.347673654556274414e+00
-6.145576834678649902e-01 -1.329948776401579380e-03 -1.086175560951232910e+00
-8.468810319900512695e-01 1.376795768737792969e-01 -7.779843211174011230e-01
-8.511176705360412598e-01 1.043314710259437561e-01 -7.362293601036071777e-01
-1.423118859529495239e-01 4.046835005283355713e-01 -9.054852128028869629e-01
9.541516900062561035e-01 -6.119592189788818359e-01 -5.200629830360412598e-01
-9.838383197784423828e-01 -2.801702022552490234e-01 -4.013255834579467773e-01
-8.954101204872131348e-01 -9.167633019387722015e-03 -6.805666685104370117e-01
-7.872093319892883301e-01 1.908139139413833618e-01 -7.973676323890686035e-01
-1.294477224349975586e+00 -5.203315019607543945e-01 -8.678102493286132812e-01
-9.752492904663085938e-01 9.720388054847717285e-01 -5.865600705146789551e-01
1.454577207565307617e+00 7.317610830068588257e-02 -6.651351451873779297e-01
7.626318931579589844e-02 -6.435090303421020508e-01 -5.985305309295654297e-01
1.275924891233444214e-01 6.683767437934875488e-01 -2.590684592723846436e-01
3.042647838592529297e-01 7.584801316261291504e-01 -1.732481122016906738e-01
2.962974309921264648e-01 6.092391610145568848e-01 -1.789533346891403198e-02
4.235497117042541504e-01 6.192086338996887207e-01 1.184878274798393250e-01
1.465483475476503372e-02 2.313867211341857910e-01 1.585006415843963623e-01
1.473383754491806030e-01 4.603248238563537598e-01 4.288158938288688660e-02
1.673535555601119995e-01 7.102187275886535645e-01 -2.647095322608947754e-01
-5.543211698532104492e-01 -4.244927763938903809e-01 -3.072033822536468506e-01
-8.816049247980117798e-02 -5.878513213247060776e-03 3.473585844039916992e-01
1.669461876153945923e-01 7.079824209213256836e-01 4.737294018268585205e-01
-3.621735572814941406e-01 -2.037325948476791382e-01 6.285692006349563599e-02
-1.176753163337707520e+00 1.489387899637222290e-01 7.835111021995544434e-02
-5.223248004913330078e-01 1.288606405258178711e+00 -1.177139759063720703e+00
-3.861105740070343018e-01 1.377184391021728516e+00 -1.196516871452331543e+00
-3.337929546833038330e-01 1.271901249885559082e+00 -9.842159152030944824e-01
-6.581361293792724609e-01 1.398658752441406250e+00 -1.483515620231628418e+00
-3.617782294750213623e-01 1.356857419013977051e+00 -1.169075965881347656e+00
-1.055073216557502747e-01 9.947826862335205078e-01 -3.797225952148437500e-01
-1.678117662668228149e-01 1.360283136367797852e+00 -1.005030035972595215e+00
2.740453779697418213e-01 1.351973414421081543e+00 -6.576114296913146973e-01
-6.504811346530914307e-02 1.044438719749450684e+00 -3.988602459430694580e-01
-1.433816790580749512e+00 9.997516870498657227e-01 1.014786660671234131e-01
-1.204723834991455078e+00 9.023967981338500977e-01 1.508801877498626709e-01
7.555051892995834351e-02 -5.603729560971260071e-02 -8.779027462005615234e-01
4.667566716670989990e-01 7.308282852172851562e-01 1.555075589567422867e-02
