-1.754244804382324219e+00 1.647172689437866211e+00 8.855645358562469482e-02
6.925261020660400391e-02 3.165065050125122070e-01 1.532980054616928101e-02
-1.074984312057495117e+00 3.805581927299499512e-01 -6.311284899711608887e-01
-3.963947892189025879e-01 4.406415522098541260e-01 -1.207087635993957520e-01
-5.624398216605186462e-02 3.842566907405853271e-02 2.261901646852493286e-02
-6.230046153068542480e-01 5.075319409370422363e-01 1.270159482955932617e-01
-8.185369968414306641e-01 8.379535079002380371e-01 -6.828472763299942017e-02
1.168137341737747192e-01 -4.154160022735595703e-01 4.660844504833221436e-01
6.434624195098876953e-01 1.615113019943237305e+00 -1.641584992408752441e+00
6.607334613800048828e-01 7.807936072349548340e-01 3.349270671606063843e-02
2.478225901722908020e-02 1.291087508201599121e+00 -1.809007376432418823e-01
3.797678649425506592e-01 8.445781469345092773e-01 7.907903194427490234e-02
-7.995575070381164551e-01 1.513739705085754395e+00 9.676935076713562012e-01
-1.678566485643386841e-01 -1.775497794151306152e-01 -7.962271571159362793e-01
-3.104887604713439941e-01 -1.245700955390930176e+00 -7.904661297798156738e-01
1.761363983154296875e+00 -6.386092305183410645e-01 -5.523371100425720215e-01
2.744433581829071045e-01 -4.283039867877960205e-01 9.933966398239135742e-01
-1.458561420440673828e+00 2.582492113113403320e+00 2.997478246688842773e-01
-1.258870959281921387e+00 2.218667745590209961e+00 5.460832715034484863e-01
7.670903205871582031e-01 -8.729383945465087891e-01 1.695459485054016113e+00
-3.690229952335357666e-01 2.519220411777496338e-01 -6.121456623077392578e-01
9.999802112579345703e-01 -4.936223477125167847e-02 -5.674435496330261230e-01
4.425917267799377441e-01 7.971665859222412109e-01 -1.624810546636581421e-01
5.176642537117004395e-01 9.589660763740539551e-01 -5.287094712257385254e-01
3.267903029918670654e-01 1.360919594764709473e+00 -9.386200904846191406e-01
-3.701856136322021484e-01 1.775900006294250488e+00 -6.142938733100891113e-01
5.798789262771606445e-01 5.447851121425628662e-02 9.570595622062683105e-01
5.006049871444702148e-01 -9.702811241149902344e-01 -1.888045817613601685e-01
1.650112748146057129e+00 -4.253028929233551025e-01 -3.778132200241088867e-01
3.029870390892028809e-01 1.127472400665283203e+00 -3.417085111141204834e-01
1.141773223876953125e+00 -8.401092141866683960e-02 4.396385252475738525e-01
-2.399492263793945312e-01 2.762237191200256348e-01 -1.226295679807662964e-01
1.068666815757751465e+00 -1.365380138158798218e-01 4.439635872840881348e-01
4.248954951763153076e-01 -8.377062082290649414e-01 1.631364583969116211e+00
8.194932937622070312e-01 7.886909842491149902e-01 -4.760337173938751221e-01
-2.786313295364379883e-01 1.292361497879028320e+00 -5.362945199012756348e-01
1.056805372238159180e+00 7.950041294097900391e-01 -1.842190384864807129e+00
1.172106340527534485e-01 1.291239500045776367e+00 -4.730232954025268555e-01
4.046396911144256592e-01 9.142584800720214844e-01 -2.201432287693023682e-01
3.394204080104827881e-01 -1.149348497390747070e+00 -6.711944937705993652e-01
1.115158319473266602e+00 4.371947050094604492e-01 5.888550281524658203e-01
1.892102956771850586e-01 1.107597351074218750e+00 1.696375384926795959e-02
-1.054415106773376465e+00 2.212137460708618164e+00 -1.293714791536331177e-01
6.574864387512207031e-01 9.187695980072021484e-01 -1.500694513320922852e+00
4.804818034172058105e-01 -7.942445874214172363e-01 2.499404251575469971e-01
2.329201936721801758e+00 -1.125134468078613281e+00 -7.387935519218444824e-01
3.914024531841278076e-01 1.201599836349487305e+00 -3.794109821319580078e-01
9.969845414161682129e-03 1.184963703155517578e+00 -7.548863440752029419e-02
2.981702685356140137e-01 1.490171670913696289e+00 -8.192335367202758789e-01
-1.096985563635826111e-01 -5.137069821357727051e-01 1.871930956840515137e-01
-4.168594479560852051e-01 5.641818419098854065e-02 -8.244338035583496094e-01
-1.763577805832028389e-03 -3.973301649093627930e-01 -8.119282722473144531e-01
2.428695708513259888e-01 -5.567759275436401367e-01 -2.817715285345911980e-04
1.299342215061187744e-01 2.843120396137237549e-01 -3.947565853595733643e-01
1.114910691976547241e-01 -4.585989564657211304e-02 2.196589946746826172e+00
-4.087885916233062744e-01 -2.258159667253494263e-01 -5.484065413475036621e-01
2.171356827020645142e-01 8.502446413040161133e-01 -5.902088880538940430e-01
-4.972487688064575195e-01 5.170546174049377441e-01 -4.141071438789367676e-01
4.438541233539581299e-01 1.005459308624267578e+00 2.199670523405075073e-01
4.452780783176422119e-01 1.006337761878967285e+00 2.193957269191741943e-01
4.422846734523773193e-01 1.003858208656311035e+00 2.199384421110153198e-01
5.863369703292846680e-01 8.305746912956237793e-01 3.997669517993927002e-01
5.856464505195617676e-01 8.338368535041809082e-01 4.048680961132049561e-01
2.427740991115570068e-01 1.332476735115051270e+00 1.296822726726531982e-01
4.408911764621734619e-01 9.253777265548706055e-01 4.992464184761047363e-01
8.353394269943237305e-01 3.941900730133056641e-01 6.767858862876892090e-01
3.509623408317565918e-01 1.410538077354431152e+00 -3.093073666095733643e-01
-4.433890879154205322e-01 -8.481916189193725586e-01 -4.456312060356140137e-01
5.727916583418846130e-02 -9.929877519607543945e-02 3.873412907123565674e-01
1.877194792032241821e-01 8.271892666816711426e-01 1.438065648078918457e+00
4.452907741069793701e-01 1.399193286895751953e+00 3.051189482212066650e-01
-5.080087780952453613e-01 2.041898727416992188e+00 4.044800996780395508e-01
1.814182731322944164e-03 1.550969958305358887e+00 5.082157254219055176e-01
1.044535160064697266e+00 3.734683096408843994e-01 1.301150918006896973e+00
8.242172002792358398e-01 6.104703545570373535e-01 1.232510447502136230e+00
2.963595688343048096e-01 1.547262310981750488e+00 -5.974841713905334473e-01
7.465892434120178223e-01 7.465189099311828613e-01 5.518699437379837036e-02
1.575413465499877930e+00 6.126830577850341797e-01 8.612079024314880371e-01
9.509953260421752930e-01 8.000324964523315430e-01 1.303993940353393555e+00
1.396990537643432617e+00 8.653882741928100586e-01 6.029803752899169922e-01
1.458887696266174316e+00 7.110860943794250488e-01 -9.669216871261596680e-01
1.446000933647155762e+00 7.442793250083923340e-01 -1.006658911705017090e+00
-9.040247201919555664e-01 4.969890415668487549e-01 1.474144339561462402e+00
7.861537486314773560e-02 1.224620699882507324e+00 3.198743760585784912e-01
2.349702566862106323e-01 1.468294501304626465e+00 -6.548632979393005371e-01
2.586251795291900635e-01 1.402780413627624512e+00 -5.846200585365295410e-01
-1.573198080062866211e+00 1.338812470436096191e+00 4.931725859642028809e-01
-7.581166028976440430e-01 -1.474348664283752441e+00 7.512564659118652344e-01
-3.609639406204223633e-01 -5.501683950424194336e-01 -5.560804009437561035e-01
-2.946421802043914795e-01 1.022198796272277832e+00 -2.729954719543457031e-01
4.333586990833282471e-01 1.030461907386779785e+00 4.810448288917541504e-01
4.407460987567901611e-01 1.076445221900939941e+00 4.492857158184051514e-01
1.618449926376342773e+00 1.766679435968399048e-01 7.048740983009338379e-01
3.173001766204833984e+00 -1.598965644836425781e+00 1.578297257423400879e+00
-6.570724844932556152e-01 1.369230866432189941e+00 1.142017483711242676e+00
6.734324693679809570e-01 1.851040482521057129e+00 -6.790251731872558594e-01
7.013400793075561523e-01 5.052584409713745117e-01 -3.177829086780548096e-01
9.791382551193237305e-01 6.447744965553283691e-01 -9.826563000679016113e-01
-4.598096907138824463e-01 1.604564309120178223e+00 1.247546896338462830e-01
-7.141285538673400879e-01 2.066499233245849609e+00 -2.664540410041809082e-01
-3.758773803710937500e-01 4.453198015689849854e-01 3.324447572231292725e-01
5.802147388458251953e-01 -6.212207078933715820e-01 1.025534868240356445e+00
6.691947579383850098e-01 9.525700211524963379e-01 -2.264300584793090820e-01
9.428080916404724121e-01 5.136353969573974609e-01 1.143436655402183533e-01
2.274936437606811523e-01 7.761683464050292969e-01 1.280787229537963867e+00
1.290228247642517090e+00 1.804097145795822144e-01 8.819626569747924805e-01
4.539676308631896973e-01 1.280563831329345703e+00 7.151318341493606567e-02
4.342055022716522217e-01 1.394137144088745117e+00 4.972076043486595154e-02
2.867928445339202881e-01 9.908750057220458984e-01 2.027089297771453857e-01
8.971582055091857910e-01 6.669305562973022461e-01 3.124848604202270508e-01
9.906646013259887695e-01 4.888380467891693115e-01 4.814602136611938477e-01
7.389323115348815918e-01 1.827095270156860352e+00 -1.521017789840698242e+00
9.464490413665771484e-01 1.017303705215454102e+00 -6.471922397613525391e-01
1.621965765953063965e-01 8.049257993698120117e-01 -2.027694694697856903e-02
-2.657288312911987305e-01 1.334627389907836914e+00 -1.959063671529293060e-02
-3.738819956779479980e-01 2.976945638656616211e-01 1.895967602729797363e+00
1.359386742115020752e-01 4.358370602130889893e-01 6.033943891525268555e-01
5.144112110137939453e-01 1.133335590362548828e+00 -2.387728989124298096e-01
6.207408308982849121e-01 1.633229494094848633e+00 -8.949937820434570312e-01
-3.293704092502593994e-01 1.607855319976806641e+00 2.366585731506347656e-01
-5.467944145202636719e-01 1.613157033920288086e+00 5.069544315338134766e-01
-1.168483972549438477e+00 1.074279919266700745e-01 4.578237235546112061e-01
3.471682593226432800e-02 9.560047388076782227e-01 1.965187340974807739e-01
1.839614510536193848e-01 -2.111611813306808472e-01 -6.497045159339904785e-01
1.258828639984130859e+00 8.496086597442626953e-01 -9.325723052024841309e-01
2.316253930330276489e-01 1.806050896644592285e+00 -1.130160331726074219e+00
2.284105271100997925e-01 1.268633365631103516e+00 -3.169675767421722412e-01
1.659710556268692017e-01 7.055134773254394531e-01 6.427018642425537109e-01
5.992406606674194336e-01 2.414213567972183228e-01 2.344312816858291626e-01
3.940066993236541748e-01 1.178153753280639648e+00 -1.793643683195114136e-01
1.017879366874694824e+00 7.581967115402221680e-01 -5.446559190750122070e-01
1.067213773727416992e+00 6.093944311141967773e-01 -3.716683685779571533e-01
-1.156033039093017578e+00 -1.060522675514221191e+00 1.762809157371520996e+00
-4.909673333168029785e-01 -9.308391809463500977e-01 -5.204768776893615723e-01
-1.876165419816970825e-01 -1.012371063232421875e+00 -1.002082824707031250e-01
-4.897347092628479004e-01 -4.915650188922882080e-02 2.131705284118652344e+00
1.039730533957481384e-01 9.785750508308410645e-01 5.095627903938293457e-01
-1.240571141242980957e-01 1.145772218704223633e+00 5.212008953094482422e-01
1.282741665840148926e+00 2.197291553020477295e-01 2.235689163208007812e-01
-9.560719728469848633e-01 4.812251925468444824e-01 8.806680887937545776e-02
9.561558961868286133e-01 -5.757334232330322266e-01 -1.807639151811599731e-01
4.507237970829010010e-01 -6.965473294258117676e-02 -4.761048257350921631e-01
1.216995939612388611e-01 -3.710765838623046875e-01 -3.645508363842964172e-02
-1.793626904487609863e+00 -5.700578168034553528e-02 3.980746269226074219e-01
-4.681671857833862305e-01 1.007580041885375977e+00 -2.730734348297119141e-01
1.124626636505126953e+00 -4.302510023117065430e-01 -2.659059762954711914e-01
3.208851441740989685e-02 2.722284793853759766e+00 -1.943150758743286133e+00
4.653964936733245850e-01 1.104878544807434082e+00 8.192321062088012695e-01
-3.862513974308967590e-02 1.955281734466552734e+00 -5.782100558280944824e-01
8.000539243221282959e-02 4.623504579067230225e-01 2.019976615905761719e+00
5.281505584716796875e-01 5.128096938133239746e-01 1.542008399963378906e+00
3.053613901138305664e-01 4.297152757644653320e-01 6.043709516525268555e-01
-4.659512639045715332e-01 1.656229346990585327e-01 3.257056474685668945e-01
-3.972191736102104187e-02 2.862893342971801758e+00 -2.133777618408203125e+00
4.077803492546081543e-01 4.917324185371398926e-01 1.041852831840515137e+00
-2.485656142234802246e-01 1.369380712509155273e+00 3.124986588954925537e-01
-3.901367485523223877e-01 1.332023859024047852e+00 -3.620061576366424561e-01
5.755557417869567871e-01 6.214239001274108887e-01 -1.468498706817626953e-01
1.443693786859512329e-01 2.506316661834716797e+00 -1.856551289558410645e+00
1.367459297180175781e-01 2.463653326034545898e+00 -1.809316873550415039e+00
1.813913285732269287e-01 -4.032168388366699219e-01 -8.496170639991760254e-01
-3.618482649326324463e-01 -2.049556672573089600e-01 -1.311666607856750488e+00
-5.931644439697265625e-01 2.390875577926635742e+00 -1.087660312652587891e+00
1.741188392043113708e-02 1.881747364997863770e+00 -1.090504765510559082e+00
7.388778924942016602e-01 1.253384649753570557e-01 3.802609145641326904e-01
-1.262586116790771484e+00 1.097219064831733704e-01 -9.668861031532287598e-01
-3.373961523175239563e-02 1.196608185768127441e+00 3.384736180305480957e-01
1.928020082414150238e-02 1.092030882835388184e+00 4.352572560310363770e-01
-2.223026156425476074e-01 1.196849346160888672e+00 1.511842757463455200e-01
3.154731094837188721e-01 1.362798213958740234e+00 -7.310951352119445801e-01
1.212963342666625977e+00 1.000173687934875488e+00 -7.039600014686584473e-01
-1.062130689620971680e+00 7.886267900466918945e-01 1.707078814506530762e+00
-1.478262394666671753e-01 1.551086902618408203e+00 1.050262600183486938e-01
2.188266627490520477e-02 1.255064249038696289e+00 3.732928931713104248e-01
5.054175853729248047e-01 6.106675863265991211e-01 6.559287905693054199e-01
3.677315413951873779e-01 8.347790241241455078e-01 4.789092242717742920e-01
-1.545348167419433594e-01 -8.905584812164306641e-01 9.855462312698364258e-01
-7.567381858825683594e-01 4.329256713390350342e-01 1.100138068199157715e+00
6.010263562202453613e-01 8.261052370071411133e-01 -2.390709519386291504e-01
1.155636161565780640e-01 9.829627275466918945e-01 8.961860835552215576e-02
6.308873295783996582e-01 -4.609869122505187988e-01 1.311648488044738770e-01
1.415100544691085815e-01 4.040560871362686157e-02 2.661693096160888672e-01
-5.140973925590515137e-01 1.543185949325561523e+00 -5.503030419349670410e-01
8.780537843704223633e-01 -1.445268243551254272e-01 5.318223834037780762e-01
-9.867395274341106415e-03 9.495939016342163086e-01 5.661574006080627441e-01
8.663973212242126465e-01 8.133311867713928223e-01 -3.815820217132568359e-01
1.623969912528991699e+00 -5.467217564582824707e-01 -1.250729441642761230e+00
1.579612731933593750e+00 -3.733850121498107910e-01 -1.495226263999938965e+00
1.296895265579223633e+00 -4.718359112739562988e-01 1.869702786207199097e-01
9.726378321647644043e-01 -3.078278601169586182e-01 1.563149690628051758e-01
-1.094202876091003418e+00 5.306364297866821289e-01 6.537702083587646484e-01
8.056654334068298340e-01 -2.805928885936737061e-01 1.124636903405189514e-01
2.221230268478393555e+00 -1.395861059427261353e-01 -2.642310142517089844e+00
8.239523172378540039e-01 1.184935681521892548e-02 3.866770565509796143e-01
1.856551617383956909e-01 -5.446755290031433105e-01 8.725545406341552734e-01
2.323734283447265625e+00 -1.149368166923522949e+00 -1.139308333396911621e+00
2.403837919235229492e+00 -6.679626107215881348e-01 -2.076851844787597656e+00
1.083057045936584473e+00 -4.477199614048004150e-01 -9.090234637260437012e-01
1.645543575286865234e+00 -1.016505002975463867e+00 -7.591749429702758789e-01
-7.073689699172973633e-01 -2.057285010814666748e-01 -2.850142121315002441e-01
-3.220166265964508057e-01 -6.254652738571166992e-01 4.431324601173400879e-01
-1.687387585639953613e+00 4.798381030559539795e-01 -9.045945107936859131e-02
-5.861533284187316895e-01 9.080660939216613770e-01 4.615876674652099609e-01
4.269723892211914062e-01 1.043431833386421204e-01 -3.482753336429595947e-01
-4.484302997589111328e-01 -2.216061502695083618e-01 7.889000177383422852e-01
8.573758602142333984e-01 8.872625231742858887e-01 -9.184111952781677246e-01
-4.041774570941925049e-01 9.827908277511596680e-01 -1.489072572439908981e-02
-3.789816498756408691e-01 7.446109056472778320e-01 7.165820002555847168e-01
6.917148828506469727e-01 -8.743661642074584961e-02 2.814928889274597168e-01
-1.187288403511047363e+00 -9.068123064935207367e-03 -1.744625329971313477e+00
-8.073633909225463867e-01 -1.121139377355575562e-01 2.297388911247253418e-01
9.985170960426330566e-01 -9.912989139556884766e-01 -7.926620841026306152e-01
5.983265638351440430e-01 -2.752176225185394287e-01 2.670114487409591675e-02
-8.673297166824340820e-01 -4.528526365756988525e-01 -6.062596440315246582e-01
-2.259115278720855713e-01 -4.358392059803009033e-01 -1.977237910032272339e-01
9.670060873031616211e-01 -2.827670276165008545e-01 8.520116806030273438e-01
-2.181701660156250000e+00 6.391316056251525879e-01 1.730289340019226074e+00
3.736536577343940735e-02 4.978924691677093506e-01 8.915469795465469360e-02
-5.632885694503784180e-01 8.032707571983337402e-01 4.521351158618927002e-01
5.966684222221374512e-01 -6.893216967582702637e-01 -1.206399723887443542e-01
-9.435967803001403809e-01 -5.927656292915344238e-01 7.742829918861389160e-01
9.711081534624099731e-02 1.760018587112426758e+00 9.119624644517898560e-02
-2.863462269306182861e-01 -6.542698740959167480e-01 -7.544418573379516602e-01
6.698781847953796387e-01 1.015092730522155762e+00 -3.435250818729400635e-01
6.651951074600219727e-01 1.012561917304992676e+00 -3.474893867969512939e-01
1.190667986869812012e+00 6.273280978202819824e-01 -7.323774695396423340e-01
-8.150987029075622559e-01 9.676062464714050293e-01 -2.952862083911895752e-01
-1.090326547622680664e+00 1.169165134429931641e+00 -5.133135318756103516e-01
-4.778369367122650146e-01 3.542089760303497314e-01 -2.933213114738464355e-01
-1.932860016822814941e-01 6.180384159088134766e-01 8.993230462074279785e-01
2.695786654949188232e-01 -5.722559094429016113e-01 1.020363807678222656e+00
-1.212131500244140625e+00 -2.189187407493591309e-01 1.724768996238708496e+00
1.569308042526245117e+00 -2.648608982563018799e-01 2.392502725124359131e-01
1.073562860488891602e+00 1.339955210685729980e+00 -1.089748263359069824e+00
-2.445493787527084351e-01 5.866283774375915527e-01 1.863293051719665527e-01
8.117613196372985840e-01 1.492127329111099243e-01 2.355450689792633057e-01
4.776692986488342285e-01 8.798118233680725098e-01 -5.546576380729675293e-01
1.468741297721862793e-01 9.016450643539428711e-01 1.239716187119483948e-01
-6.885752081871032715e-01 2.344248443841934204e-01 1.022899523377418518e-03
1.302016973495483398e+00 -1.055179953575134277e+00 7.557570338249206543e-01
-4.068678319454193115e-01 -7.821269035339355469e-01 2.101535350084304810e-01
1.632062315940856934e+00 5.544103682041168213e-02 -2.888620495796203613e-01
1.510725617408752441e+00 -2.069698423147201538e-01 -2.854846119880676270e-01
2.856998145580291748e-01 4.928929731249809265e-02 1.488206028938293457e+00
7.819788455963134766e-01 -5.565259456634521484e-01 9.675390124320983887e-01
-1.579272747039794922e-01 1.295224428176879883e-01 1.158466339111328125e+00
4.619166254997253418e-01 2.870632708072662354e-01 6.342003345489501953e-01
1.233138442039489746e+00 -1.728565245866775513e-01 4.045132100582122803e-01
7.156057357788085938e-01 7.141917943954467773e-01 9.127464145421981812e-02
1.634079962968826294e-01 1.773022562265396118e-01 5.668600201606750488e-01
-1.594206690788269043e+00 -1.366971135139465332e+00 -4.478825032711029053e-01
-8.102570772171020508e-01 1.482989549636840820e+00 -3.509021401405334473e-01
-5.729895234107971191e-01 1.808448553085327148e+00 -2.724191546440124512e-01
5.877745747566223145e-01 1.402400612831115723e+00 3.051054477691650391e-01
7.579286098480224609e-01 5.203017592430114746e-01 2.271931171417236328e-01
1.476327627897262573e-01 1.927786469459533691e-01 9.076990485191345215e-01
-9.945146441459655762e-01 9.879018068313598633e-01 -2.465884983539581299e-01
-5.285328626632690430e-01 1.065357685089111328e+00 9.078502655029296875e-01
1.273996949195861816e+00 8.931699991226196289e-01 -9.964665770530700684e-01
1.206297755241394043e+00 3.174479007720947266e-01 1.559237092733383179e-01
-8.557564020156860352e-01 1.990068554878234863e+00 -8.941946625709533691e-01
-7.332898974418640137e-01 1.165209293365478516e+00 8.575292825698852539e-01
8.460429310798645020e-01 4.561979770660400391e-01 -6.260053068399429321e-02
1.450274825096130371e+00 -7.281235456466674805e-01 9.444336891174316406e-01
-4.737136363983154297e-01 9.599565863609313965e-01 1.916074514389038086e+00
3.490386009216308594e-01 4.794089794158935547e-01 1.454567551612854004e+00
-2.745478749275207520e-01 2.501070201396942139e-01 9.503549337387084961e-01
4.477337598800659180e-01 1.348267197608947754e+00 -4.912268221378326416e-01
4.761094152927398682e-01 1.256275057792663574e+00 -3.812178969383239746e-01
4.773349463939666748e-01 1.103319525718688965e+00 3.224999904632568359e-01
4.463809132575988770e-01 8.371129631996154785e-01 7.584455013275146484e-01
-2.734628021717071533e-01 9.602072834968566895e-01 3.660095632076263428e-01
2.562734186649322510e-01 1.100930333137512207e+00 -4.922876358032226562e-01
1.618478417396545410e+00 -8.831492662429809570e-01 -4.290001466870307922e-02
7.049968242645263672e-01 -1.519405543804168701e-01 9.654735326766967773e-01
6.516972184181213379e-01 1.134540438652038574e+00 -5.082225799560546875e-01
1.833298206329345703e-01 1.703200936317443848e+00 -8.202474713325500488e-01
8.937346935272216797e-01 6.797980666160583496e-01 2.419195324182510376e-01
8.478838205337524414e-01 1.625418961048126221e-01 1.145293235778808594e+00
-9.084822535514831543e-01 9.828119874000549316e-01 6.209928393363952637e-01
-7.202121019363403320e-01 4.810717329382896423e-02 -1.201534748077392578e+00
9.824022650718688965e-01 -2.599741704761981964e-02 4.291896820068359375e-01
8.996149897575378418e-01 1.888425350189208984e-01 1.567528247833251953e-01
1.158032178878784180e+00 6.975523829460144043e-01 -5.071296691894531250e-01
5.756537914276123047e-01 5.866648554801940918e-01 8.976981043815612793e-02
5.514809489250183105e-01 9.253142029047012329e-02 -6.301983445882797241e-02
-9.237210154533386230e-01 -4.424426853656768799e-01 2.384219408035278320e+00
1.668637096881866455e-01 -2.740467786788940430e-01 -3.912430107593536377e-01
1.432022809982299805e+00 3.612161874771118164e-01 -7.953189015388488770e-01
-2.093685120344161987e-01 2.946265339851379395e-01 -9.975941777229309082e-01
-6.142798662185668945e-01 5.438524857163429260e-02 1.746200025081634521e-01
2.587724290788173676e-02 -4.088315665721893311e-01 5.040370821952819824e-01
-8.778486847877502441e-01 4.261180460453033447e-01 -7.723079528659582138e-03
2.802500486373901367e+00 -5.114884972572326660e-01 -1.053617954254150391e+00
2.774525165557861328e+00 -1.125179052352905273e+00 -5.231701955199241638e-02
-4.573193788528442383e-01 1.021745920181274414e+00 5.041468739509582520e-01
4.538445472717285156e-01 6.163213849067687988e-01 -7.494773715734481812e-02
7.170747518539428711e-01 5.801201462745666504e-01 -1.468061208724975586e-01
3.423451483249664307e-01 1.295872569084167480e+00 -7.778236865997314453e-01
-9.730237126350402832e-01 7.701221108436584473e-01 8.301052451133728027e-01
2.833200395107269287e-01 -1.426455080509185791e-01 8.620645999908447266e-01
2.020002901554107666e-01 6.013721823692321777e-01 -5.956703424453735352e-01
-1.953939646482467651e-01 8.990231752395629883e-01 9.508644789457321167e-02
1.339347004890441895e+00 4.597060382366180420e-01 -9.866740107536315918e-01
-1.231562420725822449e-01 3.452136814594268799e-01 1.552952360361814499e-02
2.990260124206542969e-01 9.559776186943054199e-01 -8.056929111480712891e-01
7.992253899574279785e-01 -1.427564769983291626e-01 6.347780227661132812e-01
5.186278820037841797e-01 4.905044436454772949e-01 -4.557759463787078857e-01
-8.824256062507629395e-01 1.301582694053649902e+00 -1.403526216745376587e-01
-5.920810103416442871e-01 1.564323067665100098e+00 -1.009574294090270996e+00
5.146211981773376465e-01 1.006857007741928101e-01 3.277912437915802002e-01
-2.841407954692840576e-01 1.275996923446655273e+00 -5.023340880870819092e-02
3.644700050354003906e-01 1.239764332771301270e+00 -1.004653215408325195e+00
9.420472383499145508e-01 -2.208255827426910400e-01 7.174159884452819824e-01
9.749994874000549316e-01 -4.544686675071716309e-01 1.251329302787780762e+00
1.105674505233764648e-01 9.952880740165710449e-01 -1.491396874189376831e-01
-2.504156231880187988e-01 4.807985424995422363e-01 7.855885624885559082e-01
7.490129470825195312e-01 2.141095995903015137e-01 3.207302093505859375e-01
2.031472176313400269e-01 2.863226830959320068e-01 7.322083115577697754e-01
9.797167181968688965e-01 -4.014084935188293457e-01 8.396640419960021973e-01
4.708592593669891357e-01 4.576447606086730957e-01 3.362404555082321167e-02
2.987700141966342926e-02 -6.769008040428161621e-01 -1.165839552879333496e+00
1.953173726797103882e-01 1.626562476158142090e-01 -3.489720076322555542e-02
-9.551766514778137207e-01 6.059036776423454285e-02 -5.998050794005393982e-02
1.347676873207092285e+00 9.557511210441589355e-01 -1.649029254913330078e+00
-3.625390231609344482e-01 1.472189784049987793e+00 -5.201509594917297363e-01
-1.706719994544982910e+00 -2.891642451286315918e-01 1.053941249847412109e+00
3.602844104170799255e-02 -5.303303599357604980e-01 -1.737379431724548340e-01
1.281934529542922974e-01 6.119076609611511230e-01 -4.774709641933441162e-01
-1.668916195631027222e-01 -5.254669785499572754e-01 5.871978998184204102e-01
5.500107407569885254e-01 2.416957542300224304e-02 8.087236881256103516e-01
1.482403874397277832e+00 1.282344460487365723e-01 -3.784143328666687012e-01
8.256269097328186035e-01 -1.580493599176406860e-01 -6.332210302352905273e-01
1.853231191635131836e-01 -1.601607799530029297e-01 7.797650694847106934e-01
6.088969111442565918e-01 7.780588269233703613e-01 -4.877531901001930237e-02
5.583702325820922852e-01 1.398601531982421875e-01 4.502535164356231689e-01
6.360634565353393555e-01 -6.436250209808349609e-01 5.523899793624877930e-01
1.119385957717895508e+00 -2.904984056949615479e-01 3.106608688831329346e-01
1.364278435707092285e+00 2.763620018959045410e-01 -1.350162744522094727e+00
1.188011646270751953e+00 1.750121009536087513e-03 1.156298398971557617e+00
9.202061295509338379e-01 1.167172670364379883e+00 -5.227556228637695312e-01
6.704345345497131348e-01 4.480926394462585449e-01 7.886891365051269531e-01
3.065782487392425537e-01 1.059226036071777344e+00 2.386565655469894409e-01
1.529456853866577148e+00 4.461925625801086426e-01 -2.876282483339309692e-02
1.342409253120422363e+00 7.645211815834045410e-01 -3.016724288463592529e-01
5.728170648217201233e-02 1.218308806419372559e+00 -2.957437932491302490e-01
4.322756826877593994e-01 5.765392184257507324e-01 2.914993166923522949e-01
9.770510792732238770e-01 -1.077973723411560059e+00 1.700850248336791992e+00
6.143414378166198730e-01 9.733319282531738281e-01 2.014448791742324829e-01
7.273249626159667969e-01 8.668848276138305664e-01 2.295103222131729126e-01
6.878920197486877441e-01 3.186898231506347656e-01 6.855070590972900391e-01
3.350649401545524597e-02 9.165509939193725586e-01 -8.355787396430969238e-01
7.378960847854614258e-01 1.158150196075439453e+00 -6.515821218490600586e-01
1.507751464843750000e+00 -2.719149589538574219e-01 -6.577451527118682861e-02
9.813337326049804688e-01 5.947874784469604492e-01 4.301398396492004395e-01
1.459447026252746582e+00 7.249717712402343750e-01 -1.241946578025817871e+00
1.504749417304992676e+00 9.181578755378723145e-01 -1.585610866546630859e+00
5.090158060193061829e-02 -2.320954650640487671e-01 1.446429967880249023e+00
-1.831140369176864624e-01 -2.892076075077056885e-01 -5.911740064620971680e-01
1.444669246673583984e+00 1.192126512527465820e+00 -1.974434971809387207e+00
1.442491263151168823e-01 -8.764348179101943970e-02 -7.447722554206848145e-01
9.494875073432922363e-01 4.561232030391693115e-01 3.974207639694213867e-01
-8.819394558668136597e-02 3.143136575818061829e-02 -1.224743723869323730e+00
3.695880472660064697e-01 1.312087178230285645e+00 -4.063072204589843750e-01
2.434324175119400024e-01 -4.493350386619567871e-01 1.052287817001342773e+00
8.290365338325500488e-01 -8.858507275581359863e-01 -3.205174207687377930e-01
1.001219868659973145e+00 -9.019052982330322266e-01 5.707346647977828979e-02
-1.866143196821212769e-01 6.047609448432922363e-01 4.927324876189231873e-02
3.660982251167297363e-01 1.585019350051879883e+00 -6.717124581336975098e-01
5.431218147277832031e-01 1.256820082664489746e+00 -3.873592317104339600e-01
4.801221489906311035e-01 1.292689919471740723e+00 -3.801909685134887695e-01
4.948194921016693115e-01 8.772347569465637207e-01 1.047511100769042969e-01
3.360126316547393799e-01 1.031089544296264648e+00 1.142440512776374817e-01
2.525288760662078857e-01 5.340004563331604004e-01 1.029425382614135742e+00
4.934426248073577881e-01 -6.428826451301574707e-01 8.151443004608154297e-01
6.954425945878028870e-03 8.036791682243347168e-01 5.995963811874389648e-01
-1.544751405715942383e+00 -9.193533658981323242e-01 3.627291321754455566e-01
2.306970208883285522e-01 8.120502233505249023e-01 -3.054090440273284912e-01
-1.245676502585411072e-01 3.269953653216362000e-02 -2.475265040993690491e-02
3.769119381904602051e-01 3.176739215850830078e-01 4.152554869651794434e-01
-5.239164829254150391e-01 2.092358589172363281e+00 -1.362636685371398926e+00
-6.677840948104858398e-01 6.718296408653259277e-01 1.186652660369873047e+00
-1.372246503829956055e+00 1.631786108016967773e+00 1.176636889576911926e-01
4.226398468017578125e-01 -1.395520567893981934e+00 1.269937396049499512e+00
-8.634693175554275513e-02 -1.353722959756851196e-01 7.985423207283020020e-01
-9.572488069534301758e-01 1.577708721160888672e+00 1.316212564706802368e-01
-4.358807504177093506e-01 1.640576481819152832e+00 -7.728624343872070312e-01
6.419158577919006348e-01 -6.347447633743286133e-01 1.679997205734252930e+00
2.537240684032440186e-01 1.209267616271972656e+00 -3.815716505050659180e-01
4.714471399784088135e-01 -4.122186899185180664e-01 -5.276568531990051270e-01
-9.465680718421936035e-01 -3.004611134529113770e-01 3.566664755344390869e-01
5.261830091476440430e-01 8.750141263008117676e-01 -1.855339407920837402e-01
1.218612670898437500e+00 4.879735112190246582e-01 -4.616763293743133545e-01
1.172954201698303223e+00 4.771861433982849121e-02 2.314593940973281860e-01
6.946705579757690430e-01 8.439157605171203613e-01 -4.595375359058380127e-01
-2.091761380434036255e-01 4.962417781352996826e-01 1.281302928924560547e+00
2.393532842397689819e-01 6.470388174057006836e-01 2.419343590736389160e-01
-5.965836644172668457e-01 -1.587844043970108032e-01 -3.142095357179641724e-02
1.001763939857482910e+00 1.280170559883117676e+00 -1.073390483856201172e+00
9.734246134757995605e-01 -6.279469281435012817e-02 9.648156166076660156e-01
3.661762177944183350e-01 6.245234608650207520e-01 3.137622773647308350e-01
-1.069434404373168945e+00 7.459880113601684570e-01 1.263195276260375977e+00
-4.341858625411987305e-01 -4.835495352745056152e-01 1.318500488996505737e-01
1.501532793045043945e-01 5.106129646301269531e-01 -9.211210012435913086e-01
-5.836417675018310547e-01 1.148770824074745178e-01 1.303858399391174316e+00
-8.016456961631774902e-01 -3.586670160293579102e-01 2.387097030878067017e-01
-9.285984933376312256e-02 -1.057316660881042480e+00 3.474150896072387695e-01
-1.667742244899272919e-02 -1.765061378479003906e+00 2.360742092132568359e-01
4.044324755668640137e-01 1.586243137717247009e-02 5.326236486434936523e-01
3.473140895366668701e-01 5.087625384330749512e-01 -1.262314677238464355e+00
2.726312875747680664e-01 8.962513208389282227e-01 1.309393346309661865e-01
2.601172775030136108e-02 -1.100385665893554688e+00 9.973702430725097656e-01
-2.227835208177566528e-01 -1.008014082908630371e+00 9.297605156898498535e-01
4.314487278461456299e-01 -8.598911166191101074e-01 1.186324357986450195e+00
1.645961850881576538e-01 1.287286877632141113e+00 -2.814578711986541748e-01
-8.751309514045715332e-01 -1.172529220581054688e+00 8.072053790092468262e-01
-2.037450075149536133e-01 1.144414663314819336e+00 -3.909912705421447754e-01
1.570371091365814209e-01 2.481675446033477783e-01 4.184832274913787842e-01
8.203474432229995728e-02 5.003730654716491699e-01 2.423091530799865723e-01
-2.012710087001323700e-02 6.047456860542297363e-01 -6.959895491600036621e-01
3.279846906661987305e-02 -4.186982810497283936e-01 1.542682647705078125e+00
4.432033598423004150e-01 7.535660639405250549e-03 3.648477792739868164e-02
1.906471014022827148e+00 -7.903937995433807373e-02 -6.959262490272521973e-01
1.835963845252990723e+00 2.630559727549552917e-02 -8.031590580940246582e-01
1.422422170639038086e+00 3.922842442989349365e-02 -2.330808341503143311e-01
5.060846805572509766e-01 -8.057132959365844727e-01 3.829018399119377136e-02
1.541129231452941895e+00 -1.078298762440681458e-01 -3.799650073051452637e-02
1.913771986961364746e+00 -4.120323061943054199e-01 1.202822253108024597e-01
-3.445867300033569336e-01 -6.256339550018310547e-01 2.151791810989379883e+00
1.483713269233703613e+00 1.073016449809074402e-01 -2.631922960281372070e-01
7.458595633506774902e-01 1.625089198350906372e-01 1.978029608726501465e-01
-3.494834005832672119e-01 1.660333871841430664e+00 -7.936302423477172852e-01
-6.395073533058166504e-01 1.379312753677368164e+00 -5.705950316041707993e-03
2.048377275466918945e+00 -5.993121117353439331e-02 -8.372742533683776855e-01
7.366565465927124023e-01 7.177183032035827637e-01 -4.304469823837280273e-01
6.200348138809204102e-01 6.412517428398132324e-01 -1.733390241861343384e-01
8.213798999786376953e-01 3.395321369171142578e-01 9.736315906047821045e-02
4.337489604949951172e-01 3.991026878356933594e-01 -5.875969529151916504e-01
1.566722631454467773e+00 -3.142662644386291504e-01 8.053645491600036621e-01
1.174198508262634277e+00 6.651788353919982910e-01 -6.976549029350280762e-01
5.672856569290161133e-01 4.558056592941284180e-01 2.775219976902008057e-01
-1.760752946138381958e-01 -2.352816760540008545e-01 -1.234561130404472351e-01
2.465835064649581909e-01 -1.370519250631332397e-01 4.637453854084014893e-01
-1.547358274459838867e+00 4.599048793315887451e-01 1.711280465126037598e+00
-1.308688640594482422e+00 3.951666057109832764e-01 -4.154701828956604004e-01
2.531657695770263672e+00 -3.200607299804687500e-01 -1.139717817306518555e+00
7.289924621582031250e-01 1.332301735877990723e+00 -5.785520076751708984e-01
-2.862317264080047607e-01 8.502975702285766602e-01 4.794240891933441162e-01
-2.149550914764404297e-01 4.272664189338684082e-01 2.065188586711883545e-01
9.932742118835449219e-01 -2.379945106804370880e-02 -2.736835740506649017e-02
3.198585510253906250e+00 -1.017447113990783691e+00 -1.048604011535644531e+00
3.057926177978515625e+00 -9.220360517501831055e-01 -1.078823208808898926e+00
-1.952897459268569946e-01 1.554568529129028320e+00 -6.708913445472717285e-01
-5.874230265617370605e-01 -3.985835909843444824e-01 1.395523428916931152e+00
2.112060934305191040e-01 7.186160683631896973e-01 -9.686864614486694336e-01
5.347595214843750000e-01 -4.839305579662322998e-01 5.414867401123046875e-01
1.798375993967056274e-01 -1.193415671586990356e-01 4.409258663654327393e-01
8.504434227943420410e-01 -5.282914638519287109e-01 -3.904822766780853271e-01
1.115888878703117371e-01 -2.070338577032089233e-01 -1.519444704055786133e+00
1.296774029731750488e+00 -1.510113000869750977e+00 4.473377764225006104e-01
1.569916248321533203e+00 -4.930994510650634766e-01 -7.441138625144958496e-01
4.737893939018249512e-01 1.463646173477172852e+00 -9.271044135093688965e-01
8.430097699165344238e-01 9.438422918319702148e-01 -5.556685328483581543e-01
7.238357663154602051e-01 -1.549319475889205933e-01 7.091788053512573242e-01
3.174363076686859131e-01 8.662240505218505859e-01 -3.062444925308227539e-01
1.182767629623413086e+00 5.411210060119628906e-01 -7.949140667915344238e-01
1.278795599937438965e+00 2.417195402085781097e-02 -3.514895960688591003e-02
-1.775117754936218262e+00 2.320962190628051758e+00 -5.129909515380859375e-01
-3.349980413913726807e-01 7.115089297294616699e-01 -6.747348606586456299e-02
1.380416154861450195e-01 2.311255224049091339e-02 3.797689080238342285e-01
3.851764500141143799e-01 -8.822575211524963379e-01 -8.792163729667663574e-01
8.442098498344421387e-01 1.070213913917541504e+00 -6.347423195838928223e-01
4.003070592880249023e-01 1.454506348818540573e-02 1.287351608276367188e+00
-2.657963149249553680e-02 1.267997145652770996e+00 1.687977463006973267e-02
2.133772850036621094e+00 1.779815405607223511e-01 -1.158413529396057129e+00
8.514515161514282227e-01 1.523886919021606445e+00 -1.169224858283996582e+00
7.763211131095886230e-01 3.901874646544456482e-02 6.367858648300170898e-01
1.003483533859252930e+00 1.326054930686950684e+00 -1.065515160560607910e+00
1.007922291755676270e+00 4.912880659103393555e-01 -5.248665809631347656e-02
1.423027068376541138e-01 1.304833054542541504e+00 1.143967360258102417e-01
7.135310173034667969e-01 1.907508850097656250e+00 4.556924104690551758e-01
4.683657288551330566e-01 -5.052611231803894043e-01 -1.137401819229125977e+00
7.312348484992980957e-01 7.321425676345825195e-01 -7.435597777366638184e-01
2.780341543257236481e-02 8.033406138420104980e-01 2.117495425045490265e-02
7.329729199409484863e-01 2.911094725131988525e-01 1.421725377440452576e-02
2.150617092847824097e-01 1.132104754447937012e+00 -5.376583933830261230e-01
2.999177575111389160e-01 8.226019144058227539e-01 -1.055809408426284790e-01
2.711556255817413330e-01 -1.924437656998634338e-02 -2.257878780364990234e-01
4.494325518608093262e-01 1.125909209251403809e+00 -7.007629275321960449e-01
5.893953442573547363e-01 -1.498650480061769485e-02 2.522959709167480469e-01
9.123870134353637695e-01 7.627708315849304199e-01 -5.462160706520080566e-01
-6.301317811012268066e-01 -1.148332238197326660e+00 3.239256441593170166e-01
6.175809502601623535e-01 3.827138617634773254e-02 1.493649277836084366e-02
-8.354488611221313477e-01 1.139429926872253418e+00 -2.114809751510620117e-01
1.587497115135192871e+00 4.093870520591735840e-01 8.055478334426879883e-01
-5.381445884704589844e-01 -8.602219223976135254e-01 -8.552638888359069824e-01
4.465579390525817871e-01 -1.131719350814819336e+00 -2.252536267042160034e-01
-2.767842292785644531e+00 -9.744732975959777832e-01 -1.541680932044982910e+00
1.552093625068664551e+00 -7.186436653137207031e-01 -9.870577454566955566e-01
1.853755354881286621e+00 -9.663082957267761230e-01 -9.753759503364562988e-01
1.848134875297546387e+00 -9.302871227264404297e-01 -1.020558357238769531e+00
-4.714760482311248779e-01 1.148039475083351135e-01 -5.314465761184692383e-01
-1.261344403028488159e-01 1.957250237464904785e-01 -6.929144263267517090e-01
8.971010446548461914e-01 -2.218690156936645508e+00 1.005276918411254883e+00
1.598500847816467285e+00 -1.412533044815063477e+00 -4.022817015647888184e-01
-1.404508352279663086e-01 -1.761198639869689941e-01 9.822438359260559082e-01
1.481066584587097168e+00 1.473309695720672607e-01 -7.565733194351196289e-01
8.073700070381164551e-01 1.025183200836181641e+00 -9.530816674232482910e-01
1.627502322196960449e+00 -9.295090436935424805e-01 -6.905119419097900391e-01
1.265281438827514648e+00 -4.654585123062133789e-01 -1.155590891838073730e+00
1.422291874885559082e+00 -7.687972784042358398e-01 -8.292053341865539551e-01
-4.969092458486557007e-02 2.713796496391296387e-01 -1.346719563007354736e-01
2.709945201873779297e+00 -5.910509824752807617e-01 -2.538821697235107422e+00
-3.389273285865783691e-01 1.200879365205764771e-01 -6.902987957000732422e-01
-1.236443281173706055e+00 8.328881263732910156e-01 -3.122476041316986084e-01
2.921551942825317383e+00 -1.359611868858337402e+00 -1.406557321548461914e+00
2.875909805297851562e+00 -1.225803613662719727e+00 -1.615519881248474121e+00
-6.517723202705383301e-02 1.957541853189468384e-01 1.293382287025451660e+00
1.312020868062973022e-01 7.371574640274047852e-01 -9.075245261192321777e-01
6.589027047157287598e-01 -4.961570259183645248e-03 -2.692729234695434570e-01
-1.309070587158203125e-01 2.002334035933017731e-02 -1.015173316001892090e+00
1.632723510265350342e-01 4.275073707103729248e-01 -7.832302451133728027e-01
-7.500339746475219727e-01 2.090544700622558594e-01 -3.759472444653511047e-02
9.733021259307861328e-01 -1.415739655494689941e-01 -8.014756441116333008e-01
-2.027733922004699707e-01 3.199087381362915039e-01 -1.313479661941528320e+00
1.151661634445190430e+00 1.695963442325592041e-01 -1.758374452590942383e+00
2.622193098068237305e-01 4.337189197540283203e-01 -1.030561447143554688e+00
6.007649302482604980e-01 -1.996080577373504639e-01 -3.774254620075225830e-01
3.221268355846405029e-01 -6.312641501426696777e-01 -1.242100834846496582e+00
-8.007566444575786591e-03 -4.261966645717620850e-01 5.476318597793579102e-01
3.176158666610717773e-01 2.190914154052734375e-01 -7.801010608673095703e-01
5.133512616157531738e-01 -3.885018527507781982e-01 2.821340039372444153e-02
1.763389557600021362e-01 1.785324215888977051e-01 -5.863322019577026367e-01
-2.403615862131118774e-01 -1.145357370376586914e+00 -6.176487728953361511e-02
1.065232992172241211e+00 7.848939299583435059e-01 -1.146634221076965332e+00
-3.969822227954864502e-01 7.404572963714599609e-01 -4.819895625114440918e-01
-1.608821630477905273e+00 -4.299988448619842529e-01 -9.863694310188293457e-01
-5.414344668388366699e-01 6.763042211532592773e-01 2.508643865585327148e-01
-9.793723225593566895e-01 5.298892259597778320e-01 1.163322329521179199e+00
-1.479797124862670898e+00 1.137618541717529297e+00 7.290713787078857422e-01
-5.411055684089660645e-01 8.165072202682495117e-01 1.145445462316274643e-02
-4.996930956840515137e-01 6.792390942573547363e-01 1.997685730457305908e-01
-1.163560032844543457e+00 1.036121726036071777e+00 4.870341122150421143e-01
-4.089792668819427490e-01 2.626211643218994141e-01 8.996282815933227539e-01
8.057103157043457031e-01 1.854227781295776367e-01 -6.883280873298645020e-01
1.191204637289047241e-01 -1.412161469459533691e+00 -2.089072167873382568e-01
-1.062291741371154785e+00 2.907789647579193115e-01 2.743955254554748535e-01
3.241773545742034912e-01 7.145159840583801270e-01 4.877607822418212891e-01
-1.570588052272796631e-01 -4.228784739971160889e-01 -9.649714827537536621e-01
9.319913387298583984e-01 1.009642839431762695e+00 -1.842474460601806641e+00
1.129248976707458496e+00 7.461432218551635742e-01 -1.618333816528320312e+00
1.410082817077636719e+00 6.593443155288696289e-01 -1.768952250480651855e+00
1.310652256011962891e+00 9.889644384384155273e-01 -2.224245786666870117e+00
1.029807329177856445e+00 1.005177140235900879e+00 -1.973665475845336914e+00
-2.773958817124366760e-02 7.973508238792419434e-01 -1.491782218217849731e-01
8.870702385902404785e-01 7.424022555351257324e-01 -1.360817193984985352e+00
6.933057308197021484e-01 2.179360687732696533e-01 -2.230066806077957153e-01
-4.240837991237640381e-01 1.038756608963012695e+00 2.185918986797332764e-01
-8.398779034614562988e-01 8.963473141193389893e-02 8.129008859395980835e-02
1.177038669586181641e+00 -4.622049331665039062e-01 1.049843430519104004e+00
-1.216135025024414062e+00 1.971497535705566406e+00 1.751718521118164062e-01
4.231844842433929443e-01 -2.665106356143951416e-01 -2.270756959915161133e-01
