-3.273943066596984863e-01 8.112416863441467285e-01 -3.926701247692108154e-01
-1.305905222892761230e+00 4.907223582267761230e-01 -9.233170151710510254e-01
1.557478904724121094e+00 -2.013854123651981354e-02 -1.952943503856658936e-01
-6.388969421386718750e-01 -8.118834495544433594e-01 1.404621243476867676e+00
-7.979531884193420410e-01 5.561462640762329102e-01 3.515512645244598389e-01
-5.382909178733825684e-01 5.663677453994750977e-01 -1.274933695793151855e+00
7.032911777496337891e-01 -2.115173488855361938e-01 9.272795915603637695e-01
8.157673478126525879e-01 9.334467053413391113e-01 -1.130110740661621094e+00
-1.398670196533203125e+00 5.987438559532165527e-01 2.872473895549774170e-01
3.634323477745056152e-01 1.046025991439819336e+00 2.455628365278244019e-01
1.413309723138809204e-01 1.509823083877563477e+00 -1.585048884153366089e-01
2.987614274024963379e-01 1.698487758636474609e+00 -4.234781563282012939e-01
-1.141709327697753906e+00 1.078043341636657715e+00 1.291688799858093262e+00
-4.354432523250579834e-01 -4.846087470650672913e-02 -7.376396656036376953e-01
-9.109668135643005371e-01 4.687267839908599854e-01 6.433110237121582031e-01
8.434665203094482422e-01 -7.085013985633850098e-01 9.370502829551696777e-01
7.482297420501708984e-01 7.781413793563842773e-01 -8.159747123718261719e-01
-7.692443728446960449e-01 2.124402523040771484e+00 3.122703731060028076e-01
-6.960197687149047852e-01 2.184757709503173828e+00 2.111128121614456177e-01
9.200245887041091919e-02 -3.491623103618621826e-01 -8.588307499885559082e-01
-1.686522364616394043e-01 7.133485674858093262e-01 2.500645816326141357e-01
4.473926723003387451e-01 1.094041824340820312e+00 2.547786757349967957e-02
4.884482920169830322e-01 1.125257730484008789e+00 -2.091895043849945068e-01
6.357805728912353516e-01 1.077019453048706055e+00 -2.960066497325897217e-01
4.449312090873718262e-01 1.019030451774597168e+00 -1.011317297816276550e-01
-2.351450175046920776e-01 1.270340204238891602e+00 1.535008847713470459e-01
3.856384456157684326e-01 1.573948144912719727e+00 -4.994532167911529541e-01
1.399646878242492676e+00 1.505243480205535889e-01 -1.795384734869003296e-01
3.368806242942810059e-01 -1.022543907165527344e+00 2.748134732246398926e-01
8.074562549591064453e-01 5.204463601112365723e-01 1.368257105350494385e-01
1.807837337255477905e-01 9.165599942207336426e-01 2.973555922508239746e-01
-3.391992449760437012e-01 -5.918471813201904297e-01 -1.176767468452453613e+00
4.523062407970428467e-01 -9.553883075714111328e-01 1.537511795759201050e-01
5.437994599342346191e-01 1.322063356637954712e-01 7.524074912071228027e-01
3.718300759792327881e-01 2.892597913742065430e-01 1.402259707450866699e+00
-8.937516212463378906e-01 7.427012920379638672e-01 -1.849818825721740723e-01
9.693461060523986816e-01 -5.883515477180480957e-01 2.425093054771423340e-01
1.181778669357299805e+00 1.630973219871520996e+00 -1.064816355705261230e+00
1.370671749114990234e+00 1.304121494293212891e+00 -9.244415163993835449e-01
6.297056376934051514e-02 1.401793718338012695e+00 9.035171568393707275e-02
4.628669023513793945e-01 -1.553725749254226685e-01 9.300984740257263184e-01
6.928901672363281250e-01 1.118081450462341309e+00 -7.210898399353027344e-01
5.580999851226806641e-01 5.034632086753845215e-01 3.983710110187530518e-01
1.629803031682968140e-01 1.426432609558105469e+00 5.304979085922241211e-01
-4.717188477516174316e-01 -1.644125342369079590e+00 4.963560700416564941e-01
6.555656194686889648e-01 3.492692708969116211e-01 2.265206575393676758e-01
-4.324807226657867432e-02 1.652524709701538086e+00 -8.691336214542388916e-02
-3.531357347965240479e-01 2.285850793123245239e-01 9.050408601760864258e-01
1.778711080551147461e-01 1.226022481918334961e+00 -2.384310513734817505e-01
1.005022823810577393e-01 5.856618285179138184e-01 1.643533110618591309e-01
8.310361504554748535e-01 1.534541994333267212e-01 -3.982876613736152649e-02
1.233384460210800171e-01 9.321670532226562500e-01 8.295453190803527832e-01
-1.182590365409851074e+00 4.260671138763427734e-01 3.207108378410339355e-01
1.557918787002563477e+00 -4.748578369617462158e-01 1.334964513778686523e+00
-7.305507063865661621e-01 -2.309701144695281982e-01 6.986523270606994629e-01
-8.035270124673843384e-02 -3.243087604641914368e-02 -1.097806021571159363e-01
-1.147807478904724121e+00 6.092051863670349121e-01 5.841751098632812500e-01
-2.478482872247695923e-01 3.699602484703063965e-01 1.658578038215637207e+00
-8.939017541706562042e-03 1.050571084022521973e+00 6.568926572799682617e-01
-3.259172663092613220e-02 1.027808070182800293e+00 6.927886009216308594e-01
-8.497178554534912109e-03 1.053376913070678711e+00 6.523274779319763184e-01
1.077124401926994324e-01 9.080301523208618164e-01 7.590582966804504395e-01
9.776488691568374634e-02 9.028456211090087891e-01 7.712273597717285156e-01
-1.370759606361389160e-01 1.181442022323608398e+00 7.411273121833801270e-01
3.505781292915344238e-02 1.348956704139709473e+00 4.735438823699951172e-01
8.450414538383483887e-01 1.708923339843750000e+00 -4.315930306911468506e-01
4.755237400531768799e-01 1.416102886199951172e+00 4.137115553021430969e-02
-7.272237539291381836e-02 -5.128672719001770020e-01 3.242444992065429688e-02
-3.879759013652801514e-01 9.086263775825500488e-01 1.064299583435058594e+00
3.737185001373291016e-01 4.060314595699310303e-01 1.324110865592956543e+00
-6.481412053108215332e-01 1.171719312667846680e+00 1.445280790328979492e+00
-2.124319374561309814e-01 1.277312636375427246e+00 9.861111044883728027e-01
-3.251091390848159790e-02 1.434205174446105957e+00 7.374926805496215820e-01
6.099685430526733398e-01 1.318904280662536621e+00 6.311029195785522461e-01
-1.942753642797470093e-01 1.029841542243957520e+00 1.394209027290344238e+00
-2.591050863265991211e-01 1.128834009170532227e+00 6.026991605758666992e-01
-8.621277660131454468e-02 9.358812570571899414e-01 6.499096155166625977e-01
1.083314299583435059e+00 2.004500865936279297e+00 2.383100390434265137e-01
1.460470318794250488e+00 1.096855163574218750e+00 6.103575825691223145e-01
1.151873946189880371e+00 6.333227157592773438e-01 1.183117032051086426e+00
1.029661655426025391e+00 9.579331278800964355e-01 -1.921795308589935303e-01
7.972494363784790039e-01 6.764793992042541504e-01 1.804467141628265381e-01
1.102406263351440430e+00 1.971105486154556274e-01 4.093900918960571289e-01
1.045981049537658691e+00 -3.239038586616516113e-02 -8.374697715044021606e-02
3.164387047290802002e-01 1.649642705917358398e+00 -3.269831836223602295e-01
5.013220310211181641e-01 1.808097004890441895e+00 -5.784061551094055176e-01
1.723376810550689697e-01 2.064260959625244141e+00 -2.680838406085968018e-01
-9.258038997650146484e-01 1.757611036300659180e+00 -1.578320860862731934e+00
-9.128837585449218750e-01 4.066493213176727295e-01 3.203735873103141785e-02
-9.837864637374877930e-01 -1.479320973157882690e-01 -2.375712841749191284e-01
1.651237308979034424e-01 7.373187541961669922e-01 1.031072020530700684e+00
4.073001146316528320e-01 9.184883832931518555e-01 7.477458715438842773e-01
5.252956748008728027e-01 7.099050283432006836e-01 1.083351612091064453e+00
7.284372448921203613e-01 6.992484927177429199e-01 9.417825937271118164e-01
-5.029850080609321594e-02 1.298124670982360840e+00 9.017690420150756836e-01
5.152465105056762695e-01 7.439275979995727539e-01 9.278846383094787598e-01
9.181143641471862793e-01 1.062522649765014648e+00 -6.441899538040161133e-01
1.203772425651550293e+00 1.025182008743286133e+00 -8.133663535118103027e-01
-1.126672387123107910e+00 -4.406730830669403076e-02 2.334147691726684570e+00
-1.254722833633422852e+00 -1.398599296808242798e-01 2.509188890457153320e+00
3.613479435443878174e-02 7.088956832885742188e-01 -4.282965660095214844e-01
-9.751575589179992676e-01 -2.917796000838279724e-02 9.467678070068359375e-01
1.892320513725280762e-01 8.913545608520507812e-01 4.587397575378417969e-01
3.056594133377075195e-01 1.001728892326354980e+00 2.940466403961181641e-01
3.493499755859375000e-01 1.341339588165283203e+00 4.757851362228393555e-01
1.520707011222839355e-01 1.144493937492370605e+00 7.766144275665283203e-01
3.109529018402099609e-01 1.444777011871337891e+00 3.377521634101867676e-01
2.540996670722961426e-01 1.503226161003112793e+00 4.088961780071258545e-01
1.166386827826499939e-01 1.133862376213073730e+00 3.828946053981781006e-01
7.157784104347229004e-01 1.295588135719299316e+00 1.201813668012619019e-01
6.214604973793029785e-01 1.240627408027648926e+00 2.199690192937850952e-01
3.557822406291961670e-01 1.002133846282958984e+00 2.907789349555969238e-01
-7.844048738479614258e-02 5.011548399925231934e-01 1.009636998176574707e+00
-2.380980402231216431e-01 7.010165452957153320e-01 4.128390252590179443e-01
-2.569196224212646484e-01 1.202934741973876953e+00 2.089386731386184692e-01
1.455359607934951782e-01 2.313186883926391602e+00 -6.768098473548889160e-01
9.177296161651611328e-01 9.220613241195678711e-01 -1.682918220758438110e-01
3.561210334300994873e-01 1.225116014480590820e+00 1.625788658857345581e-01
4.950410723686218262e-01 2.157079935073852539e+00 -5.973457098007202148e-01
8.533672988414764404e-02 1.783393383026123047e+00 -2.989593520760536194e-02
-2.081341743469238281e-01 1.413212299346923828e+00 4.624686539173126221e-01
-3.788212835788726807e-01 -1.577870130538940430e+00 7.451252639293670654e-02
-2.813138067722320557e-02 1.725805521011352539e+00 -8.624652624130249023e-01
5.353249609470367432e-02 8.517104387283325195e-01 -2.347244471311569214e-01
5.665488839149475098e-01 1.496738910675048828e+00 -6.204077601432800293e-01
-1.363011449575424194e-02 7.944048643112182617e-01 5.717533230781555176e-01
-5.663692206144332886e-02 1.433166623115539551e+00 6.902728229761123657e-02
-4.687367081642150879e-01 1.031833887100219727e+00 6.803174018859863281e-01
1.729673743247985840e-01 4.046821296215057373e-01 -4.742975533008575439e-01
2.244843244552612305e-01 7.812763452529907227e-01 6.421051025390625000e-01
2.063641399145126343e-01 5.627007484436035156e-01 6.659413576126098633e-01
6.097970008850097656e-01 8.724758625030517578e-01 1.240780651569366455e-01
-7.104855775833129883e-01 9.574594497680664062e-01 8.156988024711608887e-02
3.963893055915832520e-01 -1.348310112953186035e+00 7.591469883918762207e-01
6.635934114456176758e-01 1.218324378132820129e-01 9.024040102958679199e-01
8.391016721725463867e-01 1.676866710186004639e-01 2.433551549911499023e-01
7.857913523912429810e-02 7.969784736633300781e-01 7.065733075141906738e-01
5.449466705322265625e-01 1.384473562240600586e+00 -8.643629401922225952e-02
1.511602848768234253e-01 3.293037414550781250e-01 1.044027924537658691e+00
3.053934685885906219e-02 -7.408080995082855225e-02 -8.591377735137939453e-02
-1.714130342006683350e-01 1.040655672550201416e-01 3.177865445613861084e-01
-1.149057626724243164e+00 7.964371889829635620e-02 -9.154075980186462402e-01
-2.702255360782146454e-02 3.279877901077270508e-01 -5.032952129840850830e-02
4.853938817977905273e-01 -3.790732026100158691e-01 6.405112147331237793e-01
-1.252032756805419922e+00 8.178960084915161133e-01 -6.269479393959045410e-01
1.588885933160781860e-01 -9.165309071540832520e-01 -1.167862415313720703e-01
-2.853775620460510254e-01 2.304904460906982422e+00 -3.407036662101745605e-01
3.975416719913482666e-02 1.437012910842895508e+00 8.617413043975830078e-01
1.305678963661193848e+00 9.454249739646911621e-01 -1.851324141025543213e-01
7.688128948211669922e-01 2.560016214847564697e-01 1.176064014434814453e+00
4.495915770530700684e-01 6.753234863281250000e-01 1.044711351394653320e+00
8.039042353630065918e-01 -3.589514791965484619e-01 2.644912004470825195e-01
1.037032961845397949e+00 -6.636863350868225098e-01 9.786717295646667480e-01
-2.144199460744857788e-01 2.378907442092895508e+00 -5.063865184783935547e-01
-1.273445039987564087e-02 -1.025147438049316406e+00 3.369341790676116943e-01
2.545768916606903076e-01 -2.727305591106414795e-01 2.096043080091476440e-01
4.712263643741607666e-01 -3.170954287052154541e-01 3.919499218463897705e-01
5.592947602272033691e-01 4.035539329051971436e-01 -2.997930347919464111e-01
2.788667976856231689e-01 2.421241521835327148e+00 -8.628829717636108398e-01
1.271965168416500092e-02 2.215683698654174805e+00 -5.227818489074707031e-01
-8.023582398891448975e-03 -1.492341607809066772e-01 5.531392693519592285e-01
2.877031564712524414e-01 3.556047081947326660e-01 -7.442768216133117676e-01
-1.476240903139114380e-01 1.559413194656372070e+00 1.692949980497360229e-02
1.822647303342819214e-01 1.953793406486511230e+00 -5.440310835838317871e-01
6.522641982883214951e-03 -1.603381484746932983e-01 5.997078418731689453e-01
-4.727781191468238831e-02 5.526925325393676758e-01 -4.793559312820434570e-01
-8.751593530178070068e-02 1.455322742462158203e+00 2.360633909702301025e-01
8.371258154511451721e-03 1.533902645111083984e+00 1.063140630722045898e-01
-5.268011093139648438e-01 4.858950972557067871e-01 1.095950245857238770e+00
2.473251894116401672e-02 1.169265747070312500e+00 1.329048573970794678e-01
-7.287420630455017090e-01 1.129711270332336426e+00 1.889010518789291382e-01
1.160265326499938965e+00 -4.252110123634338379e-01 7.282793521881103516e-01
1.940748691558837891e-01 1.987175822257995605e+00 -2.223323583602905273e-01
1.882557012140750885e-02 1.823452830314636230e+00 3.088533692061901093e-02
-3.417837023735046387e-01 1.077698945999145508e+00 7.621349096298217773e-01
4.999539256095886230e-02 1.403730511665344238e+00 2.298706918954849243e-01
3.914140760898590088e-01 1.656796932220458984e-01 1.627159118652343750e-01
1.591178894042968750e+00 8.893758654594421387e-01 8.143664002418518066e-01
4.776112735271453857e-01 1.088918924331665039e+00 -6.927466392517089844e-02
-1.661768183112144470e-02 8.418200016021728516e-01 4.473895132541656494e-01
9.715656638145446777e-01 -8.294008970260620117e-01 8.747580647468566895e-02
-1.270382404327392578e+00 3.772270083427429199e-01 7.543777823448181152e-01
-1.259492397308349609e+00 6.741552352905273438e-01 8.139454126358032227e-01
5.837820768356323242e-01 3.152642250061035156e-01 -1.442065238952636719e-01
2.563610374927520752e-01 8.079691529273986816e-01 4.285276532173156738e-01
9.875398874282836914e-01 1.412367820739746094e+00 -5.260493755340576172e-01
1.974494814872741699e+00 -4.086642563343048096e-01 -8.578057289123535156e-01
1.802320122718811035e+00 -7.441325187683105469e-01 -4.424335658550262451e-01
-2.136760950088500977e-01 1.832040548324584961e+00 4.451277852058410645e-01
2.763815224170684814e-01 1.016919016838073730e+00 6.198666617274284363e-02
9.160770177841186523e-01 -2.171888649463653564e-01 -2.802456617355346680e-01
-5.977524071931838989e-02 -7.775275707244873047e-01 5.600147843360900879e-01
1.495905876159667969e+00 -2.712734937667846680e-01 -8.718490004539489746e-01
5.391922593116760254e-01 3.417477905750274658e-01 -3.201291859149932861e-01
-9.490546584129333496e-01 7.328817248344421387e-01 -7.055092453956604004e-01
2.229302883148193359e+00 -9.071622490882873535e-01 -5.051426291465759277e-01
1.665038228034973145e+00 -9.641884565353393555e-01 -2.185844630002975464e-01
1.414123535156250000e+00 -6.405283212661743164e-01 -5.140357017517089844e-01
1.052340984344482422e+00 -5.743888020515441895e-01 -3.713943958282470703e-01
-6.451072096824645996e-01 4.366529583930969238e-01 -3.914376199245452881e-01
9.495362639427185059e-01 7.230620086193084717e-02 8.147733211517333984e-01
8.534792661666870117e-01 -1.205352306365966797e+00 5.528166890144348145e-01
-1.325104355812072754e+00 1.111947894096374512e+00 -7.383883465081453323e-03
-7.918211817741394043e-01 -9.352949261665344238e-01 5.464856028556823730e-01
-5.251420140266418457e-01 8.321554064750671387e-01 2.044219374656677246e-01
-2.241620048880577087e-02 -9.397766590118408203e-01 -3.476257026195526123e-01
-4.657590687274932861e-01 -1.535334944725036621e+00 4.828375279903411865e-01
-8.937024474143981934e-01 1.722685545682907104e-01 3.136703670024871826e-01
5.226641297340393066e-01 -2.012887150049209595e-01 1.026011407375335693e-01
-4.356147348880767822e-01 1.688178539276123047e+00 6.086735129356384277e-01
2.600570023059844971e-01 5.484793186187744141e-01 7.247003912925720215e-01
-8.731912374496459961e-01 -2.903721928596496582e-01 -1.005450725555419922e+00
3.907892704010009766e-01 4.430955052375793457e-01 5.162267684936523438e-01
-1.850121468305587769e-01 9.298968911170959473e-01 -8.885038495063781738e-01
5.332769155502319336e-01 -4.824636876583099365e-01 9.503807425498962402e-01
7.548580169677734375e-01 -6.415123939514160156e-01 9.607234001159667969e-01
3.206304609775543213e-01 7.478983402252197266e-01 -6.342647075653076172e-01
8.302083611488342285e-02 -7.690452933311462402e-01 -1.236845478415489197e-01
6.670066118240356445e-01 1.813637465238571167e-01 1.393429636955261230e-01
-5.260133743286132812e-01 -1.670616626739501953e+00 1.723300337791442871e+00
-1.553600072860717773e+00 -6.206209659576416016e-01 1.747122168540954590e+00
4.977246001362800598e-02 8.022045493125915527e-01 -1.367386341094970703e+00
8.425401449203491211e-01 7.720534205436706543e-01 4.292218983173370361e-01
9.217740297317504883e-01 1.632047176361083984e+00 -5.919162034988403320e-01
8.885537981986999512e-01 1.601061224937438965e+00 -5.439822077751159668e-01
1.400970578193664551e+00 7.351232767105102539e-01 -3.847270011901855469e-01
-3.139022886753082275e-01 -6.684396862983703613e-01 -9.322734475135803223e-01
-5.759834051132202148e-01 -1.944444656372070312e+00 -6.362903118133544922e-01
4.257729351520538330e-01 -4.997139275074005127e-01 4.997311234474182129e-01
9.489306807518005371e-02 1.362430006265640259e-01 5.332634225487709045e-02
2.233507931232452393e-01 -2.414721995592117310e-01 1.001296520233154297e+00
4.863885343074798584e-01 2.889207005500793457e-01 4.157551825046539307e-01
1.021937012672424316e+00 3.452410697937011719e-01 2.029492110013961792e-01
1.119461894035339355e+00 8.250262737274169922e-01 -1.190460324287414551e+00
5.953299999237060547e-01 -1.252508878707885742e+00 1.491799801588058472e-01
7.500109672546386719e-01 2.260312288999557495e-01 2.897954583168029785e-01
-1.156624078750610352e+00 6.391146183013916016e-01 9.037762880325317383e-01
-3.181959092617034912e-01 3.903191089630126953e-01 5.902584195137023926e-01
7.448579072952270508e-01 6.456618309020996094e-01 -3.505590856075286865e-01
1.125464320182800293e+00 -9.382839202880859375e-01 2.664514183998107910e-01
6.787627935409545898e-01 -1.239679455757141113e+00 5.369120836257934570e-01
1.470867276191711426e+00 7.792730927467346191e-01 -3.853304982185363770e-01
7.462407946586608887e-01 2.535104453563690186e-01 1.925467997789382935e-01
1.077664971351623535e+00 3.707143664360046387e-01 4.176246523857116699e-01
1.342408418655395508e+00 7.052301168441772461e-01 -4.515925943851470947e-01
7.158128023147583008e-01 -3.608402609825134277e-01 8.899433612823486328e-01
6.840778589248657227e-01 3.239365667104721069e-02 5.569925904273986816e-01
1.643463015556335449e+00 3.385273218154907227e-01 -2.171467803418636322e-02
4.267520010471343994e-01 -1.243473589420318604e-01 8.387384414672851562e-01
6.006011962890625000e-01 -1.217141270637512207e+00 6.140978336334228516e-01
-1.790461421012878418e+00 -1.839074611663818359e+00 1.234497666358947754e+00
-8.342462182044982910e-01 -1.050201296806335449e+00 7.853184342384338379e-01
9.644409418106079102e-01 2.516774460673332214e-02 6.981968879699707031e-01
1.722238063812255859e-01 5.542556047439575195e-01 6.977984309196472168e-01
1.690880954265594482e-01 2.336664646863937378e-01 9.594983458518981934e-01
4.934032559394836426e-01 8.318360447883605957e-01 2.026550620794296265e-01
9.517292380332946777e-01 -2.856331765651702881e-01 4.606620073318481445e-01
1.552347779273986816e+00 1.033511281013488770e+00 -6.307544112205505371e-01
-1.207998543977737427e-01 5.819595456123352051e-01 9.558820128440856934e-01
-2.842407226562500000e-01 8.831777572631835938e-01 -6.219653487205505371e-01
1.358048319816589355e-01 4.589763879776000977e-01 4.663229361176490784e-02
1.170738935470581055e+00 9.683950245380401611e-02 1.264694482088088989e-01
-1.432835683226585388e-02 2.685661017894744873e-01 9.210209846496582031e-01
1.101485013961791992e+00 8.465063571929931641e-01 -3.319388628005981445e-01
-1.701412796974182129e-01 -1.418839097023010254e-01 -7.927389144897460938e-01
-3.914762735366821289e-01 7.446529865264892578e-01 2.498730570077896118e-01
4.940380454063415527e-01 -9.540971517562866211e-01 -4.229125976562500000e-01
7.573003172874450684e-01 1.610110282897949219e+00 -3.910118043422698975e-01
7.832025289535522461e-01 1.635264992713928223e+00 -4.362435340881347656e-01
3.479998707771301270e-01 1.272328376770019531e+00 4.472742378711700439e-01
6.890037655830383301e-01 1.243214130401611328e+00 2.236889153718948364e-01
3.329733014106750488e-02 7.270843386650085449e-01 2.895694077014923096e-01
1.110760211944580078e+00 9.172565937042236328e-01 -7.593317627906799316e-01
1.124810218811035156e+00 5.287266969680786133e-01 -4.190724194049835205e-01
-2.391911596059799194e-01 5.537199378013610840e-01 8.293868899345397949e-01
8.562721610069274902e-01 1.455753445625305176e+00 -3.957794010639190674e-01
1.020210146903991699e+00 1.612304687500000000e+00 -6.205450296401977539e-01
-2.695376574993133545e-01 1.814719915390014648e+00 2.104058414697647095e-01
4.330462217330932617e-01 1.746812105178833008e+00 -1.662360280752182007e-01
-2.313758134841918945e-01 4.339816868305206299e-01 6.205772515386343002e-03
2.311594724655151367e+00 2.143264114856719971e-01 -4.092311859130859375e-01
5.729478001594543457e-01 1.075340032577514648e+00 -3.312691748142242432e-01
-4.569529294967651367e-01 9.368470311164855957e-01 5.026232600212097168e-01
1.144078850746154785e+00 1.362308502197265625e+00 -5.472977757453918457e-01
-5.046226382255554199e-01 1.166387200355529785e-01 1.484275102615356445e+00
8.092135190963745117e-01 -5.866228938102722168e-01 1.290191292762756348e+00
2.012400627136230469e-01 1.823958158493041992e+00 -2.601831853389739990e-01
1.577065885066986084e-01 5.861081182956695557e-02 4.520787000656127930e-01
1.084397077560424805e+00 2.340814173221588135e-01 1.429004222154617310e-01
-8.286750316619873047e-02 9.237127006053924561e-02 5.262829065322875977e-01
-5.604331493377685547e-01 -5.445342659950256348e-01 -7.413685917854309082e-01
1.558112213388085365e-03 3.014700710773468018e-01 4.738753437995910645e-01
8.829044699668884277e-01 -8.878000974655151367e-01 -9.442073106765747070e-01
2.486040592193603516e+00 2.081318497657775879e-01 -8.579306602478027344e-01
6.628163456916809082e-01 -6.191118806600570679e-02 5.326483845710754395e-01
5.194309353828430176e-02 3.790834248065948486e-01 5.770663619041442871e-01
-8.678306825459003448e-03 9.108235836029052734e-01 2.323721498250961304e-01
6.127129793167114258e-01 1.135746121406555176e+00 -2.389442622661590576e-01
1.714255958795547485e-01 6.960961222648620605e-01 4.664950072765350342e-01
6.073489189147949219e-01 7.909970283508300781e-01 -1.109343409538269043e+00
1.120584681630134583e-01 -1.109166885726153851e-03 -6.592357903718948364e-02
3.546994924545288086e-01 8.733935952186584473e-01 -5.164210796356201172e-01
1.811137497425079346e-01 1.106561303138732910e+00 -2.673614025115966797e-01
7.595235109329223633e-01 2.093875706195831299e-01 1.142616495490074158e-01
4.016419649124145508e-01 1.024831771850585938e+00 -8.939214944839477539e-01
3.127901256084442139e-01 2.471415281295776367e+00 -1.383393168449401855e+00
-1.150336861610412598e+00 1.078844070434570312e+00 8.000963926315307617e-01
8.048515915870666504e-01 -1.958426088094711304e-01 2.778221070766448975e-01
4.758774042129516602e-01 4.946942627429962158e-01 -4.761772751808166504e-01
-1.135579228401184082e+00 5.581410527229309082e-01 1.007933259010314941e+00
-9.118532538414001465e-01 7.308506369590759277e-01 6.870270967483520508e-01
-7.321912646293640137e-01 6.821016073226928711e-01 1.008027195930480957e+00
-1.191513657569885254e+00 8.933910727500915527e-01 8.347558975219726562e-01
-6.944355964660644531e-01 5.052312016487121582e-01 9.829565882682800293e-01
2.713408172130584717e-01 1.194898486137390137e+00 -2.142835557460784912e-01
1.766886860132217407e-01 1.056177854537963867e+00 1.738494844175875187e-03
7.571980357170104980e-02 -9.319338202476501465e-02 3.131238818168640137e-01
5.642556548118591309e-01 1.226686716079711914e+00 -4.040208160877227783e-01
4.281914532184600830e-01 1.904975771903991699e+00 -9.999961256980895996e-01
1.218305081129074097e-01 1.254529237747192383e+00 -3.615644574165344238e-01
-4.460873007774353027e-01 9.401161670684814453e-01 1.880813539028167725e-01
-2.064419090747833252e-01 -8.538454771041870117e-01 -4.114118516445159912e-01
3.072911798954010010e-01 -1.263101577758789062e+00 1.521748781204223633e+00
9.965089559555053711e-01 -7.492436170578002930e-01 6.094473600387573242e-01
5.346358418464660645e-01 5.666897892951965332e-01 7.204543054103851318e-02
-4.868203774094581604e-02 4.541916772723197937e-02 9.040856957435607910e-01
8.226504176855087280e-02 6.523493528366088867e-01 3.193053007125854492e-01
5.565248727798461914e-01 6.775006055831909180e-01 -5.466912388801574707e-01
-9.955459237098693848e-01 4.966596662998199463e-01 -2.236412018537521362e-01
-8.914724923670291901e-03 9.235482215881347656e-01 1.056805476546287537e-01
-9.811725616455078125e-01 7.935592532157897949e-01 1.108544707298278809e+00
-8.984969258308410645e-01 3.578417301177978516e-01 1.731101155281066895e+00
-1.175125122070312500e+00 2.335489243268966675e-01 -6.584200263023376465e-01
1.928277611732482910e-01 9.191448092460632324e-01 3.709683418273925781e-01
5.879164934158325195e-01 8.589344620704650879e-01 -7.413065433502197266e-01
8.725321292877197266e-01 -1.719784550368785858e-02 4.481078088283538818e-01
-1.517406821250915527e+00 1.778956890106201172e+00 5.486170649528503418e-01
4.494931399822235107e-01 1.733282446861267090e+00 -6.422615051269531250e-01
2.081066817045211792e-01 -1.303644657135009766e+00 -1.710293292999267578e+00
3.325342833995819092e-01 -9.032403230667114258e-01 6.458936929702758789e-01
1.103504657745361328e+00 1.635837316513061523e+00 -4.660839736461639404e-01
-5.952132493257522583e-02 1.460184931755065918e+00 4.235704839229583740e-01
8.560215830802917480e-01 1.275879859924316406e+00 -7.139351963996887207e-02
1.010818481445312500e+00 1.410496115684509277e+00 -1.370563954114913940e-01
7.750937938690185547e-01 1.109562039375305176e+00 2.581236660480499268e-01
5.990422368049621582e-01 1.273220062255859375e+00 -3.303530514240264893e-01
6.328500509262084961e-01 1.331532716751098633e+00 -4.005819559097290039e-01
2.438532887026667595e-03 4.288742244243621826e-01 4.733887016773223877e-01
3.525329232215881348e-01 1.117573380470275879e+00 5.201543569564819336e-01
3.884211182594299316e-01 1.256661295890808105e+00 3.623971939086914062e-01
-3.352701291441917419e-02 9.438042044639587402e-01 2.594569027423858643e-01
-2.263763397932052612e-01 5.158075094223022461e-01 9.667735695838928223e-01
-1.177084088325500488e+00 1.227450132369995117e+00 1.059855222702026367e+00
-3.225116729736328125e-01 9.998097419738769531e-01 7.598602175712585449e-01
9.340175390243530273e-01 1.327961802482604980e+00 1.660304330289363861e-02
1.206420660018920898e+00 1.093175053596496582e+00 -7.255051136016845703e-01
1.171667218208312988e+00 1.108430624008178711e+00 -7.172496318817138672e-01
1.649033576250076294e-01 8.631145358085632324e-01 -6.988512277603149414e-01
-3.695170581340789795e-01 4.967952370643615723e-01 -1.926141142845153809e+00
1.699669122695922852e+00 1.689579963684082031e+00 -1.464406967163085938e+00
-4.993607997894287109e-01 1.789808869361877441e+00 -5.794162750244140625e-01
-4.023698568344116211e-01 -1.125723004341125488e+00 -6.040670871734619141e-01
-4.217727780342102051e-01 1.027580574154853821e-01 1.650325298309326172e+00
5.934393405914306641e-01 1.751734614372253418e+00 -4.565487802028656006e-01
7.148077487945556641e-01 3.853835165500640869e-01 6.819923520088195801e-01
-1.215308547019958496e+00 -6.031869649887084961e-01 1.005759716033935547e+00
9.814315438270568848e-01 -4.408240020275115967e-01 8.571707010269165039e-01
-7.728759050369262695e-01 3.757357597351074219e-01 1.282420039176940918e+00
7.467197179794311523e-01 1.871854782104492188e+00 -5.602957606315612793e-01
6.336137056350708008e-01 1.775434732437133789e+00 -4.088351726531982422e-01
5.878525972366333008e-01 1.750269651412963867e+00 -3.790658414363861084e-01
2.666643261909484863e-01 1.624084591865539551e+00 -1.404959112405776978e-01
6.367329955101013184e-01 1.641397476196289062e+00 -3.538716733455657959e-01
1.215934634208679199e+00 1.341190457344055176e+00 -5.030396580696105957e-01
-2.332967221736907959e-01 -5.588424205780029297e-01 2.078569889068603516e+00
-1.090464115142822266e+00 3.774279654026031494e-01 -3.375630974769592285e-01
-1.126019880175590515e-01 9.462677836418151855e-01 1.755345761775970459e-01
1.081382989883422852e+00 1.905259251594543457e+00 -1.470444202423095703e+00
1.524239420890808105e+00 8.680713772773742676e-01 -6.996737122535705566e-01
-7.826291322708129883e-01 8.246031403541564941e-02 1.305714368820190430e+00
4.666830599308013916e-02 5.333203673362731934e-01 3.590743541717529297e-01
6.553016901016235352e-01 9.811142683029174805e-01 -4.337334930896759033e-01
4.522477686405181885e-01 2.517676055431365967e-01 7.945561408996582031e-01
8.068775534629821777e-01 1.294626832008361816e+00 -6.729415655136108398e-01
-1.228338003158569336e+00 -3.311044573783874512e-01 1.776019215583801270e+00
6.378834843635559082e-01 1.365488290786743164e+00 -6.485532522201538086e-01
3.764991760253906250e-01 8.160199522972106934e-01 -1.782951205968856812e-01
-1.944174617528915405e-01 3.553382754325866699e-01 6.544835567474365234e-01
5.236078500747680664e-01 1.757145166397094727e+00 -5.842188596725463867e-01
-5.163639187812805176e-01 -6.288488209247589111e-02 -3.212675750255584717e-01
4.370388686656951904e-01 4.525992572307586670e-01 8.816816806793212891e-01
7.571825981140136719e-01 1.953366994857788086e+00 -9.048171639442443848e-01
3.703225851058959961e-01 9.320356249809265137e-01 1.500802189111709595e-01
-6.884627938270568848e-01 7.316873073577880859e-01 1.052168846130371094e+00
2.851437628269195557e-01 1.267952799797058105e+00 -6.513967365026473999e-02
-7.098210602998733521e-02 -6.051685214042663574e-01 3.673693835735321045e-01
8.057249188423156738e-01 1.278568148612976074e+00 5.833044052124023438e-01
-6.962586045265197754e-01 -9.123553037643432617e-01 -2.250113040208816528e-01
1.704702377319335938e+00 -9.908928535878658295e-03 8.687659353017807007e-02
9.189010262489318848e-01 4.889428019523620605e-01 3.299921452999114990e-01
-9.785308837890625000e-01 3.263259530067443848e-01 8.270830512046813965e-01
-8.463105559349060059e-01 9.845055341720581055e-01 9.084975719451904297e-01
4.427459239959716797e-01 3.964971303939819336e-01 -1.241112947463989258e+00
5.954622030258178711e-01 8.560421466827392578e-01 -3.529292643070220947e-01
7.921992242336273193e-02 7.881462574005126953e-01 3.141247630119323730e-01
2.388296872377395630e-01 -1.194629743695259094e-01 1.829593777656555176e+00
-1.644130349159240723e+00 -8.885431885719299316e-01 6.605427861213684082e-01
9.232513606548309326e-02 -1.000671386718750000e-01 4.754771888256072998e-01
2.166749238967895508e-01 9.311494231224060059e-01 3.442943394184112549e-01
-5.906447768211364746e-01 1.027499079704284668e+00 -4.874575734138488770e-01
-7.018989324569702148e-01 1.320878028869628906e+00 4.849822521209716797e-01
-1.515230178833007812e+00 -1.054997324943542480e+00 -4.680038392543792725e-01
1.144803524017333984e+00 2.864116430282592773e-02 -1.389669775962829590e+00
3.368725776672363281e-01 8.513949513435363770e-01 1.717948764562606812e-01
-1.936516314744949341e-01 -6.049034595489501953e-01 8.303135037422180176e-01
1.783190250396728516e+00 -1.046337842941284180e+00 -2.813396751880645752e-01
4.968563616275787354e-01 -1.117227002978324890e-01 6.047630310058593750e-01
-5.766628384590148926e-01 7.869024276733398438e-01 4.869745373725891113e-01
8.192925453186035156e-01 5.719683170318603516e-01 2.867728471755981445e-01
1.020203590393066406e+00 -1.358754038810729980e-01 2.769843637943267822e-01
1.947307437658309937e-01 -4.441304504871368408e-01 4.844367131590843201e-02
-1.821290850639343262e-01 7.494478821754455566e-01 9.000654220581054688e-01
1.874809980392456055e+00 7.357125282287597656e-01 -8.102927207946777344e-01
1.466737747192382812e+00 2.981925010681152344e-01 -1.922619789838790894e-01
1.006876468658447266e+00 9.197661876678466797e-01 -3.926824629306793213e-01
1.405220985412597656e+00 1.415276050567626953e+00 -1.029227018356323242e+00
3.166413307189941406e-01 2.465511858463287354e-02 9.131080508232116699e-01
1.406907886266708374e-01 -3.871702402830123901e-02 1.126499056816101074e+00
3.880462646484375000e-01 1.057980537414550781e+00 7.110483199357986450e-02
1.125721573829650879e+00 2.868558168411254883e-01 2.674407660961151123e-01
-2.094717510044574738e-02 1.741598129272460938e+00 -6.027435660362243652e-01
-6.933485865592956543e-01 1.225334048271179199e+00 3.191818594932556152e-01
6.643632054328918457e-01 1.151132225990295410e+00 -5.854019522666931152e-01
1.954820394515991211e+00 4.913880228996276855e-01 -6.078586578369140625e-01
6.299914717674255371e-01 6.172024607658386230e-01 2.025245875120162964e-01
6.830578446388244629e-01 8.410446047782897949e-01 -2.829106897115707397e-02
4.641132652759552002e-01 6.228267550468444824e-01 3.063978254795074463e-01
9.620006084442138672e-01 3.536602854728698730e-01 3.849854171276092529e-01
-8.649111390113830566e-01 1.499331593513488770e+00 2.163659334182739258e-01
9.815750718116760254e-01 1.196841597557067871e+00 -5.517535209655761719e-01
1.110717892646789551e+00 -3.498972654342651367e-01 -1.491224408149719238e+00
1.245272517204284668e+00 -4.416963085532188416e-02 1.818197518587112427e-01
9.163383841514587402e-01 1.782769441604614258e+00 -1.067928433418273926e+00
-1.125508427619934082e+00 -5.242394804954528809e-01 1.213224768638610840e+00
-3.820166587829589844e-01 3.830835819244384766e-01 -1.261296987533569336e+00
2.492032289505004883e+00 9.328500367701053619e-03 -5.963613986968994141e-01
8.836588263511657715e-02 6.863132715225219727e-01 -9.252980947494506836e-01
6.208841502666473389e-02 2.372287660837173462e-01 5.011602640151977539e-01
1.230885609984397888e-01 9.384166002273559570e-01 -3.651170134544372559e-01
3.143924176692962646e-01 1.383243650197982788e-01 2.394398152828216553e-01
2.768292188644409180e+00 -6.121265292167663574e-01 -3.985980451107025146e-01
3.066571474075317383e+00 -3.887345194816589355e-01 -7.613918185234069824e-01
4.133763909339904785e-01 2.181427627801895142e-01 5.730218887329101562e-01
1.358372211456298828e+00 -9.274237155914306641e-01 -2.300078980624675751e-02
3.949626386165618896e-01 -5.696436166763305664e-01 -7.765270420350134373e-04
-5.167868137359619141e-01 -3.624098300933837891e-01 -6.718873977661132812e-01
6.478853523731231689e-02 -1.192629337310791016e+00 9.066092371940612793e-01
3.868077397346496582e-01 -4.666463136672973633e-01 1.385804563760757446e-01
1.012883186340332031e+00 -5.585171580314636230e-01 2.505692243576049805e-01
-1.026195764541625977e+00 -9.447197914123535156e-01 1.030867099761962891e+00
1.140987515449523926e+00 -2.867122590541839600e-01 -1.588334739208221436e-01
1.547248661518096924e-01 8.332242369651794434e-01 4.892794787883758545e-01
2.229635566473007202e-01 9.758562445640563965e-01 3.381747007369995117e-01
-1.196931898593902588e-01 9.818083643913269043e-01 -5.803050398826599121e-01
-6.208993196487426758e-01 9.231373071670532227e-01 2.993414998054504395e-01
5.399954319000244141e-01 5.655322074890136719e-01 1.389464735984802246e-01
-3.352320194244384766e-02 3.572981655597686768e-01 7.452892661094665527e-01
-2.758455872535705566e-01 1.950287222862243652e-01 6.015934944152832031e-01
8.018551021814346313e-02 -3.827764391899108887e-01 3.879452943801879883e-01
1.783771365880966187e-01 2.867033183574676514e-01 4.669356346130371094e-01
4.602049291133880615e-01 6.761881113052368164e-01 -6.239864975214004517e-02
6.940658688545227051e-01 1.221357107162475586e+00 -1.000075638294219971e-01
-2.918235771358013153e-02 1.510764122009277344e+00 1.598740518093109131e-01
1.147667691111564636e-01 8.097591400146484375e-01 5.014595389366149902e-01
2.562704086303710938e-01 7.787029147148132324e-01 4.379967451095581055e-01
-2.396093755960464478e-01 1.115170955657958984e+00 6.814136505126953125e-01
1.155644178390502930e+00 6.285970807075500488e-01 -2.071275115013122559e-01
4.297973215579986572e-01 9.390605688095092773e-01 3.894942700862884521e-01
7.379866242408752441e-01 4.490267336368560791e-01 5.535621643066406250e-01
-1.231514010578393936e-02 7.345696091651916504e-01 9.724897146224975586e-01
1.299767732620239258e+00 -2.378820031881332397e-01 -1.295195937156677246e+00
1.753556609153747559e+00 -1.257573246955871582e+00 2.197639495134353638e-01
8.997714519500732422e-01 1.266799449920654297e+00 -7.342651486396789551e-01
1.005673289299011230e+00 1.515262365341186523e+00 -1.005810022354125977e+00
1.312459707260131836e+00 1.332824707031250000e+00 -1.040970206260681152e+00
8.549810051918029785e-01 1.132565498352050781e+00 -4.496594369411468506e-01
1.740560084581375122e-01 8.273181319236755371e-01 2.604171037673950195e-01
1.067831039428710938e+00 -1.195566892623901367e+00 2.321544587612152100e-01
-8.458168506622314453e-01 -1.529355883598327637e+00 1.865044236183166504e+00
-3.488825261592864990e-01 2.993455529212951660e-01 7.351525425910949707e-01
3.769774138927459717e-01 -7.756823897361755371e-01 2.301723062992095947e-01
1.296634227037429810e-01 -1.158571466803550720e-01 2.140058755874633789e+00
9.129475951194763184e-01 1.230609178543090820e+00 -1.106204867362976074e+00
4.493985697627067566e-02 9.430577158927917480e-01 -2.057017534971237183e-01
1.666689477860927582e-02 -2.231047451496124268e-01 -1.111591383814811707e-01
-3.324762880802154541e-01 2.430161088705062866e-02 -2.293509840965270996e-01
-3.489871919155120850e-01 3.763623833656311035e-01 -8.370210528373718262e-01
-4.387758374214172363e-01 2.073418051004409790e-01 6.416355967521667480e-01
1.084750533103942871e+00 -8.556873202323913574e-01 8.100403100252151489e-02
1.802486777305603027e+00 -4.504115283489227295e-01 -7.822718024253845215e-01
1.181418418884277344e+00 -1.184633851051330566e+00 3.566817939281463623e-01
6.974911093711853027e-01 -4.757075309753417969e-01 9.897211194038391113e-02
-5.200057029724121094e-01 4.640573263168334961e-01 -8.182347416877746582e-01
-4.275071620941162109e-01 -4.425562620162963867e-01 -6.021540760993957520e-01
-6.913658380508422852e-01 -8.118717670440673828e-01 -5.396549701690673828e-01
1.711447119712829590e+00 9.471505880355834961e-01 2.160924822092056274e-01
-3.997316956520080566e-01 -3.401092067360877991e-02 -1.403313159942626953e+00
4.067746996879577637e-01 7.042699456214904785e-01 1.299422979354858398e+00
1.157565951347351074e+00 -7.540850639343261719e-01 -1.009351238608360291e-01
1.426124572753906250e+00 -4.535944461822509766e-01 -6.007724404335021973e-01
1.482067465782165527e+00 -3.859266638755798340e-01 -6.876885890960693359e-01
-3.350853025913238525e-01 1.042953804135322571e-01 1.452894210815429688e+00
2.673708915710449219e+00 -9.663529992103576660e-01 -6.500390172004699707e-01
1.602751016616821289e+00 -1.453497529029846191e+00 -1.147685647010803223e-01
6.433037668466567993e-02 -6.197538375854492188e-01 2.549656927585601807e-01
2.514889478683471680e+00 -1.201325178146362305e+00 -3.474615216255187988e-01
2.520203590393066406e+00 -1.169603824615478516e+00 -3.832521140575408936e-01
-1.959528207778930664e+00 1.486720085144042969e+00 8.031156063079833984e-01
9.425233006477355957e-01 -5.526316165924072266e-01 -3.428464829921722412e-01
-3.828021883964538574e-01 -1.153200507164001465e+00 6.130771040916442871e-01
1.394182443618774414e+00 1.662376880645751953e+00 -8.930895924568176270e-01
6.994404196739196777e-01 -1.575985699892044067e-01 -1.550952792167663574e-01
-7.047162055969238281e-01 -8.033134341239929199e-01 -2.704169750213623047e-01
2.162522315979003906e+00 -4.781047105789184570e-01 -8.144102692604064941e-01
2.430018663406372070e+00 -9.558484554290771484e-01 -5.185610055923461914e-01
2.143003225326538086e+00 -2.890290915966033936e-01 -1.053336143493652344e+00
1.561028808355331421e-01 2.616266906261444092e-01 -3.604647517204284668e-01
-1.017303109169006348e+00 -3.867864906787872314e-01 1.064233303070068359e+00
-5.376617908477783203e-01 9.810125827789306641e-01 5.456641912460327148e-01
2.072030752897262573e-01 1.348227709531784058e-01 1.183942630887031555e-01
-4.743703305721282959e-01 3.128768801689147949e-01 1.960378512740135193e-02
-2.225835770368576050e-01 -1.751704066991806030e-01 3.066212534904479980e-01
-6.580669879913330078e-01 -5.746386051177978516e-01 9.734398722648620605e-01
1.114599227905273438e+00 2.109009623527526855e-01 -4.816452562808990479e-01
-3.763329684734344482e-01 7.703153491020202637e-01 8.062691092491149902e-01
-8.505573868751525879e-01 3.736509680747985840e-01 2.010135799646377563e-01
2.424195781350135803e-02 -9.162629246711730957e-01 -1.311787486076354980e+00
-2.053809612989425659e-01 7.677130103111267090e-01 -2.085850387811660767e-01
-4.637468755245208740e-01 8.003734350204467773e-01 -1.935366354882717133e-02
-5.925581455230712891e-01 1.068044543266296387e+00 -1.952525228261947632e-01
-2.260167747735977173e-01 6.280497908592224121e-01 -5.722802504897117615e-02
-1.060970723628997803e-01 1.003320932388305664e+00 -4.606249630451202393e-01
-2.355686426162719727e-01 9.252474308013916016e-01 -3.283831179141998291e-01
-3.025936186313629150e-01 1.036878824234008789e+00 -3.800078332424163818e-01
6.358035206794738770e-01 2.485379129648208618e-01 -3.164428472518920898e-01
1.463258117437362671e-01 3.932927548885345459e-01 1.230481982231140137e+00
-1.254684209823608398e+00 2.377787679433822632e-01 -5.293178558349609375e-01
5.001056194305419922e-01 -4.149256050586700439e-01 -5.230042338371276855e-01
1.357895970344543457e+00 9.180143475532531738e-01 5.177613496780395508e-01
7.131849229335784912e-02 7.701111435890197754e-01 -3.535017371177673340e-01
1.548828035593032837e-01 6.619569659233093262e-01 -3.141697645187377930e-01
-1.066855490207672119e-01 5.397816896438598633e-01 6.416068412363529205e-03
2.371077425777912140e-03 5.298742055892944336e-01 -9.579005092382431030e-02
2.116904221475124359e-02 6.444169878959655762e-01 -2.352792173624038696e-01
-2.031105160713195801e-01 5.219461321830749512e-01 6.910842377692461014e-03
-3.504424914717674255e-02 5.951357483863830566e-01 -1.970230638980865479e-01
1.651753485202789307e-02 8.255786299705505371e-01 -3.794295489788055420e-01
-5.634746551513671875e-01 6.068006753921508789e-01 -7.214068174362182617e-01
-1.097481027245521545e-01 5.399929732084274292e-02 -2.894806265830993652e-01
1.669467389583587646e-01 1.080715298652648926e+00 8.104707002639770508e-01
-8.362439274787902832e-02 2.944960296154022217e-01 4.779280424118041992e-01
-1.601373106241226196e-01 -4.542909264564514160e-01 -8.071516156196594238e-01
