-2.218037396669387817e-01 -7.704467773437500000e-01 1.444015622138977051e+00 3.138311952352523804e-02 3.416038155555725098e-01
-4.172497391700744629e-01 -1.373955458402633667e-01 -7.217995524406433105e-01 6.106793880462646484e-01 1.369606256484985352e+00
-2.573139667510986328e-01 -5.534666180610656738e-01 -1.845354557037353516e+00 1.294403314590454102e+00 5.537756085395812988e-01
-8.445425629615783691e-01 7.847438454627990723e-01 2.966813445091247559e-01 7.227112650871276855e-01 -4.692674279212951660e-01
-1.212352514266967773e-01 8.400568962097167969e-01 6.461468935012817383e-01 2.636101841926574707e-01 -5.991464853286743164e-02
-5.509462952613830566e-01 5.315531790256500244e-02 1.337471961975097656e+00 1.045922785997390747e-01 -4.619664251804351807e-01
-2.720123231410980225e-01 1.000863075256347656e+00 2.195593863725662231e-01 1.669060140848159790e-01 8.475254178047180176e-01
-1.703914642333984375e+00 1.303978800773620605e+00 -2.941380143165588379e-01 5.169005393981933594e-01 -1.160261109471321106e-01
-1.592656731605529785e+00 -1.645770668983459473e-02 5.345825552940368652e-01 -5.202960371971130371e-01 1.437067627906799316e+00
-1.212207376956939697e-01 8.517639636993408203e-01 -8.559162020683288574e-01 2.528328299522399902e-01 -1.020808890461921692e-01
-5.358188152313232422e-01 8.794969916343688965e-01 -6.959637999534606934e-01 1.231555104255676270e+00 -2.214414328336715698e-01
-4.721240401268005371e-01 8.911720514297485352e-01 -5.873158574104309082e-01 1.301507830619812012e+00 -2.566140592098236084e-01
1.339833021163940430e+00 1.486331582069396973e+00 3.283597230911254883e-01 2.287697315216064453e+00 5.796906948089599609e-01
7.701376676559448242e-01 -1.449889093637466431e-01 9.488097429275512695e-01 -2.087914645671844482e-01 -4.980193674564361572e-01
-4.778878092765808105e-01 4.792232215404510498e-01 7.838959693908691406e-01 3.727797865867614746e-01 1.814241856336593628e-01
-7.782287597656250000e-01 1.075193881988525391e+00 6.179179251194000244e-02 -7.846862673759460449e-01 9.290612936019897461e-01
-4.915007948875427246e-01 -6.408135294914245605e-01 4.242063164710998535e-01 -2.007035911083221436e-01 -1.554930061101913452e-01
1.502462267875671387e+00 1.509050250053405762e+00 3.590432703495025635e-01 2.117942333221435547e+00 7.045620679855346680e-01
1.663639426231384277e+00 1.474569797515869141e+00 5.063359141349792480e-01 2.383880138397216797e+00 6.245356798171997070e-01
-4.624370858073234558e-02 -2.488006502389907837e-01 6.383672952651977539e-01 -1.650928378105163574e+00 -6.599559187889099121e-01
-2.011275477707386017e-02 9.007387757301330566e-01 4.390635788440704346e-01 7.534262537956237793e-01 2.330587953329086304e-01
-8.734632134437561035e-01 1.060176491737365723e+00 5.160494446754455566e-01 5.594118684530258179e-02 -7.445414066314697266e-01
-5.898324847221374512e-01 5.247768163681030273e-01 -6.827771663665771484e-01 7.249792218208312988e-01 -4.385000765323638916e-01
-7.232084870338439941e-01 5.594073534011840820e-01 -4.677330851554870605e-01 9.827345013618469238e-01 -7.235113978385925293e-01
-7.238245606422424316e-01 3.327261805534362793e-01 -6.299704313278198242e-01 9.222742319107055664e-01 -7.814118862152099609e-01
-3.585782647132873535e-01 5.139338374137878418e-01 -1.051055908203125000e+00 8.598816990852355957e-01 7.338441163301467896e-02
-4.952922165393829346e-01 5.055509805679321289e-01 -1.307266950607299805e-01 1.679839134216308594e+00 -1.015991687774658203e+00
-1.136134982109069824e+00 2.675682306289672852e-01 7.145649790763854980e-01 -6.585423350334167480e-01 -6.761294603347778320e-01
1.945053189992904663e-01 -2.156625092029571533e-01 -1.624461412429809570e-01 6.949547529220581055e-01 -1.474302448332309723e-02
-7.478808164596557617e-01 9.819219708442687988e-01 -5.528700724244117737e-02 8.568093180656433105e-01 -1.298145532608032227e+00
6.918584108352661133e-01 1.362946391105651855e+00 3.051485121250152588e-01 5.454577803611755371e-01 3.858504295349121094e-01
5.723927617073059082e-01 2.004191577434539795e-01 -7.283972501754760742e-01 9.092776775360107422e-01 5.001553520560264587e-02
-8.849052190780639648e-01 2.557500898838043213e-01 -6.783579587936401367e-01 -7.768166065216064453e-01 2.173836976289749146e-01
-5.154046416282653809e-02 1.563654065132141113e+00 -8.199433237314224243e-02 -1.014822199940681458e-01 -1.064806342124938965e+00
1.116125345230102539e+00 4.597312510013580322e-01 1.113742068409919739e-01 4.263224303722381592e-01 7.740451693534851074e-01
-1.251150131225585938e+00 1.634027242660522461e+00 1.344472408294677734e+00 3.042237460613250732e-01 -3.905242383480072021e-01
4.351727664470672607e-01 -5.088963732123374939e-02 -8.379588276147842407e-02 9.762801527976989746e-01 -9.573767781257629395e-01
-4.815720021724700928e-01 1.615217447280883789e+00 -3.891601860523223877e-01 1.124824807047843933e-01 3.281783759593963623e-01
-5.456670522689819336e-01 1.542850255966186523e+00 1.113807335495948792e-01 5.406574010848999023e-01 -2.360172867774963379e-01
6.807373762130737305e-01 1.257343173027038574e+00 1.074695229530334473e+00 -9.469205141067504883e-02 8.165965080261230469e-01
2.163886129856109619e-01 -5.669859647750854492e-01 1.848969757556915283e-01 -7.228639125823974609e-01 4.378339350223541260e-01
7.321155667304992676e-01 3.673978447914123535e-01 -3.966294527053833008e-01 9.213868975639343262e-01 -1.717135868966579437e-02
-2.095764428377151489e-01 5.580582618713378906e-01 5.029096603393554688e-01 7.482144236564636230e-01 -1.258289933204650879e+00
2.004570811986923218e-01 5.104178190231323242e-01 -8.687135577201843262e-01 7.226828932762145996e-01 5.369661450386047363e-01
4.882813096046447754e-01 5.952104926109313965e-01 9.357417225837707520e-01 -1.355503082275390625e+00 -1.498782336711883545e-01
4.400260746479034424e-02 5.526904463768005371e-01 -1.848067939281463623e-01 -5.378562808036804199e-01 6.454650759696960449e-01
6.712426245212554932e-02 7.740512490272521973e-01 4.960092306137084961e-01 1.390097022056579590e+00 -9.992929100990295410e-01
-1.033603310585021973e+00 3.432051539421081543e-01 -9.887790679931640625e-01 -4.743925854563713074e-02 -6.618598699569702148e-01
1.930403858423233032e-01 8.982803821563720703e-01 -6.180365085601806641e-01 9.110966920852661133e-01 3.072921335697174072e-01
-4.782676398754119873e-01 1.011989593505859375e+00 -7.193398475646972656e-01 -2.409245818853378296e-01 5.950151681900024414e-01
2.910415409132838249e-03 1.150977969169616699e+00 -3.113896548748016357e-01 2.746098637580871582e-01 3.278777599334716797e-01
4.887861907482147217e-01 2.197141408920288086e+00 9.094182848930358887e-01 -1.143454790115356445e+00 -6.572976112365722656e-01
-4.314416050910949707e-01 7.033848762512207031e-01 1.248887300491333008e+00 1.524092555046081543e-01 2.157530486583709717e-01
7.229425907135009766e-01 4.808117449283599854e-01 1.524576663970947266e+00 7.152711749076843262e-01 -4.762150049209594727e-01
-9.780369400978088379e-01 1.546192288398742676e+00 2.352007478475570679e-01 -4.255336821079254150e-01 -3.732914626598358154e-01
-3.147196173667907715e-01 1.332342147827148438e+00 4.073104262351989746e-02 1.296718269586563110e-01 5.156842619180679321e-02
-2.428462654352188110e-01 8.200470209121704102e-01 -1.157671213150024414e-01 1.000119566917419434e+00 -3.802714124321937561e-02
-1.036293625831604004e+00 4.766301810741424561e-01 1.078265786170959473e+00 -1.600125670433044434e+00 1.602939218282699585e-01
1.809096783399581909e-01 1.343467712402343750e+00 -8.186983466148376465e-01 3.207983374595642090e-01 3.449544906616210938e-01
1.835651397705078125e-01 1.343027710914611816e+00 -8.112875223159790039e-01 3.200734853744506836e-01 3.457171618938446045e-01
1.800561398267745972e-01 1.347581982612609863e+00 -8.165481686592102051e-01 3.247823119163513184e-01 3.465955555438995361e-01
3.297733366489410400e-01 1.220648288726806641e+00 -7.848485112190246582e-01 3.036649525165557861e-01 2.457502931356430054e-01
3.265818953514099121e-01 1.217103719711303711e+00 -7.832273840904235840e-01 3.058873713016510010e-01 2.379863411188125610e-01
2.816489934921264648e-01 1.207383871078491211e+00 -9.949563145637512207e-01 4.660238921642303467e-01 3.616585433483123779e-01
4.805058240890502930e-01 1.446663856506347656e+00 -7.698079347610473633e-01 4.715712964534759521e-01 5.096960663795471191e-01
-4.878365397453308105e-01 9.675722122192382812e-01 -9.047964215278625488e-01 6.031035780906677246e-01 -4.584133327007293701e-01
-5.428756475448608398e-01 1.111424565315246582e+00 -6.940497159957885742e-01 7.704411149024963379e-01 -5.853954553604125977e-01
6.256439685821533203e-01 -2.795872390270233154e-01 4.534597098827362061e-01 4.927772283554077148e-01 -3.927379846572875977e-01
-6.870738863945007324e-01 -1.405691623687744141e+00 -8.146563172340393066e-01 -1.238499402999877930e+00 -8.331606984138488770e-01
6.994259357452392578e-01 6.048046946525573730e-01 -8.200231790542602539e-01 1.464691400527954102e+00 -2.129383385181427002e-01
7.190291881561279297e-01 5.979127883911132812e-01 -8.886224031448364258e-01 9.630273580551147461e-01 -7.986892759799957275e-02
1.350855350494384766e+00 4.373984336853027344e-01 -5.428516864776611328e-01 1.687445759773254395e+00 -3.739678263664245605e-01
1.395629405975341797e+00 8.871989846229553223e-01 -5.686215758323669434e-01 1.553615212440490723e+00 9.893445670604705811e-02
6.492114067077636719e-01 2.273014336824417114e-01 -1.641070485115051270e+00 1.435895800590515137e+00 -3.508796095848083496e-01
8.118020296096801758e-01 5.265247821807861328e-01 -1.267334818840026855e+00 1.552497863769531250e+00 -3.132016062736511230e-01
-2.497038990259170532e-01 1.293206572532653809e+00 -1.163447797298431396e-01 1.265018582344055176e+00 -4.114365577697753906e-01
-6.509856134653091431e-02 1.244289517402648926e+00 -3.209420144557952881e-01 1.010574698448181152e+00 -9.564135223627090454e-02
6.511318683624267578e-01 5.856887698173522949e-01 -1.236599564552307129e+00 1.606975555419921875e+00 -8.412961959838867188e-01
6.074595451354980469e-01 4.091624319553375244e-01 -1.713485240936279297e+00 2.535954713821411133e-01 -3.403608500957489014e-01
1.170374274253845215e+00 -3.693090677261352539e-01 -1.558508753776550293e+00 7.936980724334716797e-01 -7.696889638900756836e-01
-1.254884362220764160e+00 1.380216836929321289e+00 -2.525175809860229492e-01 6.404052972793579102e-01 -9.636433720588684082e-01
-1.294486284255981445e+00 1.476350188255310059e+00 -3.650872409343719482e-01 4.600254893302917480e-01 -7.798606157302856445e-01
5.185063481330871582e-01 1.873277783393859863e+00 2.159215927124023438e+00 8.695845305919647217e-02 -7.896162271499633789e-01
7.703464031219482422e-01 2.701876461505889893e-01 -5.440493226051330566e-01 -8.407648801803588867e-01 -1.855641007423400879e-01
-7.617923021316528320e-01 1.640017867088317871e+00 -8.370320200920104980e-01 7.615675330162048340e-01 3.663973212242126465e-01
-7.131699323654174805e-01 1.605885386466979980e+00 -8.036145567893981934e-01 7.769184112548828125e-01 3.310470283031463623e-01
4.814260303974151611e-01 3.400625288486480713e-01 -1.194986552000045776e-01 1.907249987125396729e-01 3.729324340820312500e-01
-2.825689613819122314e-01 3.166887760162353516e+00 9.673343896865844727e-01 -7.340348958969116211e-01 6.036949157714843750e-01
-7.375056743621826172e-01 -3.199630975723266602e-01 6.287806630134582520e-01 -1.163816332817077637e+00 1.400271654129028320e+00
4.543276429176330566e-01 -2.163889706134796143e-01 1.753959357738494873e-01 -5.892196893692016602e-01 1.116003096103668213e-01
7.428210377693176270e-01 1.192394971847534180e+00 -5.047333836555480957e-01 3.307340443134307861e-01 3.931967169046401978e-02
5.413677096366882324e-01 1.154863476753234863e+00 -5.123400688171386719e-01 4.632267653942108154e-01 -1.436999589204788208e-01
8.330923318862915039e-01 1.316854476928710938e+00 4.041548818349838257e-02 1.126953005790710449e+00 -7.676734328269958496e-01
9.283849596977233887e-01 -3.389454483985900879e-01 -6.431461572647094727e-01 6.941673755645751953e-01 -1.466302394866943359e+00
3.450190722942352295e-01 6.641482114791870117e-01 -8.690770268440246582e-01 6.158996224403381348e-01 -6.135085821151733398e-01
1.211177587509155273e+00 2.055529803037643433e-01 -6.351503729820251465e-01 -4.247035980224609375e-01 -3.001404702663421631e-01
-6.158134341239929199e-01 1.454543471336364746e+00 8.614783883094787598e-01 5.986346006393432617e-01 -7.799990773200988770e-01
-9.015525877475738525e-02 1.782592773437500000e+00 1.389735221862792969e+00 7.131397724151611328e-01 -5.863485932350158691e-01
1.824022531509399414e+00 1.832044839859008789e+00 -3.209902644157409668e-01 -8.515904098749160767e-02 1.486996531486511230e+00
1.665591716766357422e+00 6.362702250480651855e-01 -1.191988825798034668e+00 -1.742343008518218994e-01 1.039721250534057617e+00
5.358378291130065918e-01 3.618614971637725830e-01 -8.037478923797607422e-01 -9.882386922836303711e-01 9.174231886863708496e-01
5.171803236007690430e-01 -7.196708917617797852e-01 -1.089762091636657715e+00 -7.716031670570373535e-01 1.449018269777297974e-01
-9.501019120216369629e-02 1.313053965568542480e+00 -7.861086726188659668e-01 1.932591646909713745e-01 3.371210694313049316e-01
-1.083632856607437134e-01 1.229298233985900879e+00 -7.419848442077636719e-01 2.500354349613189697e-01 2.238737344741821289e-01
2.846543788909912109e-01 7.209882736206054688e-01 -7.752928733825683594e-01 1.027780175209045410e+00 -6.005464196205139160e-01
3.858433961868286133e-01 1.093508481979370117e+00 -7.088766098022460938e-01 9.385299086570739746e-01 -2.529139816761016846e-01
1.300254464149475098e-02 1.352905154228210449e+00 -1.025128722190856934e+00 6.796925663948059082e-01 2.356456667184829712e-01
3.224995359778404236e-02 1.457910895347595215e+00 -1.033941268920898438e+00 8.610286712646484375e-01 2.510337829589843750e-01
-1.626409739255905151e-01 3.613238036632537842e-01 -1.141362786293029785e+00 1.355857849121093750e-01 -3.614837825298309326e-01
-6.826703995466232300e-02 9.914450049400329590e-01 -1.125767707824707031e+00 3.146177530288696289e-01 2.549200877547264099e-02
-4.946128278970718384e-02 9.130077958106994629e-01 -1.133776187896728516e+00 3.541670143604278564e-01 -1.921035349369049072e-02
-2.474285662174224854e-01 1.323745012283325195e+00 -5.401863455772399902e-01 4.807910025119781494e-01 -1.211370751261711121e-01
-3.081623315811157227e-01 1.361164808273315430e+00 -2.303722053766250610e-01 6.996113657951354980e-01 -4.256490468978881836e-01
2.142672091722488403e-01 4.430444166064262390e-02 -6.346222162246704102e-01 9.589786529541015625e-01 -7.690957188606262207e-01
1.186318755149841309e+00 1.821553558111190796e-01 -7.640295028686523438e-01 -2.699137330055236816e-01 5.770051479339599609e-01
-4.724767208099365234e-01 7.182942628860473633e-01 -4.000602960586547852e-01 2.456787526607513428e-01 -5.857619047164916992e-01
1.412238359451293945e+00 -1.691038012504577637e-01 -9.750719666481018066e-01 6.495112180709838867e-01 6.987723112106323242e-01
-1.316387355327606201e-01 1.252941489219665527e+00 -7.760922908782958984e-01 3.957828283309936523e-01 1.353443264961242676e-01
4.509125277400016785e-02 5.774204432964324951e-02 -1.280487418174743652e+00 1.074645996093750000e+00 -3.837190270423889160e-01
-1.481260210275650024e-01 1.153231263160705566e+00 -1.390714645385742188e+00 7.792030572891235352e-01 5.869944691658020020e-01
2.937862873077392578e-01 7.715559601783752441e-01 -1.323906421661376953e+00 7.882447838783264160e-01 5.335668325424194336e-01
1.513178825378417969e+00 1.636020094156265259e-01 -5.157941579818725586e-01 -1.582886725664138794e-01 -3.682130947709083557e-02
4.364538490772247314e-01 -1.529317736625671387e+00 -1.255336403846740723e-01 -5.315489768981933594e-01 -3.109037280082702637e-01
7.860555052757263184e-01 8.158760070800781250e-01 -4.511246085166931152e-01 4.215630590915679932e-01 -2.949029579758644104e-02
-1.160926580429077148e+00 2.830435633659362793e-01 -1.296235799789428711e+00 5.921844244003295898e-01 -6.226802468299865723e-01
-5.594063997268676758e-01 1.355734944343566895e+00 -1.316261529922485352e+00 -5.067728087306022644e-02 7.230374217033386230e-01
1.596814543008804321e-01 1.254887580871582031e+00 -1.058056235313415527e+00 2.555914819240570068e-01 8.670179843902587891e-01
-2.143084704875946045e-01 9.751582145690917969e-01 -8.511415123939514160e-01 4.672195911407470703e-01 1.218220666050910950e-01
1.004820823669433594e+00 1.870796918869018555e+00 -5.965737998485565186e-02 1.200633168220520020e+00 6.718409657478332520e-01
-5.323278531432151794e-02 1.366765379905700684e+00 -3.873436450958251953e-01 4.235954582691192627e-01 -1.004901602864265442e-01
-3.391014933586120605e-01 6.657889485359191895e-01 -1.673996150493621826e-01 8.597894906997680664e-01 -1.039124846458435059e+00
-5.429828763008117676e-01 1.323436260223388672e+00 -2.416848391294479370e-01 6.259543895721435547e-01 -4.920546412467956543e-01
9.775279760360717773e-01 -8.902353048324584961e-01 3.215813934803009033e-01 -1.657409071922302246e-01 -1.011042073369026184e-01
3.452003896236419678e-01 9.965373873710632324e-01 2.636752128601074219e-01 7.502740621566772461e-01 1.809707283973693848e-01
-1.006141230463981628e-01 -4.069438576698303223e-01 -9.474416971206665039e-01 5.693320035934448242e-01 -1.426265239715576172e+00
-2.513710260391235352e-01 -1.298770427703857422e+00 -4.242487624287605286e-02 6.960868835449218750e-01 -6.664270162582397461e-01
6.555439531803131104e-02 1.112436175346374512e+00 -9.319562911987304688e-01 1.922975480556488037e-01 3.296378850936889648e-01
2.895062044262886047e-02 6.950339078903198242e-01 -9.921093583106994629e-01 2.801614403724670410e-01 -1.940870843827724457e-02
-3.990528881549835205e-01 1.186491608619689941e+00 -2.613562643527984619e-01 4.522943794727325439e-01 -7.019676566123962402e-01
-2.899171411991119385e-01 -1.685131549835205078e+00 -7.363488674163818359e-01 -7.358289957046508789e-01 1.087600111961364746e+00
3.018153905868530273e-01 1.686548888683319092e-01 2.063597589731216431e-01 3.396320939064025879e-01 3.790390491485595703e-01
-4.637601077556610107e-01 4.216166436672210693e-01 5.540626645088195801e-01 -5.285719037055969238e-01 1.115273475646972656e+00
2.118171602487564087e-01 -6.091068387031555176e-01 -9.989236593246459961e-01 -2.681040763854980469e-01 2.786276042461395264e-01
1.661439061164855957e+00 -2.096702605485916138e-01 1.789323240518569946e-01 -9.142486453056335449e-01 1.958955377340316772e-01
-4.293007850646972656e-01 9.011138081550598145e-01 4.947857260704040527e-01 1.606344133615493774e-01 -8.703534007072448730e-01
-1.769286580383777618e-02 -1.030998602509498596e-01 2.463628351688385010e-01 1.182410359382629395e+00 -8.490204811096191406e-01
-1.545508980751037598e+00 2.582705497741699219e+00 -5.532301068305969238e-01 1.775205492973327637e+00 -9.148580580949783325e-02
8.992489576339721680e-01 1.261276245117187500e+00 -1.056431651115417480e+00 7.563190460205078125e-01 5.338553786277770996e-01
-2.080170810222625732e-02 -6.797844171524047852e-01 -1.414502978324890137e+00 7.416347414255142212e-02 -9.901919960975646973e-01
1.082601428031921387e+00 -1.844174414873123169e-01 -8.447934687137603760e-02 1.406500458717346191e+00 -2.648616135120391846e-01
1.112629771232604980e+00 5.300120711326599121e-01 -8.955518603324890137e-01 8.696090579032897949e-01 -9.396741539239883423e-02
-7.840342074632644653e-02 4.490824043750762939e-01 6.292015910148620605e-01 1.367954909801483154e-01 -9.117912650108337402e-01
3.362694382667541504e-01 1.590227365493774414e+00 -5.120069384574890137e-01 -1.832286119461059570e+00 -1.358358383178710938e+00
-1.627928018569946289e+00 2.750230312347412109e+00 -4.873504042625427246e-01 1.711950778961181641e+00 1.978191733360290527e-02
5.485262870788574219e-01 1.485045671463012695e+00 2.398808151483535767e-01 -3.268834948539733887e-01 6.415259838104248047e-01
2.723589241504669189e-01 -1.108333587646484375e+00 -9.823296070098876953e-01 1.089146852493286133e+00 -5.674946904182434082e-01
4.178755581378936768e-01 9.645241498947143555e-01 -2.768484055995941162e-01 -1.008102416992187500e+00 9.550532102584838867e-01
4.547622203826904297e-01 -1.268271923065185547e+00 -5.745430588722229004e-01 -6.185148954391479492e-01 -5.474226474761962891e-01
-1.308800339698791504e+00 2.433735609054565430e+00 -2.313502579927444458e-01 1.680773258209228516e+00 -1.862253695726394653e-01
-1.321916103363037109e+00 2.382573604583740234e+00 -2.350311577320098877e-01 1.701714158058166504e+00 -2.443128526210784912e-01
-1.041301727294921875e+00 5.721638798713684082e-01 3.929342702031135559e-02 -8.978394865989685059e-01 -5.406750440597534180e-01
-1.987613439559936523e+00 6.230739951133728027e-01 -6.108516454696655273e-01 -7.234853506088256836e-01 -9.778240919113159180e-01
-6.416607499122619629e-01 6.692592501640319824e-01 -3.273940980434417725e-01 1.548354029655456543e+00 -1.026598215103149414e+00
-3.256369531154632568e-01 1.152641296386718750e+00 -3.162517547607421875e-01 1.324374914169311523e+00 -2.974376380443572998e-01
6.796399354934692383e-01 -1.239168122410774231e-01 8.153303265571594238e-01 5.128508806228637695e-01 -1.918685555458068848e+00
1.087669610977172852e+00 9.484785795211791992e-01 1.407999753952026367e+00 -2.022354364395141602e+00 -2.040231972932815552e-01
2.157109379768371582e-01 8.653343319892883301e-01 -1.268154978752136230e+00 2.379522621631622314e-01 5.362523794174194336e-01
2.448529750108718872e-01 1.108981251716613770e+00 -1.214921236038208008e+00 1.988395601511001587e-01 7.263916134834289551e-01
1.530771553516387939e-01 2.491463571786880493e-01 -1.095770239830017090e+00 1.399561166763305664e-01 2.986297383904457092e-02
1.178280916064977646e-02 1.090546727180480957e+00 -9.565483033657073975e-02 6.859105825424194336e-01 -2.362797558307647705e-01
2.171168923377990723e-01 3.935979902744293213e-01 9.022693037986755371e-01 -9.351797103881835938e-01 6.232951283454895020e-01
1.863757252693176270e+00 2.000874280929565430e+00 1.511441707611083984e+00 1.532462954521179199e+00 1.503797918558120728e-01
5.320973321795463562e-02 1.086883664131164551e+00 -1.056029319763183594e+00 7.676556706428527832e-01 2.768144607543945312e-01
1.208320856094360352e-01 9.028630852699279785e-01 -8.699369430541992188e-01 9.445425271987915039e-01 -4.173924401402473450e-02
1.579376310110092163e-01 8.368933796882629395e-01 -1.295834541320800781e+00 1.855061054229736328e-01 4.872053265571594238e-01
1.574366688728332520e-01 9.880368709564208984e-01 -1.231452465057373047e+00 1.862574666738510132e-01 5.523725152015686035e-01
8.204571902751922607e-02 -4.625130891799926758e-01 -4.977152049541473389e-01 3.108506202697753906e-01 -1.196771740913391113e+00
-9.132158756256103516e-01 -3.424207270145416260e-01 2.542918026447296143e-01 -1.228496789932250977e+00 1.730421483516693115e-01
1.974002271890640259e-02 1.690608263015747070e+00 -1.120407700538635254e+00 -5.532736182212829590e-01 1.443580150604248047e+00
-3.404206931591033936e-01 7.672479748725891113e-01 -6.619584560394287109e-01 4.502952396869659424e-01 -1.341441273689270020e-01
1.274461746215820312e+00 1.478742241859436035e+00 2.595567107200622559e-01 -8.639950156211853027e-01 -9.387364983558654785e-01
3.392729163169860840e-01 1.179978132247924805e+00 -6.579346060752868652e-01 -5.315990447998046875e-01 1.331885933876037598e+00
2.383599728345870972e-01 6.321169734001159668e-01 -2.442435547709465027e-02 2.545585930347442627e-01 4.757212102413177490e-02
-1.053321242332458496e+00 8.923947215080261230e-01 -7.349313497543334961e-01 7.067012786865234375e-01 -4.400550387799739838e-03
1.294112920761108398e+00 1.234605088829994202e-01 -7.702904343605041504e-01 1.746758669614791870e-01 1.771039515733718872e-02
-6.198616027832031250e-01 3.374226093292236328e-01 -1.148553967475891113e+00 3.911443054676055908e-01 -5.817482471466064453e-01
-9.293016791343688965e-01 1.309711933135986328e+00 9.932296276092529297e-01 -8.605120182037353516e-01 -7.705774307250976562e-01
-1.320090174674987793e+00 9.216160178184509277e-01 1.430399298667907715e+00 -3.202383518218994141e-01 -1.768348336219787598e+00
-5.928524136543273926e-01 8.049042522907257080e-02 2.623214423656463623e-01 -2.341666370630264282e-01 4.208477139472961426e-01
-8.274182677268981934e-01 -2.899441719055175781e-01 1.178665980696678162e-01 -5.424426794052124023e-01 -3.569394350051879883e-01
1.247602999210357666e-01 -2.485601603984832764e-01 5.188189819455146790e-02 5.740339159965515137e-01 -1.227204874157905579e-02
-1.546875119209289551e+00 -9.021481499075889587e-03 1.102574095129966736e-01 -4.688524603843688965e-01 -1.855015873908996582e+00
-7.806322574615478516e-01 9.983829259872436523e-01 1.192655324935913086e+00 -4.262142777442932129e-01 -2.718573212623596191e-01
-5.127013325691223145e-01 8.971759676933288574e-01 9.622009098529815674e-02 -9.073194861412048340e-01 -4.837293326854705811e-01
-1.333946883678436279e-01 -3.222433030605316162e-01 -1.903461217880249023e-01 -3.987777233123779297e-01 -7.604175806045532227e-01
-1.227201223373413086e+00 4.682987630367279053e-01 1.194422006607055664e+00 -2.034082710742950439e-01 -2.073123216629028320e+00
-1.439026713371276855e+00 1.676474332809448242e+00 1.844197988510131836e+00 -6.964046359062194824e-01 -1.216103553771972656e+00
-8.605340123176574707e-01 5.772586464881896973e-01 1.456375598907470703e+00 -7.576071619987487793e-01 -1.714782357215881348e+00
-9.164421558380126953e-01 9.307436347007751465e-01 1.345734119415283203e+00 -3.735577464103698730e-01 -1.272461295127868652e+00
-6.139404177665710449e-01 1.663948297500610352e-01 -2.334093004465103149e-01 -6.102160215377807617e-01 -6.717989444732666016e-01
-4.474087059497833252e-02 4.369451701641082764e-01 1.839233756065368652e+00 5.308387875556945801e-01 -2.837970256805419922e-01
-8.182067871093750000e-01 -1.069106698036193848e+00 6.439570784568786621e-01 7.193388938903808594e-01 1.202800989151000977e+00
-8.864654302597045898e-01 3.796003758907318115e-01 4.216275811195373535e-01 -9.207761287689208984e-02 -9.545622467994689941e-01
3.767015039920806885e-01 5.574287176132202148e-01 -2.161217480897903442e-01 -1.877631098031997681e-01 1.221853345632553101e-01
9.068164229393005371e-02 -3.454698920249938965e-01 -6.737051010131835938e-01 -7.694602608680725098e-01 -2.810010612010955811e-01
-6.646238267421722412e-02 -2.922088801860809326e-01 7.674900889396667480e-01 -2.887308895587921143e-01 -1.685157716274261475e-01
5.195962786674499512e-01 -7.818762063980102539e-01 4.952893257141113281e-01 -5.269027315080165863e-04 3.826751112937927246e-01
-1.747127920389175415e-01 -2.037872932851314545e-02 -2.293562293052673340e-01 -7.326920628547668457e-01 -5.577095150947570801e-01
-5.432332307100296021e-02 1.166261911392211914e+00 -7.348108291625976562e-02 4.899774491786956787e-02 2.022830247879028320e-01
-3.632922098040580750e-02 2.081665396690368652e-01 -1.708864808082580566e+00 1.515904426574707031e+00 1.353294014930725098e+00
9.816369414329528809e-01 4.386095330119132996e-03 1.623164296150207520e+00 4.922219514846801758e-01 -8.306195586919784546e-02
-1.650049239397048950e-01 3.056873381137847900e-01 -4.958409667015075684e-01 8.644547462463378906e-01 -7.033884525299072266e-02
2.462086379528045654e-01 1.381944566965103149e-01 3.048856854438781738e-01 1.474218219518661499e-01 -9.521542787551879883e-01
8.341524600982666016e-01 2.027386903762817383e+00 9.932888150215148926e-01 -9.191038608551025391e-01 5.987988114356994629e-01
1.357645153999328613e+00 4.035272896289825439e-01 9.109588861465454102e-01 4.959314465522766113e-01 3.702370524406433105e-01
-5.579009652137756348e-01 -8.403258919715881348e-01 5.852070078253746033e-02 -3.588208854198455811e-01 -8.881786465644836426e-01
6.981558203697204590e-01 1.289299964904785156e+00 2.336223721504211426e-01 1.522275209426879883e+00 9.264659285545349121e-01
2.997379750013351440e-02 1.278486847877502441e+00 1.138327047228813171e-01 -6.746161729097366333e-02 -9.256781637668609619e-02
-6.801358461380004883e-01 1.707945466041564941e-01 2.743117213249206543e-01 -6.836586594581604004e-01 1.071624040603637695e+00
-3.402154445648193359e-01 -1.511961817741394043e-01 -4.872316718101501465e-01 6.181971430778503418e-01 -1.039141893386840820e+00
3.466246426105499268e-01 7.312014698982238770e-01 4.933301806449890137e-01 6.948445439338684082e-01 -2.805101573467254639e-01
3.166304528713226318e-01 -7.290403842926025391e-01 1.009168028831481934e-01 4.453579783439636230e-01 -8.082566857337951660e-01
-4.342330396175384521e-01 -6.093266606330871582e-01 7.953824400901794434e-01 -1.092041015625000000e+00 3.983643054962158203e-01
-5.352401733398437500e-01 3.737203180789947510e-01 -1.273836851119995117e+00 5.022623538970947266e-01 -4.095545113086700439e-01
-5.412153601646423340e-01 3.776105940341949463e-01 -1.270496129989624023e+00 5.085228085517883301e-01 -4.087522327899932861e-01
-5.684919953346252441e-01 5.826766490936279297e-01 -2.317706942558288574e-01 6.008979678153991699e-02 -1.158573985099792480e+00
9.649638533592224121e-01 8.919780254364013672e-01 -7.958961129188537598e-01 -7.423882484436035156e-01 -3.568280935287475586e-01
1.097132682800292969e+00 -1.064450144767761230e+00 4.649939537048339844e-01 -1.169309139251708984e+00 1.005784749984741211e+00
1.501163721084594727e+00 2.554923295974731445e-01 2.039567977190017700e-01 -4.182349741458892822e-01 8.329177498817443848e-01
-2.767569422721862793e-01 -6.873313188552856445e-01 -6.215116977691650391e-01 2.672012448310852051e-01 -4.234302639961242676e-01
9.191128015518188477e-01 7.645037174224853516e-01 -1.265394240617752075e-01 -8.178315758705139160e-01 5.270658135414123535e-01
5.204425454139709473e-01 -7.155314683914184570e-01 2.345187425613403320e+00 9.625327587127685547e-01 -3.889730870723724365e-01
-3.539219498634338379e-01 1.017893329262733459e-01 -6.452745795249938965e-01 -1.837502121925354004e-01 -1.070955872535705566e+00
-2.651934325695037842e-01 1.419948816299438477e+00 -5.062902569770812988e-01 -5.047728419303894043e-01 -1.100644841790199280e-01
1.042407035827636719e+00 5.637406930327415466e-02 -1.156664490699768066e+00 -1.740935742855072021e-01 1.218151688575744629e+00
-1.807862520217895508e-01 1.087716341018676758e+00 -5.122545957565307617e-01 -2.884419560432434082e-01 -5.595167167484760284e-03
-2.778682112693786621e-01 4.161146655678749084e-02 -7.465068101882934570e-01 -1.041931033134460449e+00 -6.219551563262939453e-01
1.071847304701805115e-01 4.187770932912826538e-02 -9.153857827186584473e-01 -3.816335797309875488e-01 -6.681749224662780762e-01
-5.729090571403503418e-01 -4.581411182880401611e-02 -1.481459856033325195e+00 -2.228970378637313843e-01 1.099243044853210449e+00
4.897287487983703613e-01 6.819936037063598633e-01 5.724958777427673340e-01 4.492469131946563721e-02 -5.003789663314819336e-01
-6.608045101165771484e-01 -1.805050857365131378e-02 2.819457352161407471e-01 -1.347171068191528320e+00 -1.632764577865600586e+00
-1.289236187934875488e+00 1.247573375701904297e+00 -2.972380816936492920e-01 -8.212940096855163574e-01 -1.044352889060974121e+00
4.533126652240753174e-01 8.631781935691833496e-01 -1.461583655327558517e-03 -1.081072568893432617e+00 1.023392230272293091e-01
-2.605421245098114014e-01 1.668473005294799805e+00 -4.003055393695831299e-01 -1.091052412986755371e+00 -1.673353835940361023e-02
-4.352468550205230713e-01 8.853452205657958984e-01 -2.072745375335216522e-02 -8.261345028877258301e-01 -8.583417534828186035e-01
1.678664803504943848e+00 -2.521090209484100342e-02 2.509147405624389648e+00 8.267415761947631836e-01 7.221596688032150269e-02
-1.883149594068527222e-01 -7.553267478942871094e-02 -1.229092717170715332e+00 -3.766183257102966309e-01 -4.331621825695037842e-01
-4.896754920482635498e-01 4.900825619697570801e-01 -5.904022455215454102e-01 -4.191150665283203125e-01 -6.485089063644409180e-01
4.376741051673889160e-01 6.882799267768859863e-01 -5.497269630432128906e-01 -2.013958543539047241e-01 8.328399658203125000e-01
-2.825901806354522705e-01 -3.680622875690460205e-01 -1.183792233467102051e+00 -6.383265256881713867e-01 -7.214138507843017578e-01
-1.851109117269515991e-01 2.407996207475662231e-01 -2.804026305675506592e-01 -3.458662033081054688e-01 7.563998699188232422e-01
-1.197047382593154907e-01 2.032225131988525391e-01 -2.978458106517791748e-01 -3.609084486961364746e-01 4.882377684116363525e-01
4.297429621219635010e-01 1.068082451820373535e+00 9.685373306274414062e-01 2.797130942344665527e-01 -1.388556361198425293e+00
-3.305747509002685547e-01 7.941996455192565918e-01 -1.888067722320556641e-01 3.075579404830932617e-01 3.528945744037628174e-01
8.177717328071594238e-01 4.717160463333129883e-01 6.617695689201354980e-01 3.420491814613342285e-01 -8.793623447418212891e-01
1.243332028388977051e+00 3.438998460769653320e-01 -7.405389547348022461e-01 6.333612799644470215e-01 3.977732956409454346e-01
-4.424238204956054688e-01 -1.188635304570198059e-01 -4.162754714488983154e-01 -5.586521625518798828e-01 -8.910196423530578613e-01
-2.581181228160858154e-01 4.928552359342575073e-02 -6.367363333702087402e-01 2.363309115171432495e-01 -1.339975476264953613e+00
1.138409733772277832e+00 -2.781285345554351807e-01 -3.653906881809234619e-01 -7.038493752479553223e-01 -6.771551072597503662e-02
-1.925250649452209473e+00 -9.756840020418167114e-02 -4.719795882701873779e-01 -3.724839389324188232e-01 -4.535481929779052734e-01
4.840565472841262817e-02 1.763222813606262207e-01 -1.328378915786743164e+00 2.134255468845367432e-01 -1.473417431116104126e-01
2.653246819972991943e-01 1.300109624862670898e+00 8.038194179534912109e-01 -1.920583695173263550e-01 -8.806143999099731445e-01
-6.939756274223327637e-01 1.145194888114929199e+00 -3.889451324939727783e-01 -6.205092072486877441e-01 -5.858186483383178711e-01
2.557569146156311035e-01 6.269989609718322754e-01 -2.974483668804168701e-01 -1.120170474052429199e+00 -5.412417650222778320e-01
-4.544766247272491455e-01 3.061392009258270264e-01 -4.782455563545227051e-01 1.349766135215759277e+00 5.932447910308837891e-01
3.095676898956298828e-01 -1.073105409741401672e-01 2.658436894416809082e-01 7.281965017318725586e-01 2.286594063043594360e-01
9.865437150001525879e-01 -3.122156858444213867e-01 -2.217255234718322754e-01 9.927045702934265137e-01 1.692351460456848145e+00
-3.359720706939697266e-01 5.001274347305297852e-01 -1.252286195755004883e+00 6.396519541740417480e-01 -2.190834134817123413e-01
-3.327228426933288574e-01 4.488216936588287354e-01 -1.257167816162109375e+00 6.457791924476623535e-01 -2.628047764301300049e-01
-3.531190007925033569e-02 8.590906858444213867e-01 -1.160216808319091797e+00 1.026799678802490234e+00 -1.614595651626586914e-01
3.332394957542419434e-01 -1.377650052309036255e-01 -1.202743411064147949e+00 1.085706472396850586e+00 -6.903768777847290039e-01
2.442180812358856201e-01 3.558144345879554749e-02 -1.311921834945678711e+00 -3.710408210754394531e-01 3.432054221630096436e-01
5.211672186851501465e-01 -1.247326135635375977e+00 -3.221870064735412598e-01 8.894680738449096680e-01 -1.459152102470397949e+00
-1.180615305900573730e+00 -1.130888983607292175e-01 -7.395167350769042969e-01 6.189931556582450867e-02 2.726854085922241211e-01
-5.172868967056274414e-01 -8.361282944679260254e-01 -8.931453227996826172e-01 9.497899413108825684e-01 -1.880675196647644043e+00
-5.407691597938537598e-01 7.010081410408020020e-01 -9.592893719673156738e-01 6.926723122596740723e-01 -4.146561920642852783e-01
-5.156053304672241211e-01 7.612686157226562500e-01 -9.734104275703430176e-01 6.466725468635559082e-01 -3.274831473827362061e-01
3.653074428439140320e-02 2.187936604022979736e-01 -1.591264009475708008e+00 7.982531189918518066e-01 1.303336173295974731e-01
1.234489679336547852e-02 1.013711690902709961e+00 -1.243128299713134766e+00 7.872416973114013672e-01 4.286276698112487793e-01
-3.781161606311798096e-01 -1.173159480094909668e+00 2.305714935064315796e-01 -8.593263030052185059e-01 -1.421137213706970215e+00
9.117059111595153809e-01 5.484703779220581055e-01 -8.706031367182731628e-03 2.977607965469360352e+00 -1.137753605842590332e+00
-1.581102728843688965e+00 1.906879186630249023e+00 -9.247425794601440430e-01 -7.022799253463745117e-01 6.428356766700744629e-01
-1.765546053647994995e-01 3.615179061889648438e-01 -9.755595326423645020e-01 3.046983480453491211e-01 3.440202400088310242e-02
-8.944691419601440430e-01 1.601506322622299194e-01 -1.167581677436828613e+00 7.051343917846679688e-01 -9.661688208580017090e-01
1.722972989082336426e+00 -7.880719900131225586e-01 -1.173640638589859009e-01 4.192340672016143799e-01 -7.418175339698791504e-01
6.574854254722595215e-01 2.803088724613189697e-01 -5.777624249458312988e-01 -3.623195737600326538e-02 3.775278106331825256e-02
-8.155381083488464355e-01 -5.518828034400939941e-01 2.986448407173156738e-01 -2.606873512268066406e-01 -5.061162114143371582e-01
7.449656724929809570e-01 -4.487790167331695557e-01 -4.464795887470245361e-01 4.148726463317871094e-01 -2.339030504226684570e-01
-9.402717947959899902e-01 6.155126094818115234e-01 -5.880894064903259277e-01 -1.828655898571014404e-01 -8.459612727165222168e-01
-4.712833762168884277e-01 1.104118376970291138e-01 -1.516737580299377441e+00 4.587507247924804688e-01 -8.348948359489440918e-01
-1.740301847457885742e-01 2.700508832931518555e-01 -3.594775795936584473e-01 6.442576050758361816e-01 4.868584573268890381e-01
-1.241413578391075134e-01 9.088162332773208618e-02 5.535125136375427246e-01 5.477144718170166016e-01 -8.659994602203369141e-01
5.503426194190979004e-01 7.749876379966735840e-02 -3.980726003646850586e-01 6.021807193756103516e-01 4.118949174880981445e-01
-6.953758597373962402e-01 1.000989302992820740e-01 2.196117490530014038e-01 -5.413937568664550781e-01 -1.991454720497131348e+00
-9.270707368850708008e-01 7.384955883026123047e-02 -9.626448154449462891e-02 -5.037134885787963867e-01 -1.891907334327697754e+00
4.036930799484252930e-01 6.033571958541870117e-01 -1.971983164548873901e-01 2.002063095569610596e-01 -1.345548033714294434e-02
-6.756126284599304199e-01 2.302444279193878174e-01 -1.112861037254333496e+00 -4.492601156234741211e-01 -2.669731080532073975e-01
-4.663185179233551025e-01 5.572217106819152832e-01 -7.098180651664733887e-01 3.460381031036376953e-01 -5.583674907684326172e-01
-4.088217914104461670e-01 1.970644742250442505e-01 -1.155475139617919922e+00 1.850516647100448608e-01 -4.624485373497009277e-01
-1.869212031364440918e+00 -1.675803214311599731e-01 -1.756072163581848145e+00 -1.368043385446071625e-02 -4.937973916530609131e-01
5.556517094373703003e-02 -1.146573126316070557e-01 -1.508001804351806641e+00 2.996830046176910400e-01 9.565513730049133301e-01
4.483163058757781982e-01 -4.444709718227386475e-01 -1.587934792041778564e-01 -5.644291639328002930e-01 -3.073984682559967041e-01
3.867539465427398682e-01 2.264841645956039429e-01 -1.002953648567199707e+00 5.732036232948303223e-01 6.513351202011108398e-01
1.021155953407287598e+00 -3.427701294422149658e-01 1.294218420982360840e+00 1.009175181388854980e+00 -3.210903108119964600e-01
3.372012674808502197e-01 2.146056592464447021e-01 -1.091207027435302734e+00 -3.500584661960601807e-01 4.146641492843627930e-01
-1.062758788466453552e-01 -4.772617295384407043e-02 2.771998755633831024e-02 4.887776970863342285e-01 -1.491230607032775879e+00
2.850393950939178467e-01 9.377272725105285645e-01 1.112641572952270508e+00 4.061001539230346680e-01 -1.067683458328247070e+00
-1.065324187278747559e+00 1.217950701713562012e+00 1.902987957000732422e+00 5.515484213829040527e-01 3.650480210781097412e-01
1.721925735473632812e+00 -1.501859575510025024e-01 -3.394490182399749756e-01 -4.394654631614685059e-01 4.409795403480529785e-01
1.587086319923400879e-01 9.220926463603973389e-02 -1.848804593086242676e+00 7.123215794563293457e-01 1.100395441055297852e+00
2.393709421157836914e-01 2.122770249843597412e-01 -1.960677355527877808e-01 1.444881677627563477e+00 -2.395030707120895386e-01
-7.505563497543334961e-01 2.180464565753936768e-01 -9.418057203292846680e-01 6.575314402580261230e-01 -7.160190343856811523e-01
-1.030571937561035156e+00 -1.237003922462463379e+00 -1.997542500495910645e+00 -5.434377193450927734e-01 -1.250381112098693848e+00
-6.204281002283096313e-02 2.163068503141403198e-01 -1.508086800575256348e+00 2.229779362678527832e-01 1.844428926706314087e-01
-9.316688776016235352e-01 9.848764538764953613e-01 -1.122851133346557617e+00 3.801740109920501709e-01 7.044500857591629028e-02
3.334463238716125488e-01 6.752743721008300781e-01 -2.844783961772918701e-01 4.996430873870849609e-01 6.596854422241449356e-03
9.765322804450988770e-01 5.201845169067382812e-01 5.659633874893188477e-01 9.077532589435577393e-02 7.053147554397583008e-01
-5.137773752212524414e-01 1.168909072875976562e+00 -4.469853937625885010e-01 3.407257199287414551e-01 -1.453487668186426163e-02
2.966418266296386719e-01 -2.310160398483276367e-01 -1.852238476276397705e-01 9.881018996238708496e-01 -8.225001692771911621e-01
-1.880460023880004883e+00 7.317006587982177734e-01 -1.140983343124389648e+00 6.887090802192687988e-01 -8.117249608039855957e-01
5.026767253875732422e-01 6.005007624626159668e-01 6.319323182106018066e-01 -1.687821149826049805e-01 5.564750432968139648e-01
-8.770333528518676758e-01 1.310901343822479248e-01 9.802063703536987305e-01 -3.290041163563728333e-02 -1.297450542449951172e+00
1.154733076691627502e-01 -2.594843208789825439e-01 -8.709513545036315918e-01 1.506123185157775879e+00 -1.020786166191101074e+00
5.352834463119506836e-01 1.028718233108520508e+00 -4.870255887508392334e-01 -2.738034427165985107e-01 2.334470748901367188e-01
-2.996927499771118164e-01 9.249832630157470703e-01 -4.102708399295806885e-01 8.151004463434219360e-02 -1.679862439632415771e-01
-4.984940290451049805e-01 2.856127452105283737e-03 -1.293210029602050781e+00 1.620542854070663452e-01 -4.103816449642181396e-01
3.502979278564453125e-01 -3.466124087572097778e-02 -1.669175028800964355e-01 3.717244565486907959e-01 3.199982643127441406e-01
-9.156699180603027344e-01 -1.260844707489013672e+00 -1.488104462623596191e+00 -7.038992643356323242e-01 -4.689214229583740234e-01
2.665438354015350342e-01 -3.944034278392791748e-01 7.215166687965393066e-01 1.218029260635375977e+00 2.367094457149505615e-01
-5.945603251457214355e-01 -4.353895410895347595e-02 6.184456348419189453e-01 5.011972784996032715e-01 7.128769159317016602e-01
8.992593735456466675e-02 1.268519610166549683e-01 1.433098805136978626e-03 3.864602148532867432e-01 8.580912947654724121e-01
-4.280656576156616211e-01 -2.604701220989227295e-01 -5.108349323272705078e-01 -1.340552806854248047e+00 -7.036982178688049316e-01
4.342966377735137939e-01 -1.006986260414123535e+00 5.634399652481079102e-01 1.597621917724609375e+00 -6.409400105476379395e-01
-1.749704718589782715e+00 -9.843583703041076660e-01 -6.158789992332458496e-01 3.877486884593963623e-01 -9.673339128494262695e-01
-6.135580539703369141e-01 2.311735898256301880e-01 -1.765120983123779297e+00 -1.145138382911682129e+00 1.541005522012710571e-01
-2.512376308441162109e-01 -2.304700911045074463e-01 -4.988471865653991699e-01 -1.254118204116821289e+00 -4.712678492069244385e-01
-1.349100936204195023e-02 -5.473569035530090332e-01 -8.947409689426422119e-03 8.768762350082397461e-01 -8.506636619567871094e-01
2.379285693168640137e-01 1.155300378799438477e+00 -8.336188793182373047e-01 -5.807262063026428223e-01 8.544075489044189453e-01
8.357603549957275391e-01 7.680153250694274902e-01 -4.892354365438222885e-03 1.712974011898040771e-01 5.590754747390747070e-01
1.389398813247680664e+00 8.412786722183227539e-01 -1.112861186265945435e-01 -2.411606758832931519e-01 2.052028290927410126e-02
-7.623780965805053711e-01 2.642578780651092529e-01 -1.269511699676513672e+00 1.269462943077087402e+00 -1.002500057220458984e+00
9.431014768779277802e-03 1.054075479507446289e+00 3.788821026682853699e-02 1.273849010467529297e+00 -9.867771863937377930e-01
3.385962545871734619e-01 -3.490474447607994080e-02 -1.690366387367248535e+00 3.319658339023590088e-01 -4.086041823029518127e-02
-7.540286779403686523e-01 9.697002172470092773e-02 -1.187040686607360840e+00 1.475705265998840332e+00 -1.300985097885131836e+00
-5.607952475547790527e-01 3.025170862674713135e-01 -1.193367958068847656e+00 1.314936399459838867e+00 -9.223821759223937988e-01
-6.992509961128234863e-01 1.271930694580078125e+00 -9.722402095794677734e-01 4.369766414165496826e-01 4.875696450471878052e-02
-9.867807030677795410e-01 8.635326623916625977e-01 -7.474047541618347168e-01 7.424442768096923828e-01 -7.747662067413330078e-01
-2.641247510910034180e-01 -2.362878173589706421e-01 -6.560552120208740234e-01 3.056873679161071777e-01 -8.963171243667602539e-01
3.929321467876434326e-02 7.176319360733032227e-01 -1.076923489570617676e+00 4.979245364665985107e-01 -2.046024948358535767e-01
-1.110949069261550903e-01 4.161421060562133789e-01 -1.218782544136047363e+00 5.221550464630126953e-01 -4.412787556648254395e-01
-3.124203979969024658e-01 -3.145006299018859863e-01 -1.072310805320739746e+00 2.360886484384536743e-01 -1.413480520248413086e+00
-4.984454214572906494e-01 -8.049501180648803711e-01 -1.950299263000488281e+00 6.846868395805358887e-01 -1.054240107536315918e+00
-4.228708446025848389e-01 4.528688192367553711e-01 -9.720714688301086426e-01 5.435415506362915039e-01 -9.132022261619567871e-01
-7.661501765251159668e-01 8.051106333732604980e-01 -1.247049570083618164e+00 -6.162341237068176270e-01 -1.825662255287170410e-01
-7.402997463941574097e-02 8.448895066976547241e-02 -1.274099469184875488e+00 7.008075714111328125e-01 -7.512395977973937988e-01
-8.399932384490966797e-01 7.429990768432617188e-01 7.817348241806030273e-01 1.388357877731323242e+00 -1.822577834129333496e+00
-4.126936197280883789e-01 5.387390851974487305e-01 1.154800295829772949e+00 1.650239229202270508e+00 -2.014162063598632812e+00
-2.969283461570739746e-01 4.915901422500610352e-01 -8.464396595954895020e-01 -6.612192839384078979e-02 -3.672423958778381348e-01
1.938682079315185547e+00 -2.784359157085418701e-01 1.230057358741760254e+00 1.517805218696594238e+00 -5.647994875907897949e-01
-7.658925652503967285e-01 1.131225824356079102e+00 9.609022140502929688e-01 1.425311565399169922e+00 -1.575992465019226074e+00
-1.356190145015716553e-01 1.802701354026794434e+00 6.146844029426574707e-01 -1.064287275075912476e-01 -4.258888959884643555e-01
9.023507684469223022e-02 -3.255657553672790527e-01 -2.427547723054885864e-01 5.921930670738220215e-01 -8.775224685668945312e-01
-1.055233702063560486e-01 9.086409211158752441e-02 2.357790768146514893e-01 -1.230397701263427734e+00 1.702174305915832520e+00
-6.065908670425415039e-01 6.837705969810485840e-01 -1.449094295501708984e+00 5.787965059280395508e-01 -1.323359459638595581e-02
9.442310333251953125e-01 2.777819633483886719e-01 -7.554358839988708496e-01 -8.375801444053649902e-01 1.037864565849304199e+00
-8.602902889251708984e-01 4.735639691352844238e-01 5.351119041442871094e-01 -5.189478993415832520e-01 -2.463775426149368286e-01
-9.019334316253662109e-01 -1.088375091552734375e+00 -2.009621143341064453e+00 3.152803778648376465e-01 -1.668410420417785645e+00
-2.130097866058349609e+00 5.668084025382995605e-01 -6.084050610661506653e-02 6.384099125862121582e-01 3.461314737796783447e-01
-6.126186251640319824e-01 7.131853103637695312e-01 -1.389712214469909668e+00 7.990586757659912109e-01 -1.501223146915435791e-01
-6.115542054176330566e-01 6.860034465789794922e-01 -1.396682500839233398e+00 8.049247860908508301e-01 -1.678636968135833740e-01
-4.779213368892669678e-01 6.270613670349121094e-01 -1.287966966629028320e+00 8.116996288299560547e-01 -1.956909596920013428e-01
-6.934480071067810059e-01 4.065913856029510498e-01 -1.250439047813415527e+00 1.027942299842834473e+00 -4.817599356174468994e-01
-8.198125958442687988e-01 4.873289167881011963e-01 -1.518535971641540527e+00 7.271652817726135254e-01 -3.638611733913421631e-01
2.139746248722076416e-01 9.765537977218627930e-01 6.181395649909973145e-01 1.327819466590881348e+00 -1.208465099334716797e+00
5.922739505767822266e-01 4.677695333957672119e-01 -8.509514480829238892e-02 3.221763074398040771e-01 -1.174843192100524902e+00
6.016528606414794922e-01 -9.977411031723022461e-01 -5.516656488180160522e-02 -6.618232131004333496e-01 -1.404432296752929688e+00
3.421554267406463623e-01 -1.155877634882926941e-01 -2.861960232257843018e-01 4.207471013069152832e-01 -9.953511953353881836e-01
-3.713720142841339111e-01 3.846304416656494141e-01 -9.341409802436828613e-01 2.163844257593154907e-01 1.097854152321815491e-01
-6.929940730333328247e-02 1.780334353446960449e+00 9.597254544496536255e-02 5.926401019096374512e-01 3.786682486534118652e-01
2.127766460180282593e-01 8.124083876609802246e-01 -8.962636590003967285e-01 3.262318298220634460e-02 1.261924579739570618e-02
-4.144584760069847107e-02 -6.133952736854553223e-02 -1.021583557128906250e+00 -1.430955082178115845e-01 5.581676587462425232e-02
-2.122116386890411377e-01 -1.412539184093475342e-01 -8.408162593841552734e-01 1.814368665218353271e-01 -3.625039458274841309e-01
3.674031496047973633e-01 3.178972005844116211e-01 1.248046159744262695e+00 7.389513850212097168e-01 -1.347308039665222168e+00
4.135633409023284912e-01 7.685287594795227051e-01 -3.108043596148490906e-02 8.442912101745605469e-01 -2.918792068958282471e-01
-8.985263295471668243e-03 -3.465903699398040771e-01 -1.853602766990661621e+00 -9.701074361801147461e-01 6.041999459266662598e-01
-9.364176988601684570e-01 -5.369365215301513672e-01 -1.313106536865234375e+00 8.787590265274047852e-01 -1.347396612167358398e+00
-5.596181154251098633e-01 -5.236831903457641602e-01 -1.512214303016662598e+00 3.580690622329711914e-01 -5.444231033325195312e-01
1.199579089879989624e-01 1.017184033989906311e-01 -9.885532259941101074e-01 -7.471459507942199707e-01 2.689307332038879395e-01
-7.657929658889770508e-01 8.200279474258422852e-01 -1.463086485862731934e+00 3.864802718162536621e-01 2.125342339277267456e-01
9.077316522598266602e-01 -9.926053881645202637e-01 9.641453623771667480e-01 4.979582130908966064e-01 -2.979623675346374512e-01
-5.867428183555603027e-01 1.688989847898483276e-01 -1.316804051399230957e+00 -5.166300535202026367e-01 -4.294605180621147156e-02
-7.151159644126892090e-01 9.593576788902282715e-01 -1.500058650970458984e+00 3.037055432796478271e-01 4.297510385513305664e-01
5.324614644050598145e-01 1.881993412971496582e-01 -6.594140529632568359e-01 7.590664029121398926e-01 -1.477895379066467285e-01
2.234494388103485107e-01 3.910668492317199707e-01 -6.603918671607971191e-01 1.531783938407897949e-01 -1.251382231712341309e-01
-2.376948297023773193e-01 5.776140689849853516e-01 -3.572347462177276611e-01 5.003557205200195312e-01 -5.914466381072998047e-01
-3.104816973209381104e-01 5.942160487174987793e-01 -1.388334780931472778e-01 -4.984198212623596191e-01 1.303292214870452881e-01
-8.617538213729858398e-01 -6.247990131378173828e-01 6.808038949966430664e-01 -1.482827901840209961e+00 3.237937986850738525e-01
-1.985485404729843140e-01 -1.025780558586120605e+00 -1.149963140487670898e+00 -1.575055480003356934e+00 -2.093305438756942749e-01
9.660310745239257812e-01 -7.559513449668884277e-01 -5.944865942001342773e-01 -8.910299539566040039e-01 -6.825684905052185059e-01
5.111727714538574219e-01 9.091421365737915039e-01 5.896713733673095703e-01 9.080240726470947266e-01 -1.155554890632629395e+00
1.152558088302612305e+00 1.025218248367309570e+00 2.486910820007324219e-01 -2.003795802593231201e-01 3.413760960102081299e-01
2.798612117767333984e-01 1.411290187388658524e-02 -1.024865865707397461e+00 -1.118302792310714722e-01 2.475119829177856445e-01
1.360567688941955566e+00 1.273257851600646973e+00 -1.506627917289733887e+00 1.123066022992134094e-01 -1.180180668830871582e+00
-4.150744676589965820e-01 7.259007692337036133e-01 4.491614699363708496e-01 7.730224728584289551e-01 -9.872974157333374023e-01
8.637311868369579315e-03 7.818459272384643555e-01 -1.147944808006286621e+00 2.485434561967849731e-01 -1.123469352722167969e+00
2.202735990285873413e-01 7.091557234525680542e-02 -8.067369461059570312e-01 1.709466874599456787e-01 -2.346540987491607666e-01
-4.688703417778015137e-01 -9.403451681137084961e-01 -1.053570747375488281e+00 6.036368012428283691e-01 -5.655177831649780273e-01
7.444452643394470215e-01 -4.983973503112792969e-01 -1.007710099220275879e+00 -7.938300073146820068e-02 6.900758147239685059e-01
-4.239956736564636230e-01 -7.674854993820190430e-01 1.832131743431091309e-01 -6.888794302940368652e-01 -6.026959419250488281e-01
6.522808074951171875e-01 2.380468249320983887e-01 -3.699424266815185547e-01 -2.843766212463378906e-01 1.690489798784255981e-01
3.681406676769256592e-01 2.436991184949874878e-01 -9.616723656654357910e-01 -6.112462282180786133e-01 9.176087565720081329e-03
-1.403934001922607422e+00 -9.611631631851196289e-01 -1.379284709692001343e-01 -6.090381741523742676e-01 2.425702661275863647e-01
-1.942785680294036865e-01 -2.637767791748046875e-01 1.815465241670608521e-01 6.315608024597167969e-01 -3.441613018512725830e-01
1.076451182365417480e+00 9.317178726196289062e-01 9.470351934432983398e-01 8.807430267333984375e-01 4.431867599487304688e-01
5.810777544975280762e-01 -9.298737347126007080e-02 -4.793928861618041992e-01 2.984117269515991211e-01 -5.777887105941772461e-01
2.435881048440933228e-01 1.786319613456726074e+00 9.399049282073974609e-01 9.514137506484985352e-01 8.955050110816955566e-01
3.327553346753120422e-02 -2.623419761657714844e-01 6.630254387855529785e-01 8.436281681060791016e-01 -1.848946325480937958e-02
8.956990242004394531e-01 8.354259729385375977e-01 -1.579449512064456940e-02 -3.986297547817230225e-01 2.984118759632110596e-01
4.292241334915161133e-01 4.062912464141845703e-01 -7.498597502708435059e-01 -1.205049455165863037e-01 -5.649629831314086914e-01
-6.450412273406982422e-01 7.672967314720153809e-01 -1.488990545272827148e+00 -5.637780949473381042e-02 -3.631959436461329460e-03
-3.347459137439727783e-01 1.568461060523986816e+00 -1.640969872474670410e+00 6.574643254280090332e-01 9.196009039878845215e-01
2.134312868118286133e+00 -7.631872296333312988e-01 1.989014446735382080e-01 3.363362550735473633e-01 -4.452422559261322021e-01
-1.270262479782104492e+00 6.266369819641113281e-01 -3.804618418216705322e-01 -2.279379367828369141e-01 -1.347009897232055664e+00
-1.259814262390136719e+00 7.332977652549743652e-01 -4.373854994773864746e-01 -3.134281635284423828e-01 -1.186767697334289551e+00
-1.641851902008056641e+00 9.262424111366271973e-01 -1.129540205001831055e+00 -8.648123741149902344e-01 -6.860945820808410645e-01
3.912265896797180176e-01 4.835658371448516846e-01 -9.033675789833068848e-01 -1.171952039003372192e-01 -5.876132845878601074e-01
-1.596320986747741699e+00 1.461322784423828125e+00 -8.246767520904541016e-01 -1.136742353439331055e+00 -6.354451179504394531e-01
-3.869488462805747986e-02 2.998290777206420898e+00 -3.443851172924041748e-01 -1.177773952484130859e+00 1.100857377052307129e+00
1.626451557967811823e-05 -1.775267533957958221e-02 -8.799862265586853027e-01 -9.067148566246032715e-01 -1.177728176116943359e+00
-1.377322077751159668e+00 1.453111886978149414e+00 -1.160548806190490723e+00 -1.273522973060607910e+00 -1.968846917152404785e-01
-5.462854504585266113e-01 8.834553956985473633e-01 -7.555711269378662109e-01 6.213306188583374023e-01 2.712331116199493408e-01
-1.588807106018066406e+00 -8.390723168849945068e-02 -9.016070365905761719e-01 1.373212814331054688e+00 -1.625612854957580566e+00
-8.929826021194458008e-01 2.415297627449035645e-01 -1.256862998008728027e+00 6.380945444107055664e-01 -1.249632686376571655e-01
-1.104733824729919434e+00 4.780575633049011230e-01 -1.033626571297645569e-01 1.064342781901359558e-01 -1.685575962066650391e+00
-9.181876182556152344e-01 7.699817419052124023e-01 -9.632112383842468262e-01 -1.026179492473602295e-01 -4.204526543617248535e-01
-1.065426349639892578e+00 6.393362283706665039e-01 -8.325482606887817383e-01 1.284543424844741821e-01 -7.816392183303833008e-01
-9.355658292770385742e-01 9.011024832725524902e-01 -9.237664341926574707e-01 -1.110372394323348999e-01 -3.274708390235900879e-01
-6.154187917709350586e-01 1.569085597991943359e+00 6.795328110456466675e-02 7.684409618377685547e-01 -4.213189780712127686e-01
-1.574455499649047852e+00 -1.824787706136703491e-01 4.811080694198608398e-01 -9.135345220565795898e-01 -3.467653989791870117e-01
-4.576748907566070557e-01 -1.298345446586608887e+00 -1.283962726593017578e+00 -8.943207263946533203e-01 -9.991683363914489746e-01
9.630613774061203003e-02 -5.245238542556762695e-01 -8.817186355590820312e-01 2.592165172100067139e-01 -1.204541683197021484e+00
2.745737731456756592e-01 5.204495191574096680e-01 7.876983880996704102e-01 2.487773597240447998e-01 -1.421796083450317383e+00
5.691497921943664551e-01 5.608930587768554688e-01 -4.991412460803985596e-01 8.792653083801269531e-01 -1.300115883350372314e-01
-8.479463458061218262e-01 -1.030981779098510742e+00 1.926169246435165405e-01 6.280336976051330566e-01 -8.076041936874389648e-01
8.892824053764343262e-01 -5.975970029830932617e-01 -1.849882960319519043e+00 -3.886407986283302307e-02 7.756177783012390137e-01
-1.132504224777221680e+00 1.741513460874557495e-01 5.254468321800231934e-01 2.562631070613861084e-01 -2.687125444412231445e+00
7.241767048835754395e-01 8.247311711311340332e-01 6.809838414192199707e-01 7.807362079620361328e-01 7.816961407661437988e-01
7.532028555870056152e-01 7.300571799278259277e-01 -4.928048700094223022e-02 1.887314170598983765e-01 -2.471030652523040771e-01
-2.408869266510009766e-01 8.918703198432922363e-01 8.439950346946716309e-01 -3.932997286319732666e-01 -9.760763645172119141e-01
-8.175320625305175781e-01 1.069699764251708984e+00 7.625137567520141602e-01 1.820777058601379395e-01 -1.039933800697326660e+00
-7.038476467132568359e-01 -1.142229791730642319e-02 7.646427154541015625e-01 -3.988750576972961426e-01 -2.802633523941040039e+00
-6.747726202011108398e-01 1.122253060340881348e+00 6.287506818771362305e-01 -1.050589919090270996e+00 -1.386434435844421387e+00
-6.730548739433288574e-01 8.629751801490783691e-01 6.503570824861526489e-02 7.897157669067382812e-01 -1.095182657241821289e+00
-9.943941831588745117e-01 -5.438250899314880371e-01 -1.808725297451019287e-01 -1.433377504348754883e+00 -1.733915090560913086e+00
9.463253021240234375e-01 3.659028112888336182e-01 -2.429986149072647095e-01 -7.250578999519348145e-01 7.717062234878540039e-01
-2.099511921405792236e-01 8.630468249320983887e-01 6.019389033317565918e-01 -4.247238934040069580e-01 -1.020299196243286133e+00
-6.956948041915893555e-01 -6.640616059303283691e-02 -1.097720026969909668e+00 -1.646651506423950195e+00 1.269591599702835083e-01
-2.477135509252548218e-01 8.662796020507812500e-01 1.962210983037948608e-01 6.269778013229370117e-01 -4.452395439147949219e-01
3.778032213449478149e-02 -4.772290289402008057e-01 -2.210680484771728516e+00 -4.704103767871856689e-01 5.648135542869567871e-01
3.170969784259796143e-01 -1.515682935714721680e+00 -2.904059588909149170e-01 -6.642115116119384766e-01 -1.193189263343811035e+00
-9.301622509956359863e-01 3.356552124023437500e-01 2.572529315948486328e-01 -5.952556729316711426e-01 -1.249669432640075684e+00
-5.657182335853576660e-01 1.031669139862060547e+00 -8.738402724266052246e-01 5.130972862243652344e-01 -2.303570061922073364e-01
-5.195167064666748047e-01 1.882906109094619751e-01 -1.035788893699645996e+00 6.875134706497192383e-01 -8.576505780220031738e-01
1.110235810279846191e+00 -2.419843375682830811e-01 -3.910850286483764648e-01 6.250235438346862793e-01 -5.866452455520629883e-01
6.138426065444946289e-01 -1.250357389450073242e+00 -1.659910321235656738e+00 -6.472958922386169434e-01 -9.347666800022125244e-02
8.352643251419067383e-01 1.133795022964477539e+00 5.566587448120117188e-01 4.613625109195709229e-01 -2.222423255443572998e-01
-1.229287385940551758e+00 5.391497015953063965e-01 -8.673889040946960449e-01 7.935286760330200195e-01 -1.092416048049926758e+00
1.468561172485351562e+00 -6.299285888671875000e-01 -8.480852842330932617e-01 -4.121412709355354309e-02 2.079479396343231201e-02
9.528547525405883789e-01 -1.626060843467712402e+00 1.075905442237854004e+00 7.100455164909362793e-01 -1.375551819801330566e+00
-1.680991351604461670e-01 6.389952898025512695e-01 -1.143716335296630859e+00 -1.372276067733764648e+00 8.010199666023254395e-01
-1.687672376632690430e+00 -1.271950244903564453e+00 6.971930265426635742e-01 -4.942447543144226074e-01 -2.531802356243133545e-01
-4.795600473880767822e-01 1.129047274589538574e+00 -3.418698608875274658e-01 1.008347749710083008e+00 -6.997285485267639160e-01
1.570555448532104492e+00 -9.834413975477218628e-02 -1.037965491414070129e-01 -7.885421812534332275e-02 -3.684024214744567871e-01
-8.367446660995483398e-01 8.997945785522460938e-01 -1.661350369453430176e+00 -8.096141219139099121e-01 2.606263160705566406e+00
-9.075843691825866699e-01 1.406593441963195801e+00 -1.408338427543640137e+00 3.062546253204345703e-01 7.708869129419326782e-02
-4.307473450899124146e-02 9.870598912239074707e-01 -4.799168109893798828e-01 8.394148349761962891e-01 -4.248377084732055664e-01
-6.132143735885620117e-01 1.878443956375122070e+00 -2.039933949708938599e-01 2.243788540363311768e-01 -9.508986957371234894e-03
-4.828548729419708252e-01 1.835048198699951172e+00 -3.158796429634094238e-01 8.448818922042846680e-01 -1.590109318494796753e-01
-4.029936194419860840e-01 1.514002442359924316e+00 1.708315759897232056e-01 8.374595642089843750e-01 -8.752944469451904297e-01
-1.855820566415786743e-01 1.230519413948059082e+00 -1.340566039085388184e+00 9.352612495422363281e-01 2.294025719165802002e-01
-4.173149764537811279e-01 -3.543428182601928711e-01 7.977429628372192383e-01 -7.496051192283630371e-01 1.278009414672851562e-01
-1.520053625106811523e+00 3.092578053474426270e-01 -7.529654502868652344e-01 -5.272100567817687988e-01 -2.285501658916473389e-01
-2.865819334983825684e-01 1.053976893424987793e+00 -2.598423659801483154e-01 1.453288793563842773e-01 -2.591693699359893799e-01
-6.142376065254211426e-01 1.589459180831909180e+00 -5.132023096084594727e-01 -3.337406516075134277e-01 2.872487902641296387e-01
-1.384237647056579590e+00 4.917445182800292969e-01 -1.319048881530761719e+00 -8.756023645401000977e-02 -6.174252629280090332e-01
-2.710011601448059082e-01 1.407486677169799805e+00 -9.403789639472961426e-01 -5.050730109214782715e-01 6.038501858711242676e-01
-1.286754727363586426e+00 1.375525951385498047e+00 -7.901467680931091309e-01 -1.163759306073188782e-01 -2.889863550662994385e-01
9.059834480285644531e-02 -8.865669369697570801e-01 -2.776343524456024170e-01 -1.671399712562561035e+00 -8.911599516868591309e-01
3.307132720947265625e-01 1.140251010656356812e-01 -1.535894513130187988e+00 -1.408681392669677734e+00 3.894490301609039307e-01
-9.026079773902893066e-01 -3.360757827758789062e-01 -1.311586260795593262e+00 -3.318858146667480469e-01 -9.068534374237060547e-01
7.208161801099777222e-02 -3.345658779144287109e-01 -9.627980589866638184e-01 -5.501435399055480957e-01 -6.658655405044555664e-01
1.157448142766952515e-01 -4.456244409084320068e-01 4.772390127182006836e-01 -1.586119979619979858e-01 -8.548693060874938965e-01
-9.836542606353759766e-01 3.736628592014312744e-01 -1.484284639358520508e+00 -8.139017224311828613e-01 6.972142308950424194e-02
-2.895648777484893799e-02 -8.479791134595870972e-02 -1.786423325538635254e+00 -4.610889554023742676e-01 3.523423969745635986e-01
1.755339801311492920e-01 -7.328282594680786133e-01 4.361288547515869141e-01 2.493585646152496338e-01 -1.372936367988586426e-02
-1.132629632949829102e+00 -4.995296597480773926e-01 -6.739677190780639648e-01 -3.457570374011993408e-01 9.271284341812133789e-01
6.511511206626892090e-01 -7.362389564514160156e-01 2.180808335542678833e-01 3.544411957263946533e-01 4.690894186496734619e-01
9.069259166717529297e-01 9.733214974403381348e-01 1.863516330718994141e+00 1.289700269699096680e+00 1.126515507698059082e+00
-1.000461935997009277e+00 5.417118072509765625e-01 6.790944337844848633e-01 -9.714447855949401855e-01 -1.204705119132995605e+00
-1.234654068946838379e+00 3.267539739608764648e-01 5.529462099075317383e-01 -1.063623905181884766e+00 -1.449859380722045898e+00
-1.357846379280090332e+00 4.585227370262145996e-01 3.373210728168487549e-01 -1.260056734085083008e+00 -1.198220491409301758e+00
9.108856320381164551e-01 -8.282281458377838135e-03 7.847990393638610840e-01 -1.170080661773681641e+00 -3.999978303909301758e-01
7.033542394638061523e-01 -1.376152276992797852e+00 -8.138343095779418945e-01 -1.253362655639648438e+00 -5.978086590766906738e-01
7.627950310707092285e-01 -6.139125823974609375e-01 -5.728006958961486816e-01 -1.190859079360961914e+00 4.279740899801254272e-02
-3.232835531234741211e-01 9.461153745651245117e-01 8.351680636405944824e-01 -8.815304040908813477e-01 -2.694650590419769287e-01
4.379530549049377441e-01 -1.495437860488891602e+00 -7.534628510475158691e-01 8.472793102264404297e-01 -7.693796157836914062e-01
5.949827432632446289e-01 9.952754378318786621e-01 1.028992652893066406e+00 1.098443269729614258e+00 1.492998600006103516e+00
8.915704488754272461e-01 5.384405851364135742e-01 -1.243724599480628967e-01 8.090181946754455566e-01 -2.136512249708175659e-01
-1.107180595397949219e+00 3.078061044216156006e-01 1.365304440259933472e-01 -1.239815354347229004e+00 -9.831907749176025391e-01
-9.460937380790710449e-01 -1.847399920225143433e-01 6.727974116802215576e-02 -1.104756712913513184e+00 -1.314506411552429199e+00
-1.075586438179016113e+00 2.724927961826324463e-01 1.999818235635757446e-01 -1.207425832748413086e+00 -1.053687453269958496e+00
4.791218936443328857e-01 1.193307876586914062e+00 1.024264454841613770e+00 -5.709648132324218750e-02 -3.033478856086730957e-01
-1.950812816619873047e+00 8.799116611480712891e-01 1.645333290100097656e+00 -2.655515670776367188e-01 -2.508182764053344727e+00
-4.274730086326599121e-01 1.487570047378540039e+00 7.283362746238708496e-01 1.030974268913269043e+00 -2.356161326169967651e-01
9.313186407089233398e-01 6.673051118850708008e-01 5.856484174728393555e-01 -2.180809080600738525e-01 8.144209161400794983e-03
-1.617250800132751465e+00 1.151161313056945801e+00 2.183953762054443359e+00 -2.292471528053283691e-01 -2.461602449417114258e+00
-1.758202791213989258e+00 8.659200072288513184e-01 1.867289423942565918e+00 -1.480761915445327759e-01 -2.591330766677856445e+00
-9.692493677139282227e-01 4.660842418670654297e-01 2.301389276981353760e-01 -2.353259623050689697e-01 8.792114853858947754e-01
8.376228064298629761e-02 -8.913021683692932129e-01 7.308072447776794434e-01 -8.571504056453704834e-02 -8.311702013015747070e-01
6.848096847534179688e-01 -1.199464574456214905e-01 9.946404099464416504e-01 1.177351951599121094e+00 7.927734255790710449e-01
8.679717779159545898e-01 3.047515153884887695e-01 1.098541259765625000e+00 -6.681786775588989258e-01 -1.168764472007751465e+00
-1.937904357910156250e-01 4.117302894592285156e-01 9.594379663467407227e-01 -3.172974884510040283e-01 -5.602535605430603027e-01
-1.190252974629402161e-01 2.856793813407421112e-02 -2.045188546180725098e-01 2.449324727058410645e-01 -7.193744778633117676e-01
-9.600827693939208984e-01 1.029765844345092773e+00 1.578424811363220215e+00 -4.868244528770446777e-01 -1.796564459800720215e+00
-1.033360719680786133e+00 4.121157526969909668e-01 4.079153239727020264e-01 -8.598921895027160645e-01 -1.547876954078674316e+00
-1.235126107931137085e-01 8.930415511131286621e-01 2.297624826431274414e+00 -7.069770246744155884e-02 -2.039567947387695312e+00
-7.916006259620189667e-03 3.988810181617736816e-01 8.241876363754272461e-01 -1.714995503425598145e-01 -8.762517571449279785e-01
-2.666869200766086578e-02 6.565247774124145508e-01 7.487781643867492676e-01 -4.123939871788024902e-01 -5.791321992874145508e-01
8.350444436073303223e-01 1.763335227966308594e+00 9.979775547981262207e-01 -6.940347552299499512e-01 -1.178712487220764160e+00
3.946940004825592041e-01 -9.190934151411056519e-02 -1.174152851104736328e+00 4.554690420627593994e-02 5.808532238006591797e-01
2.065845280885696411e-01 3.201032429933547974e-02 1.090634346008300781e+00 2.131598591804504395e-01 -1.329455018043518066e+00
6.106418371200561523e-02 1.047393083572387695e+00 1.206749916076660156e+00 -2.863064110279083252e-01 -5.106415152549743652e-01
7.626160234212875366e-02 6.991618871688842773e-01 7.746922373771667480e-01 -5.066189765930175781e-01 -4.843638837337493896e-01
3.582371175289154053e-01 -4.861663654446601868e-02 -4.403246343135833740e-01 -2.349370867013931274e-01 5.166932940483093262e-01
8.694811463356018066e-01 -2.723844051361083984e+00 -1.095392704010009766e+00 8.833125829696655273e-01 -9.446591734886169434e-01
1.348590105772018433e-01 2.192647904157638550e-01 4.855899214744567871e-01 9.135711789131164551e-01 1.275993604212999344e-02
2.089628279209136963e-01 5.126633644104003906e-01 5.396340489387512207e-01 1.528104543685913086e+00 2.493379414081573486e-01
1.014380693435668945e+00 -5.948786437511444092e-02 1.078106239438056946e-01 1.800097525119781494e-01 -5.111205205321311951e-02
9.008588194847106934e-01 2.031542658805847168e-01 -1.904259771108627319e-01 -6.982737779617309570e-02 3.444198369979858398e-01
1.096625924110412598e+00 4.140013456344604492e-01 1.297208666801452637e-01 -5.247520282864570618e-03 4.162639081478118896e-01
8.243286609649658203e-01 4.472509622573852539e-01 -8.135860413312911987e-02 -6.508254259824752808e-02 4.371720254421234131e-01
9.396315217018127441e-01 3.611616790294647217e-01 -1.940446943044662476e-01 -1.370388269424438477e-01 5.116611719131469727e-01
8.979660272598266602e-01 8.190801739692687988e-01 -3.405558764934539795e-01 -3.873497545719146729e-01 1.007010936737060547e+00
1.036840796470642090e+00 4.626518785953521729e-01 1.971706300973892212e-01 5.234075337648391724e-02 3.678664863109588623e-01
-1.751110434532165527e+00 4.997988641262054443e-01 1.151186376810073853e-01 3.751431405544281006e-01 7.261005043983459473e-01
-8.386952280998229980e-01 -1.106501221656799316e+00 7.322010397911071777e-01 9.810793399810791016e-01 -3.512108922004699707e-01
8.684732913970947266e-01 1.912194639444351196e-01 2.158055752515792847e-01 3.312884867191314697e-01 5.200543999671936035e-01
4.501709342002868652e-01 -2.141548097133636475e-01 5.825628638267517090e-01 -4.594863355159759521e-01 -1.945606321096420288e-01
-1.196706220507621765e-01 5.639957189559936523e-01 -1.315590739250183105e+00 2.360525429248809814e-01 -8.287169337272644043e-01
-1.763677239418029785e+00 2.066973447799682617e+00 7.885654568672180176e-01 1.033182382583618164e+00 -1.009282827377319336e+00
-2.434903144836425781e+00 2.054619073867797852e+00 4.223979115486145020e-01 1.032458186149597168e+00 -1.236128091812133789e+00
-1.788677334785461426e+00 2.230425834655761719e+00 9.777809381484985352e-01 1.161521315574645996e+00 -1.066594362258911133e+00
-1.719025969505310059e+00 2.219063043594360352e+00 9.953987002372741699e-01 1.058831334114074707e+00 -1.045701265335083008e+00
-7.053323984146118164e-01 2.128905534744262695e+00 1.715258598327636719e+00 1.605409145355224609e+00 -1.024713993072509766e+00
-1.138141870498657227e+00 2.219552278518676758e+00 1.539739370346069336e+00 1.773504734039306641e+00 -1.315321207046508789e+00
-1.462974548339843750e+00 1.431604266166687012e+00 3.319968581199645996e-01 1.093331098556518555e+00 -1.018355965614318848e+00
-2.460593432188034058e-01 1.407799959182739258e+00 1.686392903327941895e+00 3.091999590396881104e-01 -5.731657743453979492e-01
-1.611747890710830688e-01 6.724103093147277832e-01 8.309487700462341309e-01 9.155039787292480469e-01 -1.139199495315551758e+00
8.537222146987915039e-01 2.973887324333190918e-01 6.146242618560791016e-01 -1.158549785614013672e+00 -4.128621816635131836e-01
-6.276499480009078979e-02 8.096761703491210938e-01 1.575475573539733887e+00 8.367072045803070068e-02 -1.578146457672119141e+00
-3.593592345714569092e-01 -2.050736360251903534e-02 8.269584774971008301e-01 -3.776294887065887451e-01 -3.647184669971466064e-01
-1.000748634338378906e+00 -4.630025029182434082e-01 1.217610687017440796e-01 3.797528520226478577e-02 9.475924372673034668e-01
