1.115891933441162109e+00 -3.754741549491882324e-01 1.319693446159362793e+00
6.308109760284423828e-01 -6.485365033149719238e-01 -4.257389903068542480e-01
1.271952390670776367e+00 1.208310499787330627e-01 -1.261378526687622070e+00
8.260382413864135742e-01 2.737505733966827393e-01 -2.319700241088867188e+00
1.655925273895263672e+00 2.791453003883361816e-01 7.874518632888793945e-01
5.260477662086486816e-01 -2.844657301902770996e-01 -9.065190553665161133e-01
2.431913018226623535e-01 4.246107339859008789e-01 1.241885781288146973e+00
5.713319033384323120e-02 1.398404717445373535e+00 7.786665558815002441e-01
-8.863590955734252930e-01 -5.158732533454895020e-01 1.031657099723815918e+00
6.790561079978942871e-01 3.411556780338287354e-01 -6.228261590003967285e-01
2.028708457946777344e+00 -1.547679662704467773e+00 -1.272297978401184082e+00
2.004148960113525391e+00 -1.452680468559265137e+00 -1.321973681449890137e+00
1.493903875350952148e+00 -2.371614217758178711e+00 -2.288516044616699219e+00
-1.573675870895385742e-01 8.762100338935852051e-01 -2.088639885187149048e-01
-8.726484179496765137e-01 2.008552312850952148e+00 4.166343510150909424e-01
-1.709588021039962769e-01 5.001902580261230469e-01 9.101011753082275391e-01
1.468495011329650879e+00 -1.154520511627197266e+00 1.826073646545410156e+00
1.678342938423156738e+00 -2.926149129867553711e+00 -9.382536411285400391e-01
1.484726667404174805e+00 -2.037905693054199219e+00 -3.364282846450805664e+00
2.913711369037628174e-01 2.954818010330200195e-01 -2.204727888107299805e+00
2.730643451213836670e-01 1.691288352012634277e+00 -6.196953728795051575e-02
1.006275773048400879e+00 -1.683355093002319336e+00 -1.138242959976196289e+00
1.878312349319458008e+00 5.413012504577636719e-01 -7.584139108657836914e-01
1.813274145126342773e+00 7.016081809997558594e-01 -6.208269000053405762e-01
1.769408464431762695e+00 4.448058307170867920e-01 -9.531865119934082031e-01
9.403169751167297363e-01 2.675056159496307373e-01 -7.524854540824890137e-01
7.086176872253417969e-01 5.748098492622375488e-01 -5.933774113655090332e-01
5.397452041506767273e-03 7.934449911117553711e-01 3.182961940765380859e-01
1.207355141639709473e+00 -6.310482323169708252e-02 -3.017134731635451317e-03
-4.410935044288635254e-01 5.457268357276916504e-01 -6.218115612864494324e-02
-3.532120287418365479e-01 8.643469810485839844e-01 1.368515789508819580e-01
1.381569147109985352e+00 -3.558812737464904785e-01 3.180302977561950684e-01
1.645895242691040039e+00 8.406131863594055176e-01 -1.105245947837829590e+00
6.425723433494567871e-01 6.639906167984008789e-01 2.367713302373886108e-01
4.098221659660339355e-01 3.839714825153350830e-01 6.340162158012390137e-01
1.629822850227355957e-01 -2.884531021118164062e-01 -7.766017317771911621e-01
-3.002170622348785400e-01 -8.393247425556182861e-02 -7.640202045440673828e-01
1.094306349754333496e+00 2.294440507888793945e+00 5.570846796035766602e-01
1.310413837432861328e+00 1.096836090087890625e+00 -4.971738755702972412e-01
2.426865696907043457e-01 -9.239105135202407837e-02 -1.027518153190612793e+00
-2.250288724899291992e+00 -4.377747774124145508e-01 5.079487562179565430e-01
1.609974861145019531e+00 3.425540924072265625e-01 8.346195220947265625e-01
6.246849298477172852e-01 3.782603442668914795e-01 -5.020270943641662598e-01
1.419560909271240234e+00 -5.214729309082031250e-01 2.202556848526000977e+00
9.578790664672851562e-01 2.519267201423645020e-01 -1.819813132286071777e+00
1.044282793998718262e+00 -2.246366590261459351e-01 -7.893208265304565430e-01
1.769855141639709473e+00 1.046599969267845154e-01 1.764205813407897949e+00
1.260595321655273438e+00 -2.145646065473556519e-01 -9.120562672615051270e-01
5.469170212745666504e-01 5.601038336753845215e-01 -1.771609783172607422e-01
5.819537863135337830e-02 -1.483722090721130371e+00 -1.505743563175201416e-01
-4.804535508155822754e-01 4.465102553367614746e-01 -1.107914373278617859e-02
-8.036683201789855957e-01 1.657344818115234375e+00 1.580641627311706543e+00
-1.045450210571289062e+00 1.302535295486450195e+00 -6.521530151367187500e-01
-3.515598177909851074e-01 -1.874892592430114746e+00 -1.579909771680831909e-01
-7.879869937896728516e-01 2.231814861297607422e+00 1.357037186622619629e+00
6.599216461181640625e-01 -1.128894567489624023e+00 7.431099414825439453e-01
-7.506474852561950684e-01 -9.021445363759994507e-02 -3.826649487018585205e-01
-4.339517056941986084e-01 -1.004729509353637695e+00 -1.655250787734985352e+00
1.392120718955993652e-01 1.096498727798461914e+00 -3.156409859657287598e-01
1.409919559955596924e-01 1.082711935043334961e+00 -3.222090899944305420e-01
1.433612704277038574e-01 1.089139461517333984e+00 -3.253118395805358887e-01
1.334236748516559601e-02 1.228554725646972656e+00 -2.610841095447540283e-01
9.053303860127925873e-03 1.211287617683410645e+00 -2.750938832759857178e-01
5.154985785484313965e-01 1.583102107048034668e+00 -3.941844105720520020e-01
7.507719993591308594e-01 1.133281230926513672e+00 -6.625277996063232422e-01
1.225132584571838379e+00 1.842135667800903320e+00 -3.238784372806549072e-01
1.321675181388854980e+00 1.740412473678588867e+00 -3.537202179431915283e-01
1.208920598030090332e+00 -5.151517391204833984e-01 -8.001155853271484375e-01
-2.683401107788085938e-01 -6.352940797805786133e-01 -2.896109819412231445e-01
7.667361497879028320e-01 2.194129943847656250e+00 -4.804171025753021240e-01
1.542172312736511230e+00 1.455428004264831543e+00 -3.892829418182373047e-01
1.650706648826599121e+00 7.296928204596042633e-03 -1.811531484127044678e-01
1.726364731788635254e+00 5.967082828283309937e-02 -2.697760052978992462e-02
2.315070629119873047e-01 4.860635995864868164e-01 3.046829700469970703e-01
-1.125299334526062012e-01 1.416427731513977051e+00 8.822680711746215820e-01
1.325189590454101562e+00 1.282694220542907715e+00 -5.723446011543273926e-01
1.210345625877380371e+00 1.416435599327087402e+00 -5.164294242858886719e-01
1.911625027656555176e+00 7.415681481361389160e-01 -6.566238999366760254e-01
1.680907964706420898e+00 1.345116615295410156e+00 5.099108442664146423e-02
2.845579981803894043e-01 1.541931390762329102e+00 -1.654342561960220337e-01
1.607369184494018555e+00 2.060124397277832031e+00 -1.190553382039070129e-01
1.360298275947570801e+00 2.578197479248046875e+00 2.979467809200286865e-01
4.011845588684082031e-01 2.884781062602996826e-01 -5.144964456558227539e-01
3.655314445495605469e-01 1.320644021034240723e+00 1.522190272808074951e-01
6.805287003517150879e-01 1.221493005752563477e+00 -1.120244145393371582e+00
5.091763734817504883e-01 1.380927681922912598e+00 -1.018767356872558594e+00
-2.108152359724044800e-01 -7.128395438194274902e-01 6.342052817344665527e-01
1.166553974151611328e+00 5.207856297492980957e-01 7.042197883129119873e-02
-7.849348783493041992e-01 -9.856319427490234375e-01 -3.286674320697784424e-01
-5.588053464889526367e-01 8.599073886871337891e-01 1.259420156478881836e+00
8.816049695014953613e-01 1.487986445426940918e+00 -2.452128678560256958e-01
5.259038805961608887e-01 1.744154214859008789e+00 -4.648668691515922546e-02
9.736014604568481445e-01 1.046424359083175659e-01 3.272491991519927979e-01
1.143071770668029785e+00 -3.937674164772033691e-01 9.390354156494140625e-02
3.484483063220977783e-01 9.987374544143676758e-01 4.976209253072738647e-02
-6.643651723861694336e-01 4.744362533092498779e-01 -1.496950149536132812e+00
-1.022011160850524902e+00 1.364320755004882812e+00 -9.253789186477661133e-01
-3.319722115993499756e-01 -8.680498600006103516e-02 -1.985475778579711914e+00
9.572166800498962402e-01 1.253317236900329590e+00 7.990146428346633911e-02
8.181201219558715820e-01 1.955296754837036133e+00 6.780229210853576660e-01
1.631019353866577148e+00 2.619719982147216797e+00 -5.784052610397338867e-01
1.790206909179687500e+00 2.269800901412963867e+00 -9.680532813072204590e-01
2.218160480260848999e-01 7.739986777305603027e-01 -1.565257430076599121e+00
2.475890666246414185e-01 7.302540540695190430e-01 -1.670936346054077148e+00
7.772711515426635742e-01 7.087144851684570312e-01 -1.762575954198837280e-01
7.293393015861511230e-01 9.930547475814819336e-01 1.252121329307556152e-01
2.027898579835891724e-01 6.317110657691955566e-01 -1.032010793685913086e+00
-1.045562475919723511e-01 8.426829576492309570e-01 -7.632784247398376465e-01
1.907126069068908691e+00 2.762750148773193359e+00 -3.479805886745452881e-01
2.470669150352478027e-01 1.355495929718017578e+00 2.789886295795440674e-01
1.103162989020347595e-01 1.702241659164428711e+00 5.326550602912902832e-01
1.275843143463134766e+00 1.144051194190979004e+00 -7.627056241035461426e-01
1.825550198554992676e+00 6.805095076560974121e-01 -1.043910622596740723e+00
9.304580092430114746e-01 7.471311092376708984e-01 7.139530032873153687e-02
-6.317051053047180176e-01 -3.503075540065765381e-01 -3.868749737739562988e-01
-1.852608323097229004e-01 2.082275226712226868e-03 -7.454887032508850098e-01
-2.697077393531799316e-01 1.646619915962219238e+00 -3.391904830932617188e-01
8.335474729537963867e-01 1.096889138221740723e+00 -3.948556482791900635e-01
1.349137544631958008e+00 1.564959526062011719e+00 -9.242829680442810059e-01
1.214858055114746094e+00 1.932511687278747559e+00 -6.203476190567016602e-01
1.108616590499877930e+00 1.798011898994445801e+00 -8.529835343360900879e-01
7.350229024887084961e-01 3.638210594654083252e-01 1.482367277145385742e+00
1.100259184837341309e+00 1.056939363479614258e+00 -5.550076365470886230e-01
1.016612172126770020e+00 -6.309089660644531250e-01 -1.914355754852294922e+00
8.260457962751388550e-02 -5.833174586296081543e-01 5.358875989913940430e-01
1.691938519477844238e+00 1.280374646186828613e+00 -8.275580406188964844e-01
1.701437115669250488e+00 1.026895880699157715e+00 -1.200337052345275879e+00
1.241838574409484863e+00 1.854949235916137695e+00 -6.730268597602844238e-01
1.572791576385498047e+00 2.502498626708984375e-01 -1.153926372528076172e+00
6.795586943626403809e-01 1.417912602424621582e+00 -2.685114443302154541e-01
7.791602611541748047e-01 2.423910140991210938e+00 4.187830984592437744e-01
1.681224346160888672e+00 5.521451234817504883e-01 -7.803015708923339844e-01
-4.743751287460327148e-01 1.735929131507873535e+00 -3.872598409652709961e-01
1.262896656990051270e+00 1.537730574607849121e+00 1.844099760055541992e+00
-8.265333771705627441e-01 -6.084815859794616699e-01 -7.981496453285217285e-01
-1.297609090805053711e+00 -2.550744712352752686e-01 -1.576358079910278320e+00
6.306699514389038086e-01 9.863854646682739258e-01 -8.564686775207519531e-01
8.119457960128784180e-01 7.360244989395141602e-01 -1.074620842933654785e+00
1.334701657295227051e+00 2.028891086578369141e+00 -6.228732317686080933e-02
8.480318188667297363e-01 -2.036818027496337891e+00 4.403750896453857422e-01
-1.077539443969726562e+00 -6.728530526161193848e-01 8.873779177665710449e-01
6.075534224510192871e-01 -1.078410387039184570e+00 4.674375355243682861e-01
-2.434584349393844604e-01 8.009569644927978516e-01 9.343034029006958008e-01
-2.504163682460784912e-01 1.097683548927307129e+00 -5.417747497558593750e-01
2.150805890560150146e-01 -6.809159517288208008e-01 -6.444343924522399902e-01
-1.236965894699096680e+00 1.446092963218688965e+00 2.907140016555786133e+00
1.355195403099060059e+00 1.495333313941955566e+00 -5.904794931411743164e-01
8.507407307624816895e-01 2.049829006195068359e+00 -2.483141236007213593e-02
8.607985377311706543e-01 1.014749646186828613e+00 6.653861999511718750e-01
8.307834267616271973e-01 -8.472675085067749023e-02 -3.805315494537353516e-01
6.933944821357727051e-01 1.268753290176391602e+00 -6.805744767189025879e-01
1.334758043289184570e+00 5.486491322517395020e-01 8.753682971000671387e-01
-1.203848600387573242e+00 9.341071844100952148e-01 2.246040403842926025e-01
1.436119318008422852e+00 1.196422576904296875e+00 -7.779588699340820312e-01
1.375317573547363281e-01 -2.945711910724639893e-01 2.590188980102539062e-01
-9.726499915122985840e-01 -6.037887334823608398e-01 3.619622290134429932e-01
-5.649878382682800293e-01 6.350994706153869629e-01 1.701666235923767090e+00
8.009172677993774414e-01 4.687439203262329102e-01 -1.325197517871856689e-01
2.111648559570312500e+00 1.949534773826599121e+00 -7.307282090187072754e-01
2.224026918411254883e+00 1.705382704734802246e+00 -9.918808341026306152e-01
-1.041373163461685181e-01 6.978417187929153442e-02 1.172680556774139404e-01
5.505518913269042969e-01 -7.225890159606933594e-01 -4.738780558109283447e-01
1.690406799316406250e+00 8.814486861228942871e-01 -1.553722977638244629e+00
1.563754200935363770e+00 1.285371661186218262e+00 -1.111096262931823730e+00
-9.771195054054260254e-01 -3.269975483417510986e-01 1.133962050080299377e-01
3.239124715328216553e-01 6.309649348258972168e-01 -3.490922972559928894e-02
7.694191336631774902e-01 9.443947672843933105e-01 -4.264867603778839111e-01
8.549904823303222656e-01 7.061191201210021973e-01 -6.041412353515625000e-01
1.195915699005126953e+00 1.479919672012329102e+00 -4.740881919860839844e-01
1.219678878784179688e+00 1.287419080734252930e+00 -5.160354375839233398e-01
2.581844627857208252e-01 7.270757555961608887e-01 8.360376358032226562e-01
3.516797125339508057e-01 1.046417430043220520e-01 -2.230348289012908936e-01
9.229173064231872559e-01 1.052657008171081543e+00 -5.122860670089721680e-01
7.863827347755432129e-01 1.130252718925476074e+00 -5.637312531471252441e-01
1.133203148841857910e+00 9.374937415122985840e-01 -7.528223991394042969e-01
1.146143317222595215e+00 8.651651740074157715e-01 -8.648709654808044434e-01
-1.964674443006515503e-01 -4.843526780605316162e-01 -5.224891304969787598e-01
5.678950548171997070e-01 4.697768390178680420e-01 -5.520411729812622070e-01
1.234014868736267090e+00 1.006121158599853516e+00 -1.082903265953063965e+00
9.366673231124877930e-01 1.889944791793823242e+00 1.826018677093088627e-03
7.405161112546920776e-02 8.071396350860595703e-01 -1.035258531570434570e+00
1.011677742004394531e+00 6.287095136940479279e-03 5.714933872222900391e-01
-3.843921124935150146e-01 1.870759427547454834e-01 2.781073749065399170e-01
4.572161138057708740e-01 3.500738739967346191e-01 1.321935057640075684e+00
6.269203424453735352e-01 1.904368877410888672e+00 -4.003043174743652344e-01
1.301868677139282227e+00 5.114428400993347168e-01 -4.250898659229278564e-01
1.357991456985473633e+00 3.963942825794219971e-01 3.414313197135925293e-01
1.352795243263244629e+00 5.722233653068542480e-01 5.326521396636962891e-01
-1.427574872970581055e+00 -6.814258098602294922e-01 -9.356813430786132812e-01
4.453180730342864990e-02 1.604756116867065430e-01 1.507202148437500000e+00
-4.356992244720458984e-01 -2.325193434953689575e-01 2.568595707416534424e-01
1.966827630996704102e+00 3.676348626613616943e-01 3.823125958442687988e-01
-9.632986783981323242e-01 1.282132625579833984e+00 2.317168563604354858e-01
1.052753701806068420e-01 1.053283333778381348e+00 3.167690932750701904e-01
7.381538748741149902e-01 1.112208008766174316e+00 4.099207520484924316e-01
7.565029263496398926e-01 5.580596327781677246e-01 1.045724391937255859e+00
7.998131513595581055e-01 6.965159177780151367e-01 1.658428907394409180e+00
-9.126031398773193359e-02 -3.003272414207458496e-01 -2.487582387402653694e-04
5.475053191184997559e-01 -6.056863814592361450e-02 -6.450511217117309570e-01
-5.019797682762145996e-01 3.574459850788116455e-01 1.060103178024291992e+00
-8.567368984222412109e-01 1.231094479560852051e+00 5.179022550582885742e-01
-3.151978552341461182e-01 1.887506127357482910e+00 -2.441282570362091064e-01
-7.874870896339416504e-01 1.092172935605049133e-01 -1.209983348846435547e+00
-2.157703787088394165e-01 -3.892087042331695557e-01 5.598676204681396484e-01
1.157266616821289062e+00 1.314402461051940918e+00 5.724519491195678711e-01
4.095943868160247803e-01 1.158371925354003906e+00 -3.082853853702545166e-01
1.137244701385498047e+00 -2.265083370730280876e-03 -2.382871657609939575e-01
-1.197125434875488281e+00 2.021265774965286255e-01 -1.280192613601684570e+00
6.419109702110290527e-01 1.661784291267395020e+00 -2.701184153556823730e-01
4.975207448005676270e-01 -1.381784200668334961e+00 -4.342661499977111816e-01
-7.076498270034790039e-01 -6.174508482217788696e-02 -3.415897607803344727e+00
-6.280945539474487305e-01 -8.498938679695129395e-01 -2.750888168811798096e-01
-1.047672510147094727e+00 -2.943958044052124023e-01 9.294804930686950684e-01
-1.868332743644714355e+00 -8.606044650077819824e-01 -1.552765846252441406e+00
2.690732777118682861e-01 1.254680395126342773e+00 -1.518773794174194336e+00
-1.646430194377899170e-01 3.786522895097732544e-02 7.552716732025146484e-01
-8.885776400566101074e-01 1.919556260108947754e-01 -9.744753837585449219e-01
1.031055971980094910e-01 8.038941621780395508e-01 5.418902635574340820e-01
3.119717538356781006e-01 7.064909338951110840e-01 1.784298717975616455e-01
1.994218677282333374e-01 2.212685793638229370e-01 3.150847554206848145e-01
5.718763470649719238e-01 8.645803928375244141e-01 -1.422141313552856445e+00
-1.562448441982269287e-01 -4.797055423259735107e-01 9.720577597618103027e-01
-7.804095745086669922e-01 2.900486290454864502e-01 -1.037490665912628174e-01
1.246037960052490234e+00 4.435011148452758789e-01 -4.894788861274719238e-01
1.255108237266540527e+00 4.406769275665283203e-01 -4.860507547855377197e-01
1.509913921356201172e+00 1.095304250717163086e+00 -1.824166923761367798e-01
-4.075519740581512451e-01 4.194302260875701904e-01 2.099465847015380859e+00
5.011256933212280273e-01 5.647445917129516602e-01 -2.029464542865753174e-01
1.056475043296813965e+00 1.963817834854125977e+00 -9.903545975685119629e-01
6.160646080970764160e-01 6.041855216026306152e-01 -2.023133277893066406e+00
-7.039204239845275879e-02 -4.251823425292968750e-01 4.035097956657409668e-01
-8.444960713386535645e-01 9.412739872932434082e-01 4.574518799781799316e-01
1.052234053611755371e+00 1.765738129615783691e+00 7.380620390176773071e-02
1.004777431488037109e+00 1.423817127943038940e-01 5.007269382476806641e-01
1.044343948364257812e+00 2.472637295722961426e-01 1.610219597816467285e+00
1.288342356681823730e+00 9.848424196243286133e-01 -5.330237746238708496e-01
3.010749816894531250e-01 -5.186116695404052734e-01 -7.080245614051818848e-01
3.534792661666870117e-01 1.674143910408020020e+00 6.276162266731262207e-01
4.374616146087646484e-01 3.620240688323974609e-01 3.166208863258361816e-01
4.590093493461608887e-01 4.364808201789855957e-01 -6.029027327895164490e-02
1.539118528366088867e+00 9.155493974685668945e-01 1.582681894302368164e+00
8.061297535896301270e-01 1.574457764625549316e+00 1.185455322265625000e+00
-6.093099713325500488e-01 -6.850745677947998047e-01 3.143346011638641357e-01
5.088042095303535461e-02 5.077054724097251892e-02 3.029337227344512939e-01
1.034261345863342285e+00 8.008694648742675781e-01 -2.030018270015716553e-01
-6.659904718399047852e-01 5.916801691055297852e-01 1.742039620876312256e-01
2.901574075222015381e-01 2.390738576650619507e-01 -7.574205994606018066e-01
-4.069971964781871065e-06 1.334182024002075195e+00 -7.463145256042480469e-02
-1.074582338333129883e+00 1.834641456604003906e+00 -6.705659627914428711e-01
1.135358691215515137e+00 4.782436788082122803e-01 1.975105255842208862e-01
-1.159901976585388184e+00 6.648424267768859863e-01 -7.254456877708435059e-01
1.801230430603027344e+00 1.599758148193359375e+00 2.483776509761810303e-01
-5.624944567680358887e-01 -7.767033576965332031e-01 -8.688190579414367676e-02
-4.356200098991394043e-01 -4.929353892803192139e-01 6.305691003799438477e-01
-1.536604464054107666e-01 -8.251582831144332886e-02 -3.885267972946166992e-01
5.923910066485404968e-02 4.282191693782806396e-01 1.330198496580123901e-01
3.687170520424842834e-02 9.423118233680725098e-01 6.214002370834350586e-01
3.953569531440734863e-01 2.016653537750244141e+00 6.213136315345764160e-01
3.102808296680450439e-01 -1.317638903856277466e-01 -1.054571270942687988e+00
1.668147929012775421e-02 8.743892312049865723e-01 -6.026864647865295410e-01
-1.184159755706787109e+00 6.161831021308898926e-01 -1.222655698657035828e-01
7.053532600402832031e-01 9.076139926910400391e-01 1.483474373817443848e-01
1.136376857757568359e+00 3.282604515552520752e-01 -3.047942519187927246e-01
7.696918845176696777e-01 1.244482874870300293e+00 1.623357236385345459e-01
9.854228496551513672e-01 1.556605458259582520e+00 1.347509503364562988e+00
-8.705832362174987793e-01 8.709473013877868652e-01 7.176042795181274414e-01
8.519447445869445801e-01 -6.051754951477050781e-01 1.189893007278442383e+00
1.549624919891357422e+00 8.947644829750061035e-01 -5.481648445129394531e-01
1.620330810546875000e+00 7.447469234466552734e-01 -6.865395307540893555e-01
1.657382130622863770e+00 5.404341816902160645e-01 -8.042429685592651367e-01
4.723845422267913818e-01 2.651393413543701172e+00 4.759862422943115234e-01
-9.468261897563934326e-02 4.003257304430007935e-02 -7.285524010658264160e-01
1.241468667984008789e+00 -2.752369642257690430e-01 -9.558642506599426270e-01
2.117345333099365234e+00 -1.129783987998962402e+00 9.124708920717239380e-02
-3.699730336666107178e-01 1.841242671012878418e+00 6.399709582328796387e-01
1.616109132766723633e+00 1.219868183135986328e+00 -3.951632380485534668e-01
1.686015725135803223e+00 1.037188410758972168e+00 -5.441063046455383301e-01
1.612861633300781250e+00 5.391377806663513184e-01 -1.037493228912353516e+00
1.424270033836364746e+00 7.350486516952514648e-01 -9.057251214981079102e-01
1.256093144416809082e+00 -7.733538746833801270e-01 7.641703486442565918e-01
1.879947781562805176e+00 -9.940969944000244141e-01 -1.178603470325469971e-01
8.728484809398651123e-02 1.541339516639709473e+00 -2.643457949161529541e-01
-8.287079632282257080e-02 1.883158326148986816e+00 -2.149305492639541626e-01
1.298961877822875977e+00 5.388193726539611816e-01 2.007194049656391144e-02
-3.754877746105194092e-01 -8.389623165130615234e-01 5.546621680259704590e-01
1.803163170814514160e+00 -6.331378221511840820e-01 -8.610586524009704590e-01
-7.292961329221725464e-02 1.068238973617553711e+00 1.108448505401611328e+00
3.834811747074127197e-01 8.749336004257202148e-01 7.587733864784240723e-01
1.843024969100952148e+00 1.095816373825073242e+00 -3.634957671165466309e-01
6.894110441207885742e-01 -2.214752197265625000e+00 -3.259805440902709961e-01
-1.284248709678649902e+00 1.444278657436370850e-01 -4.234007298946380615e-01
1.624302715063095093e-01 8.039020895957946777e-01 -6.371212750673294067e-02
6.404131650924682617e-01 -2.275239706039428711e+00 1.898562312126159668e+00
2.101152896881103516e+00 2.440891116857528687e-01 -6.224583983421325684e-01
2.297055959701538086e+00 6.207360029220581055e-01 -1.792636662721633911e-01
7.384822368621826172e-01 5.835986137390136719e-01 -4.231094121932983398e-01
1.495825171470642090e+00 1.371460556983947754e+00 1.220509529113769531e+00
9.045143127441406250e-01 2.040796518325805664e+00 3.625845164060592651e-02
1.399784564971923828e+00 1.431880235671997070e+00 -1.785109788179397583e-01
-1.962916135787963867e+00 1.698619961738586426e+00 2.417698651552200317e-01
-7.040396928787231445e-01 2.135545969009399414e+00 3.710705786943435669e-02
-2.910669445991516113e-01 1.312134385108947754e+00 -9.205196797847747803e-02
1.779545903205871582e+00 1.884238570928573608e-01 -5.797367691993713379e-01
1.188561797142028809e+00 -9.731364250183105469e-01 5.233221650123596191e-01
-6.722106039524078369e-02 4.430414140224456787e-01 -6.546295434236526489e-02
1.464468955993652344e+00 -4.290988147258758545e-01 -1.050233483314514160e+00
1.852486848831176758e+00 4.856719076633453369e-02 6.382756233215332031e-01
4.593326151371002197e-01 5.665912032127380371e-01 -6.474972367286682129e-01
-1.251352310180664062e+00 -7.521668076515197754e-01 -3.835152387619018555e-01
4.296454191207885742e-01 1.583669707179069519e-02 1.107696071267127991e-02
2.860704660415649414e-01 1.472432911396026611e-01 -9.894529581069946289e-01
1.147860765457153320e+00 1.485476732254028320e+00 -5.702917929738759995e-03
8.057661056518554688e-01 7.995449751615524292e-02 -1.303635001182556152e+00
3.787029087543487549e-01 8.116591572761535645e-01 -1.626843363046646118e-01
1.404419422149658203e+00 -1.470434963703155518e-01 -1.201218724250793457e+00
1.884489178657531738e+00 4.332928359508514404e-01 4.439020529389381409e-02
2.922489643096923828e-01 -1.591757498681545258e-02 6.373699754476547241e-02
1.463528990745544434e+00 5.456669330596923828e-01 -1.091200113296508789e+00
6.438893079757690430e-01 1.385399818420410156e+00 7.079799175262451172e-01
9.186389297246932983e-02 4.331188797950744629e-01 -8.810973763465881348e-01
-8.130106329917907715e-02 -6.150072216987609863e-01 1.403159379959106445e+00
-1.184435263276100159e-01 -2.812448143959045410e-01 -1.277959704399108887e+00
-4.630074799060821533e-01 -1.132760405540466309e+00 1.033406630158424377e-01
-2.763846218585968018e-01 -4.262372553348541260e-01 -4.601823389530181885e-01
1.124168515205383301e+00 9.663169085979461670e-02 -1.011670231819152832e+00
4.902798831462860107e-01 1.858863353729248047e+00 -3.241006135940551758e-01
-1.638418197631835938e+00 -1.202288269996643066e-01 -1.574569940567016602e-01
-1.626623123884201050e-01 1.686056852340698242e+00 -1.341074556112289429e-01
1.760026335716247559e+00 4.258380830287933350e-01 1.549688458442687988e+00
-6.015936732292175293e-01 1.363299131393432617e+00 8.039937615394592285e-01
1.413375496864318848e+00 5.872731208801269531e-01 -2.387561947107315063e-01
-1.083866879343986511e-01 8.976590633392333984e-01 -1.469043642282485962e-01
3.338434696197509766e+00 -4.775561392307281494e-02 1.252251505851745605e+00
-1.660654544830322266e-01 -5.919212698936462402e-01 8.848553895950317383e-01
-1.725182682275772095e-01 2.205607146024703979e-01 5.539166331291198730e-01
1.177226662635803223e+00 5.442747473716735840e-01 -5.486322194337844849e-02
2.082667201757431030e-01 6.610895991325378418e-01 -4.786443114280700684e-01
7.533748149871826172e-01 9.504166245460510254e-01 -5.910146236419677734e-01
6.046482920646667480e-01 -5.829035863280296326e-02 7.459675669670104980e-01
-9.081228375434875488e-01 6.979159116744995117e-01 1.454506158828735352e+00
1.122319579124450684e+00 3.703667819499969482e-01 1.862995922565460205e-01
-1.608834713697433472e-01 2.157357931137084961e+00 1.131192594766616821e-01
7.382317781448364258e-01 1.067635059356689453e+00 -3.951015472412109375e-01
1.231315493583679199e+00 2.275107195600867271e-03 2.158145159482955933e-01
1.263634920120239258e+00 2.859611213207244873e-01 5.674170255661010742e-01
2.052119970321655273e+00 1.057771325111389160e+00 -7.972547411918640137e-01
2.084662675857543945e+00 1.061386585235595703e+00 -7.335699796676635742e-01
3.561314344406127930e-01 -2.706492245197296143e-01 -1.761282920837402344e+00
1.512861013412475586e+00 1.281021475791931152e+00 1.147479176521301270e+00
7.963013052940368652e-01 1.543053030967712402e+00 4.703883826732635498e-01
1.512164771556854248e-01 2.652379870414733887e-01 -6.820511817932128906e-01
8.727011829614639282e-02 1.520653605461120605e+00 3.816533684730529785e-01
5.201820731163024902e-01 7.021555900573730469e-01 1.507047414779663086e-01
9.382256865501403809e-01 6.228967905044555664e-01 1.418184638023376465e-01
8.973745107650756836e-01 9.121981263160705566e-01 2.616599202156066895e-01
2.410804986953735352e+00 1.381191372871398926e+00 -2.011759132146835327e-01
1.589371442794799805e+00 2.296079397201538086e+00 3.701571524143218994e-01
-4.008420929312705994e-02 2.447791099548339844e-01 8.804053068161010742e-01
1.968582272529602051e+00 6.088886260986328125e-01 -2.130342721939086914e+00
1.835520744323730469e+00 1.897714018821716309e+00 1.667126566171646118e-01
1.118044018745422363e+00 -7.336080074310302734e-01 1.397522330284118652e+00
3.807537257671356201e-01 7.942619919776916504e-01 8.569067120552062988e-01
-1.706882476806640625e+00 -1.087289452552795410e+00 -3.402579724788665771e-01
1.344013929367065430e+00 4.013207852840423584e-01 -8.038223981857299805e-01
-5.746435523033142090e-01 -1.452058076858520508e+00 -9.659249782562255859e-01
2.117649018764495850e-01 1.364037275314331055e+00 -1.411067992448806763e-01
1.199114799499511719e+00 2.150163054466247559e-01 -1.026084065437316895e+00
1.248970985412597656e+00 -9.231911301612854004e-01 -7.699032127857208252e-02
1.359097599983215332e+00 2.271918356418609619e-01 -7.739407420158386230e-01
1.319884181022644043e+00 2.583546936511993408e-01 -7.365983724594116211e-01
1.403136968612670898e+00 2.773421406745910645e-01 -6.304342150688171387e-01
1.168864130973815918e+00 1.254369735717773438e+00 -7.272127866744995117e-01
1.595538496971130371e+00 4.115551710128784180e-01 -1.294681549072265625e+00
8.670015931129455566e-01 1.975425630807876587e-01 -1.126988410949707031e+00
-1.210824370384216309e+00 5.561284720897674561e-02 -3.417435884475708008e-01
4.782241880893707275e-01 1.205591678619384766e+00 9.772849082946777344e-01
1.483155131340026855e+00 1.580753803253173828e+00 6.831709146499633789e-01
1.760759592056274414e+00 8.190947771072387695e-01 -7.661406397819519043e-01
-7.907993197441101074e-01 -1.946070790290832520e+00 1.506015181541442871e+00
6.402934193611145020e-01 -3.564171791076660156e-01 -5.755519866943359375e-01
1.056058883666992188e+00 1.745723962783813477e+00 3.699103295803070068e-01
8.143982291221618652e-01 1.311804771423339844e+00 -6.461012959480285645e-01
-1.272528648376464844e+00 -6.902418732643127441e-01 5.908051878213882446e-02
1.241549611091613770e+00 -8.628377914428710938e-01 -1.159011721611022949e+00
5.559299588203430176e-01 -2.368339300155639648e-01 -1.791199892759323120e-01
1.014040589332580566e+00 4.503884613513946533e-01 -5.967411994934082031e-01
-6.060751676559448242e-01 2.648193538188934326e-01 -1.124750494956970215e+00
-5.448411703109741211e-01 1.178780674934387207e+00 -3.470331728458404541e-01
1.534954190254211426e+00 1.520946860313415527e+00 -8.466348648071289062e-01
1.209743916988372803e-01 -9.587928652763366699e-02 -7.446556687355041504e-01
3.140718936920166016e-01 -8.767557144165039062e-01 -4.154223203659057617e-01
1.612689614295959473e+00 1.407893061637878418e+00 -9.376564025878906250e-01
9.483617544174194336e-01 9.454922676086425781e-01 4.692882895469665527e-01
1.424785852432250977e+00 -1.876019388437271118e-01 -1.077917098999023438e+00
4.829942286014556885e-01 5.641290545463562012e-01 -7.507150769233703613e-01
8.525543808937072754e-01 -8.103847503662109375e-01 1.358119130134582520e+00
-7.093394994735717773e-01 1.513950347900390625e+00 -1.251661777496337891e+00
4.275871813297271729e-01 -4.633982777595520020e-01 -2.601552009582519531e-01
1.102439522743225098e+00 -4.128780066967010498e-01 -3.910646736621856689e-01
7.400608062744140625e-01 -5.978122949600219727e-01 -5.338444709777832031e-01
7.393354177474975586e-01 -3.745929300785064697e-01 -7.461882829666137695e-01
-1.455579996109008789e+00 1.334147095680236816e+00 -1.806466132402420044e-01
-1.499552279710769653e-01 1.677260994911193848e-01 -1.040508747100830078e+00
9.789003729820251465e-01 5.678331255912780762e-01 5.622475221753120422e-02
1.314052343368530273e+00 5.994886159896850586e-01 -3.529783785343170166e-01
7.132112979888916016e-01 -4.175825417041778564e-01 -1.020058751106262207e+00
8.082630038261413574e-01 -1.000580430030822754e+00 6.549345850944519043e-01
-2.791914343833923340e-01 -1.809128522872924805e-01 -4.552983641624450684e-01
9.823545217514038086e-01 -1.164146423339843750e+00 2.213689237833023071e-01
-4.429833292961120605e-01 -1.169091090559959412e-02 -1.134205698966979980e+00
-1.549353241920471191e+00 5.520762801170349121e-01 8.410120606422424316e-01
-1.567100882530212402e+00 2.247167348861694336e+00 -3.201036751270294189e-01
6.153930723667144775e-02 -2.911592647433280945e-02 6.306799054145812988e-01
4.436673820018768311e-01 1.373774409294128418e-01 1.426998257637023926e+00
3.208756744861602783e-01 -1.130932927131652832e+00 1.342702627182006836e+00
4.430428743362426758e-01 2.740063965320587158e-01 -6.499910354614257812e-01
-4.063984453678131104e-01 -8.427149057388305664e-01 -1.060283899307250977e+00
8.677023649215698242e-01 -5.175922513008117676e-01 -1.032663345336914062e+00
1.155992388725280762e+00 -3.241164088249206543e-01 3.467254936695098877e-01
-5.770432949066162109e-01 1.022192478179931641e+00 1.018702268600463867e+00
1.784122586250305176e+00 5.078325271606445312e-01 -5.073186755180358887e-01
1.181414484977722168e+00 -9.645582437515258789e-01 5.677966475486755371e-01
1.848465561866760254e+00 1.360139727592468262e+00 -1.850023567676544189e-01
1.849563479423522949e+00 1.416343569755554199e+00 -1.375105381011962891e-01
2.100086450576782227e+00 1.459775686264038086e+00 -1.182821765542030334e-01
3.273042142391204834e-01 2.103750258684158325e-01 -3.568027913570404053e-01
1.713702201843261719e+00 1.677901268005371094e+00 -2.290221117436885834e-02
3.913586139678955078e-01 1.244283437728881836e+00 -4.928309842944145203e-02
5.229545831680297852e-01 8.742630481719970703e-01 1.156770363450050354e-01
2.195863962173461914e+00 2.107066959142684937e-01 -5.188913345336914062e-01
9.048216938972473145e-01 6.094241738319396973e-01 -1.000135779380798340e+00
8.878141641616821289e-01 1.283933997154235840e+00 -5.057224631309509277e-01
7.998709678649902344e-01 8.094132542610168457e-01 -8.510517477989196777e-01
1.965409517288208008e+00 1.148823261260986328e+00 -2.315206378698348999e-01
1.390136241912841797e+00 1.153711795806884766e+00 2.955566942691802979e-01
1.479477167129516602e+00 1.340880990028381348e+00 6.028580665588378906e-01
1.374449253082275391e+00 1.404238581657409668e+00 5.603254437446594238e-01
2.508279681205749512e-01 1.475790619850158691e+00 -4.459131658077239990e-01
3.106171488761901855e-01 -3.093338906764984131e-01 -1.187818050384521484e+00
7.519671320915222168e-01 4.160794913768768311e-01 8.842934966087341309e-01
-7.137528061866760254e-01 -6.372603774070739746e-01 6.340941190719604492e-01
3.328157067298889160e-01 1.205160498619079590e+00 5.385430455207824707e-01
1.837660670280456543e+00 -7.075453996658325195e-01 -3.633027970790863037e-01
7.740487456321716309e-01 -1.459521204233169556e-01 -3.883736431598663330e-01
-1.391017079353332520e+00 -4.729730784893035889e-01 4.848429560661315918e-01
1.778347492218017578e+00 1.715995073318481445e+00 -2.455094307661056519e-01
1.411148071289062500e+00 6.287395954132080078e-01 1.160264968872070312e+00
1.104269742965698242e+00 -4.372214972972869873e-01 5.445967316627502441e-01
1.693094134330749512e+00 -2.885839045047760010e-01 1.226987957954406738e+00
-7.042549252510070801e-01 1.759094357490539551e+00 -3.508436381816864014e-01
2.480582237243652344e+00 1.448605895042419434e+00 -3.432585000991821289e-01
2.150822401046752930e+00 1.860270857810974121e+00 -7.322853058576583862e-02
1.326655626296997070e+00 6.692531108856201172e-01 -7.803959250450134277e-01
1.321500301361083984e+00 4.337205588817596436e-01 6.931049823760986328e-01
1.723620444536209106e-01 1.193036675453186035e+00 2.690081251785159111e-03
6.836771965026855469e-03 1.666759014129638672e+00 2.864003479480743408e-01
2.214220285415649414e+00 -7.931207418441772461e-01 -1.481784820556640625e+00
6.025043725967407227e-01 7.103548198938369751e-02 2.075688600540161133e+00
-1.053877845406532288e-01 -7.452993839979171753e-02 -9.402326941490173340e-01
5.526924729347229004e-01 8.012520074844360352e-01 -6.918416023254394531e-01
2.365641355514526367e+00 1.074654579162597656e+00 -2.292724512517452240e-02
1.540140628814697266e+00 1.131707429885864258e+00 -6.530470252037048340e-01
1.058520674705505371e+00 2.091429710388183594e+00 5.945837870240211487e-02
-2.367198318243026733e-01 1.411678433418273926e+00 1.346125155687332153e-01
5.434062480926513672e-01 5.554893612861633301e-01 -4.865069687366485596e-01
1.203872203826904297e+00 4.526052251458168030e-02 2.737707197666168213e-01
-4.385671019554138184e-02 6.205976009368896484e-01 8.523265123367309570e-01
-1.145992875099182129e+00 1.093721151351928711e+00 -1.748177036643028259e-02
-1.026152610778808594e+00 -5.012522339820861816e-01 -7.969573736190795898e-01
1.379788398742675781e+00 -1.108953833580017090e+00 -5.371167659759521484e-01
6.296971440315246582e-01 6.630194187164306641e-01 8.312917947769165039e-01
1.745626330375671387e+00 1.337500095367431641e+00 -2.496357113122940063e-01
4.555456936359405518e-01 1.648502796888351440e-01 -8.855680227279663086e-01
1.184484362602233887e+00 -4.013934731483459473e-01 8.061690330505371094e-01
3.304556012153625488e-01 2.122033834457397461e+00 1.392372846603393555e+00
1.415835618972778320e+00 9.534873962402343750e-01 -9.365779161453247070e-01
1.570435047149658203e+00 9.688489884138107300e-02 -8.881717920303344727e-01
1.827237963676452637e+00 5.308905243873596191e-01 -1.164880275726318359e+00
1.398372769355773926e+00 7.721885442733764648e-01 -8.323188424110412598e-01
3.926090002059936523e-01 9.727458953857421875e-01 -5.378738045692443848e-01
-6.187844872474670410e-01 1.813558578491210938e+00 6.297655105590820312e-01
5.505891442298889160e-01 3.119781613349914551e-01 2.401036262512207031e+00
1.817011475563049316e+00 8.988231420516967773e-01 -1.034440025687217712e-01
1.306403517723083496e+00 8.759444355964660645e-01 -6.560577750205993652e-01
1.473080992698669434e+00 2.900126278400421143e-01 -1.327805161476135254e+00
6.864745616912841797e-01 9.892571568489074707e-01 -7.043083906173706055e-01
1.729084998369216919e-01 1.639756679534912109e+00 -6.771719455718994141e-02
-1.242422699928283691e+00 1.016901731491088867e+00 1.503820419311523438e-01
3.815472722053527832e-01 -2.725917994976043701e-01 -1.257626533508300781e+00
9.928424954414367676e-01 4.560866355895996094e-01 1.228865981101989746e+00
-3.110696077346801758e-01 -3.804594874382019043e-01 -1.188592016696929932e-01
7.125828862190246582e-01 1.046669125556945801e+00 -2.373342275619506836e+00
1.776081919670104980e+00 -4.821112155914306641e-01 2.520654201507568359e-01
-4.379307478666305542e-02 4.667655825614929199e-01 -5.054666846990585327e-02
1.028041005134582520e+00 -1.517171621322631836e+00 -6.904675811529159546e-02
-1.310758113861083984e+00 -1.189717292785644531e+00 -5.386629104614257812e-01
-1.333174467086791992e+00 -1.044987201690673828e+00 1.825277805328369141e+00
-1.268757283687591553e-01 -1.431545495986938477e+00 -5.670691132545471191e-01
2.654134750366210938e+00 1.269331574440002441e+00 2.411410361528396606e-01
2.496211528778076172e+00 1.238228917121887207e+00 3.453247845172882080e-01
2.506690263748168945e+00 1.299599885940551758e+00 3.978558480739593506e-01
-1.275220513343811035e+00 5.059416294097900391e-01 -2.852206826210021973e-01
-4.523595273494720459e-01 7.005443572998046875e-01 -4.500526785850524902e-01
7.641405463218688965e-01 -5.375908017158508301e-01 -3.936646282672882080e-01
-7.664260864257812500e-01 4.239043295383453369e-01 -8.352581262588500977e-01
1.414843350648880005e-01 -8.491107821464538574e-01 -1.216721653938293457e+00
1.273590207099914551e+00 -1.556481838226318359e+00 -2.159841954708099365e-01
9.852662682533264160e-02 -2.299476861953735352e+00 -2.397697448730468750e+00
2.305745124816894531e+00 1.915588617324829102e+00 4.970459938049316406e-01
2.232167005538940430e+00 1.712741136550903320e+00 2.617310881614685059e-01
2.606476306915283203e+00 1.634065747261047363e+00 4.353243410587310791e-01
3.476665914058685303e-01 -1.120575785636901855e+00 2.678377926349639893e-01
2.339341163635253906e+00 1.020453691482543945e+00 5.066663622856140137e-01
6.013142466545104980e-01 -8.813849091529846191e-01 -4.514327645301818848e-02
5.308781266212463379e-01 -6.803460717201232910e-01 -4.401564598083496094e-01
2.636640548706054688e+00 1.077403664588928223e+00 5.395855903625488281e-01
1.503397345542907715e+00 1.688949108123779297e+00 6.679280996322631836e-01
-1.047183752059936523e+00 -2.982330322265625000e-01 -5.437772870063781738e-01
-7.531463503837585449e-01 -4.317472875118255615e-01 -5.633333921432495117e-01
5.717096924781799316e-01 -2.995088994503021240e-01 -2.821868956089019775e-01
8.757059276103973389e-02 -9.524955600500106812e-02 5.074004530906677246e-01
8.567777872085571289e-01 9.693154692649841309e-02 7.464835047721862793e-01
4.783780872821807861e-01 1.522698253393173218e-02 8.416175097227096558e-02
1.500522851943969727e+00 -4.443410933017730713e-01 4.783436655998229980e-01
9.934034943580627441e-01 -6.450272798538208008e-01 1.756998598575592041e-01
1.400920033454895020e+00 -1.708045601844787598e-02 -6.517602503299713135e-02
1.911189317703247070e+00 1.577417969703674316e+00 -1.185902729630470276e-01
2.213298320770263672e+00 1.583812832832336426e+00 -6.845492869615554810e-02
-2.633112967014312744e-01 1.094264030456542969e+00 -5.759443044662475586e-01
4.088709503412246704e-02 -7.597734685987234116e-03 5.418772101402282715e-01
2.140992641448974609e+00 1.520119428634643555e+00 -1.060338690876960754e-01
1.787709593772888184e+00 1.901105284690856934e+00 1.157317236065864563e-01
2.033641338348388672e+00 1.784378290176391602e+00 6.343369930982589722e-02
1.007519125938415527e+00 -1.605951189994812012e+00 -1.918875128030776978e-01
2.238598279654979706e-02 -6.718307733535766602e-01 1.028321146965026855e+00
2.722271531820297241e-02 2.322391420602798462e-02 -1.086029529571533203e+00
1.477303504943847656e+00 7.481923699378967285e-01 -3.288488984107971191e-01
1.610456228256225586e+00 1.115296959877014160e+00 -1.780784130096435547e-01
1.185215830802917480e+00 1.985870242118835449e+00 1.579000949859619141e-01
1.475555181503295898e+00 1.243104219436645508e+00 -4.061265587806701660e-01
1.473044514656066895e+00 1.334044814109802246e+00 -2.462148219347000122e-01
1.610280871391296387e+00 9.912441968917846680e-01 -4.929850101470947266e-01
1.401016116142272949e+00 1.387488484382629395e+00 -3.679635822772979736e-01
1.535768389701843262e+00 1.275843501091003418e+00 -1.948584020137786865e-01
5.531314611434936523e-01 3.988282084465026855e-01 -2.489236742258071899e-01
-6.725947856903076172e-01 5.215164646506309509e-02 -5.564594268798828125e-01
5.678921341896057129e-01 5.578686017543077469e-03 -1.515208244323730469e+00
-1.003283783793449402e-01 1.384329319000244141e+00 -2.182585448026657104e-01
-1.003052949905395508e+00 9.631982445716857910e-02 5.158784985542297363e-01
2.257094383239746094e+00 1.298997253179550171e-01 -9.122749567031860352e-01
2.074513912200927734e+00 3.299550712108612061e-01 -8.166453242301940918e-01
2.131859302520751953e+00 3.086196482181549072e-01 -7.832175493240356445e-01
2.216093540191650391e+00 1.569429486989974976e-01 -7.864870429039001465e-01
2.355822324752807617e+00 -8.487418293952941895e-03 -7.859773635864257812e-01
2.155493021011352539e+00 8.527263998985290527e-02 -7.233345508575439453e-01
2.547469377517700195e+00 2.224970310926437378e-01 -3.424169123172760010e-02
-6.478413194417953491e-02 1.461948990821838379e+00 5.702196955680847168e-01
-4.460941553115844727e-01 7.319793850183486938e-02 -9.653834104537963867e-01
-2.062084376811981201e-01 -5.803583860397338867e-01 2.168972790241241455e-01
-4.296475946903228760e-01 -4.992054700851440430e-01 9.353470206260681152e-01
4.532670974731445312e-01 -2.102615684270858765e-01 4.312143623828887939e-01
-1.063520312309265137e+00 -1.596946418285369873e-01 1.066831871867179871e-01
