3.481442928314208984e-01
1.836464881896972656e+00
-4.186734855175018311e-01
-9.432928636670112610e-03
3.081482410430908203e+00
1.061500430107116699e+00
1.098809242248535156e+00
6.253883838653564453e-01
4.091327190399169922e-01
9.312913894653320312e+00
3.117721080780029297e+00
5.344830036163330078e+00
1.861951351165771484e+00
2.005700111389160156e+00
-3.844619095325469971e-01
3.208022415637969971e-01
3.932587206363677979e-01
4.204821586608886719e+00
2.897246122360229492e+00
-5.894969105720520020e-01
-1.305345594882965088e-01
-1.235857605934143066e+00
5.591003417968750000e+00
4.017500400543212891e+00
3.484359741210937500e+00
3.017852306365966797e+00
1.971887111663818359e+00
5.728565454483032227e-01
1.031643390655517578e+00
-1.544801831245422363e+00
1.071355819702148438e+00
-3.795364201068878174e-01
-6.845791637897491455e-02
-1.307361125946044922e+00
-2.914765775203704834e-01
1.444647163152694702e-01
-6.497400999069213867e-01
3.037175416946411133e+00
3.739537239074707031e+00
3.623822033405303955e-01
2.508848667144775391e+00
2.642519950866699219e+00
4.540343284606933594e+00
3.525291383266448975e-01
-5.749024748802185059e-01
-1.352060317993164062e+00
1.666480302810668945e+00
2.559253692626953125e+00
1.693657159805297852e+00
-6.483445167541503906e-01
-1.200808167457580566e+00
-3.569422289729118347e-02
-1.014488577842712402e+00
-6.823665499687194824e-01
-1.168076097965240479e-01
1.135549768805503845e-01
1.397548615932464600e-01
-9.902641773223876953e-01
8.883067131042480469e+00
8.884176254272460938e+00
8.882006645202636719e+00
8.764339447021484375e+00
8.775822639465332031e+00
6.440917968750000000e+00
7.517362594604492188e+00
4.708441734313964844e+00
4.752363681793212891e+00
8.472198843955993652e-01
1.421286940574645996e+00
3.080673456192016602e+00
3.061524391174316406e+00
6.820033073425292969e+00
6.130962371826171875e+00
4.283411502838134766e+00
6.065651893615722656e+00
1.989624857902526855e+00
3.386210203170776367e+00
3.913982391357421875e+00
2.008759260177612305e+00
7.028641104698181152e-01
7.034957885742187500e+00
7.544816493988037109e+00
2.182451009750366211e+00
8.439319729804992676e-01
5.840342998504638672e+00
6.074493408203125000e+00
7.815399765968322754e-01
4.440967440605163574e-01
-8.227666616439819336e-01
3.046969771385192871e-01
7.893799781799316406e+00
7.663292407989501953e+00
1.472741007804870605e+00
6.229364871978759766e-01
7.256003022193908691e-01
3.136869430541992188e+00
4.877932667732238770e-01
2.111690521240234375e+00
4.980429172515869141e+00
2.224744796752929688e+00
6.491170883178710938e+00
6.789780616760253906e+00
7.834449768066406250e+00
8.360623359680175781e+00
5.790503025054931641e+00
6.008443355560302734e+00
8.074386596679687500e+00
7.249057292938232422e+00
5.500376224517822266e+00
8.219981193542480469e+00
7.971787452697753906e+00
2.748611688613891602e+00
4.114570617675781250e+00
6.509281992912292480e-01
-1.273624300956726074e+00
1.205502986907958984e+00
2.306549072265625000e+00
7.582952022552490234e+00
3.466245412826538086e+00
4.757923603057861328e+00
5.476070404052734375e+00
3.701343238353729248e-01
-2.343287616968154907e-01
-4.398470222949981689e-01
3.166701078414916992e+00
4.309543609619140625e+00
2.692182540893554688e+00
5.014044284820556641e+00
3.967640995979309082e-01
8.003476142883300781e+00
4.664682865142822266e+00
4.844457626342773438e+00
1.525823831558227539e+00
1.791723608970642090e+00
7.138547301292419434e-02
8.163866400718688965e-01
5.439232349395751953e+00
5.284685134887695312e+00
5.811175346374511719e+00
7.503778934478759766e-01
-5.806173086166381836e-01
-1.069815680384635925e-01
6.378435343503952026e-02
9.749084711074829102e-02
-1.019195556640625000e+00
-3.081388175487518311e-01
7.986345767974853516e+00
1.517990589141845703e+00
4.774379134178161621e-01
3.526764631271362305e+00
1.574674844741821289e+00
1.445268034934997559e+00
-1.483335137367248535e+00
8.186354637145996094e+00
-1.278609186410903931e-01
-1.047393321990966797e+00
-9.277708530426025391e-01
-3.498974144458770752e-01
7.077243804931640625e+00
8.062760353088378906e+00
-8.637134432792663574e-01
6.816934943199157715e-01
2.885510683059692383e+00
2.798417806625366211e+00
-7.812382578849792480e-01
1.414379835128784180e+00
7.233281612396240234e+00
8.162158012390136719e+00
3.089164018630981445e+00
3.687343358993530273e+00
1.556645035743713379e+00
3.553593754768371582e-01
5.080064296722412109e+00
5.021312236785888672e+00
6.822405338287353516e+00
6.896473884582519531e+00
1.568957269191741943e-01
1.898558020591735840e+00
3.163785457611083984e+00
3.304899692535400391e+00
-8.597124367952346802e-02
3.671079576015472412e-01
1.292433857917785645e+00
9.573132991790771484e-01
1.974911570549011230e+00
9.231721878051757812e+00
2.647306442260742188e+00
2.783897161483764648e+00
5.572900176048278809e-01
1.183694481849670410e+00
4.076927006244659424e-01
9.125347733497619629e-01
2.801098108291625977e+00
1.006919860839843750e+00
1.019628643989562988e+00
2.914039134979248047e+00
1.762946724891662598e+00
1.995880603790283203e-01
9.718323349952697754e-01
6.502816081047058105e-01
1.844996772706508636e-02
5.297616124153137207e-01
7.257425785064697266e-01
-4.801289141178131104e-01
1.909593224525451660e+00
2.207786291837692261e-01
-2.491611754521727562e-03
1.064567565917968750e+00
1.057477593421936035e+00
3.982591629028320312e-01
-1.381606578826904297e+00
-1.648346900939941406e+00
1.066559672355651855e+00
7.678978443145751953e-01
-2.049722820520401001e-01
7.165048122406005859e-01
-6.374610215425491333e-02
1.145364284515380859e+00
2.622460722923278809e-01
-5.322877168655395508e-01
-6.948683261871337891e-01
-1.911239385604858398e+00
-9.024769812822341919e-02
9.185054779052734375e+00
9.181937217712402344e+00
5.374491214752197266e+00
-3.876236081123352051e-01
-6.766152977943420410e-01
-5.905171632766723633e-01
-3.689317405223846436e-01
1.081867575645446777e+00
9.691079854965209961e-01
4.599625110626220703e+00
-1.144031155854463577e-02
-7.903396487236022949e-01
2.382006883621215820e+00
3.058708429336547852e+00
1.499059915542602539e+00
1.063241243362426758e+00
1.322965025901794434e+00
3.869171440601348877e-01
7.310820221900939941e-01
1.231463193893432617e+00
1.000528097152709961e+00
2.873878002166748047e+00
1.550448894500732422e+00
6.764762997627258301e-01
3.032056331634521484e+00
2.942586421966552734e+00
2.692474603652954102e+00
6.354829072952270508e-01
5.814099311828613281e-01
1.349337339401245117e+00
-8.788353800773620605e-01
2.060892105102539062e+00
1.612525224685668945e+00
-5.864577889442443848e-01
1.601052641868591309e+00
-1.091763615608215332e+00
3.413517177104949951e-01
2.495900869369506836e+00
2.267725944519042969e+00
2.323110103607177734e+00
2.194926977157592773e+00
2.135345041751861572e-01
1.183637380599975586e+00
-8.979077339172363281e-01
8.287102699279785156e+00
8.693849563598632812e+00
4.455969333648681641e+00
4.527158737182617188e+00
9.382711648941040039e-01
1.146127700805664062e+00
-1.157020092010498047e+00
7.783209681510925293e-01
8.299987792968750000e+00
7.320676803588867188e+00
3.859736919403076172e+00
4.374783039093017578e+00
2.332716703414916992e+00
1.062367439270019531e+00
2.526813268661499023e+00
4.187578678131103516e+00
8.405398368835449219e+00
3.067840635776519775e-01
9.211552143096923828e-01
2.410205125808715820e+00
2.026751518249511719e+00
3.904812812805175781e+00
1.192781329154968262e+00
1.040963292121887207e+00
-1.916381478309631348e+00
9.127095341682434082e-01
2.293263435363769531e+00
2.035546064376831055e+00
1.388325929641723633e+00
2.422831535339355469e+00
4.789815425872802734e+00
3.263315677642822266e+00
6.077532172203063965e-01
-1.724324345588684082e+00
4.348042905330657959e-01
2.759900093078613281e+00
9.715768694877624512e-01
7.654878497123718262e-01
1.923949956893920898e+00
1.064506053924560547e+00
1.069695234298706055e+00
-4.525668621063232422e-01
9.581806659698486328e-01
1.051884770393371582e+00
2.335138320922851562e+00
-2.121768295764923096e-01
1.865854263305664062e+00
4.039817810058593750e+00
2.664107084274291992e+00
-1.076496124267578125e+00
5.445560932159423828e+00
1.750313878059387207e+00
1.438859224319458008e+00
1.940298557281494141e+00
-3.865690231323242188e-01
-5.591394901275634766e-01
-1.727546334266662598e+00
3.567288160324096680e+00
9.696001410484313965e-01
1.524632573127746582e-01
-7.285200357437133789e-01
4.508238136768341064e-01
-1.449170410633087158e-01
-1.324115276336669922e+00
1.392185926437377930e+00
6.281523704528808594e-01
-2.982009947299957275e-01
6.614701747894287109e-01
2.341064214706420898e+00
8.961720466613769531e-01
7.081987857818603516e-01
-3.832342028617858887e-01
-2.151752114295959473e-01
6.762599945068359375e+00
3.272887229919433594e+00
2.105868339538574219e+00
6.750194549560546875e+00
7.022020816802978516e+00
6.051595211029052734e+00
3.828785896301269531e+00
2.387946367263793945e+00
4.363210201263427734e+00
9.934102296829223633e-01
-2.295617580413818359e+00
7.007930874824523926e-01
1.408280730247497559e+00
1.110572814941406250e+00
1.404671072959899902e+00
2.977787733078002930e+00
3.540640354156494141e+00
1.355085849761962891e+00
-1.387397795915603638e-01
2.373792648315429688e+00
8.789858222007751465e-02
1.899814605712890625e+00
-5.175188183784484863e-01
9.096388816833496094e+00
1.984007000923156738e+00
9.440038800239562988e-01
6.182291507720947266e-01
-4.564713835716247559e-01
9.008669853210449219e+00
8.965732574462890625e+00
8.538639068603515625e+00
5.216943264007568359e+00
7.087751388549804688e+00
2.379740476608276367e+00
9.338856339454650879e-01
5.123591516166925430e-03
1.352172136306762695e+00
2.853185892105102539e+00
-9.826853275299072266e-01
1.269040465354919434e+00
2.889017105102539062e+00
1.476275205612182617e+00
3.251073658466339111e-01
9.280979037284851074e-01
2.142134428024291992e+00
1.930021643638610840e+00
1.458323001861572266e+00
1.540678977966308594e+00
7.692262172698974609e+00
-4.627612233161926270e-01
-1.327701568603515625e+00
8.160327911376953125e+00
2.673922538757324219e+00
2.184054136276245117e+00
3.206332445144653320e+00
3.940313458442687988e-01
6.848925948143005371e-01
1.303752303123474121e+00
2.463511973619461060e-01
3.023488044738769531e+00
1.527107119560241699e+00
-2.045062780380249023e+00
-1.613741368055343628e-01
-6.169246435165405273e-01
6.366322040557861328e-01
-9.152633547782897949e-01
6.579021215438842773e-01
4.310247302055358887e-01
-1.043917536735534668e+00
-1.222877979278564453e+00
1.608213186264038086e-01
4.659068584442138672e-01
1.551720499992370605e+00
4.432627558708190918e-01
4.434516429901123047e-01
7.060595154762268066e-01
2.309049814939498901e-01
-1.043698310852050781e+00
6.272877454757690430e-01
9.031673669815063477e-01
-1.936387736350297928e-03
-5.383611917495727539e-01
7.138232707977294922e+00
8.388349533081054688e+00
4.280877113342285156e+00
1.384974569082260132e-01
4.746845722198486328e+00
-4.935016389936208725e-03
3.028241991996765137e-01
1.497430562973022461e+00
1.805016279220581055e+00
2.054769992828369141e+00
2.141023874282836914e+00
8.271843910217285156e+00
4.361803531646728516e+00
5.267894744873046875e+00
5.178645133972167969e+00
-3.516816198825836182e-01
2.374347686767578125e+00
1.457178115844726562e+00
5.641238689422607422e-01
2.106629163026809692e-01
1.847125649452209473e+00
1.415529549121856689e-01
1.060524821281433105e+00
5.586193561553955078e+00
-8.653762191534042358e-02
9.844128042459487915e-02
-2.154319286346435547e-01
1.549697637557983398e+00
4.335248470306396484e+00
5.632949829101562500e+00
2.618315696716308594e+00
1.560753703117370605e+00
7.032668590545654297e-01
1.327101945877075195e+00
1.181913137435913086e+00
1.612940728664398193e-01
1.857520788908004761e-01
-1.036214828491210938e+00
8.897123336791992188e+00
3.863355875015258789e+00
4.800170898437500000e+00
1.220328807830810547e+00
1.404680252075195312e+00
1.446516156196594238e+00
-7.207483053207397461e-02
6.354416012763977051e-01
2.269213676452636719e+00
1.143224477767944336e+00
1.154187083244323730e+00
3.176160097122192383e+00
1.343854665756225586e+00
1.605762958526611328e+00
8.316097855567932129e-01
2.946876525878906250e+00
3.632162094116210938e+00
5.566020488739013672e+00
2.469772815704345703e+00
1.410832762718200684e+00
1.246486306190490723e+00
5.456780195236206055e-01
3.135149180889129639e-01
2.618823051452636719e+00
2.908739566802978516e+00
3.786869049072265625e+00
5.947444438934326172e-01
5.534006357192993164e-01
3.223872482776641846e-01
1.389080524444580078e+00
5.786083340644836426e-01
2.176715582609176636e-01
3.427887260913848877e-01
6.675825715065002441e-01
-1.427581071853637695e+00
7.067112326622009277e-01
-7.509213089942932129e-01
1.022560000419616699e+00
7.980388641357421875e+00
7.287610530853271484e+00
7.688322067260742188e+00
8.099298477172851562e-01
1.457380652427673340e+00
9.851937294006347656e-01
-4.374867081642150879e-01
-3.536076545715332031e-01
6.311704516410827637e-01
1.229773640632629395e+00
6.677773952484130859e+00
7.081716537475585938e+00
6.701430320739746094e+00
1.220745444297790527e+00
3.690475463867187500e+00
9.112301468849182129e-01
2.128554821014404297e+00
4.153945446014404297e+00
2.347946465015411377e-01
1.226844310760498047e+00
-9.034129381179809570e-01
7.697626203298568726e-02
2.065398931503295898e+00
6.832606792449951172e-01
-2.348053455352783203e-01
1.791556835174560547e+00
7.145974040031433105e-01
1.352320313453674316e+00
3.973642826080322266e+00
4.382164478302001953e+00
5.498110055923461914e-01
-1.360369086265563965e+00
3.034480571746826172e+00
3.591136693954467773e+00
3.287722110748291016e+00
-7.490922808647155762e-01
2.312059402465820312e-01
-2.809015810489654541e-01
9.346582293510437012e-01
6.129671096801757812e+00
5.693246841430664062e+00
5.987449169158935547e+00
3.087923049926757812e+00
4.978778362274169922e+00
6.279557228088378906e+00
5.360475063323974609e+00
7.399846315383911133e-01
-1.611054778099060059e+00
5.353447794914245605e-01
1.101442337036132812e+00
5.536287426948547363e-01
5.658571720123291016e+00
4.199863910675048828e+00
4.795010089874267578e+00
4.333323955535888672e+00
3.017539978027343750e+00
5.203981399536132812e+00
1.544431328773498535e+00
-2.151045501232147217e-01
1.318479061126708984e+00
-1.803380995988845825e-01
-2.004070043563842773e+00
-5.906043052673339844e-01
-1.457058548927307129e+00
