2.500421524047851562e+00 -1.351658701896667480e-01 -1.211303353309631348e+00
1.576602220535278320e+00 -4.084336012601852417e-02 -1.176251053810119629e+00
1.484690904617309570e+00 -2.323880940675735474e-01 -7.010253667831420898e-01
-2.620366513729095459e-01 1.854953169822692871e-01 3.095436692237854004e-01
6.554800868034362793e-01 -2.181475609540939331e-01 -2.863731682300567627e-01
1.916648983955383301e+00 -7.676383852958679199e-01 -8.532668352127075195e-01
4.794613122940063477e-01 -1.904596090316772461e-01 -2.959867417812347412e-01
1.554536223411560059e+00 8.428236842155456543e-01 -8.335618376731872559e-01
1.444015026092529297e+00 -1.478157043457031250e+00 -7.997319102287292480e-01
9.508996009826660156e-01 6.330901384353637695e-01 -7.564338445663452148e-01
2.021814823150634766e+00 -9.513998627662658691e-01 -1.023398995399475098e+00
1.477284669876098633e+00 -6.370813846588134766e-01 -7.767819166183471680e-01
1.363348126411437988e+00 -6.252211928367614746e-01 -6.660156250000000000e-01
2.547337770462036133e+00 1.383909136056900024e-01 -1.458717584609985352e+00
2.110221385955810547e+00 -6.333075761795043945e-01 -8.183524608612060547e-01
2.140649080276489258e+00 -5.603585839271545410e-01 -1.369324684143066406e+00
2.188132286071777344e+00 -3.019612729549407959e-01 -1.230378866195678711e+00
-1.074275597929954529e-01 6.917372345924377441e-01 4.561045467853546143e-01
2.232681989669799805e+00 2.351125702261924744e-02 -9.853463768959045410e-01
3.061413288116455078e+00 1.235699057579040527e+00 -1.540497064590454102e+00
1.332937240600585938e+00 -2.570506632328033447e-01 -7.688513398170471191e-01
7.885770797729492188e-01 5.546715855598449707e-02 -8.828203678131103516e-01
1.979227662086486816e+00 -3.654520511627197266e-01 -1.281847238540649414e+00
-7.611611485481262207e-02 -6.503770351409912109e-01 8.369513750076293945e-01
1.146413683891296387e+00 -4.720100015401840210e-02 -5.458701848983764648e-01
3.622505068778991699e-01 1.106690287590026855e+00 -9.104330539703369141e-01
2.173538446426391602e+00 -3.061801493167877197e-01 -1.179668784141540527e+00
2.322648048400878906e+00 -7.003659009933471680e-01 -1.324857831001281738e+00
1.935399055480957031e+00 -5.710082650184631348e-01 -1.008702516555786133e+00
1.994667291641235352e+00 1.876381970942020416e-02 -1.141213059425354004e+00
7.133265137672424316e-01 6.152330040931701660e-01 -9.906936287879943848e-01
1.906349182128906250e+00 -8.836150169372558594e-01 -1.075476050376892090e+00
2.058107137680053711e+00 -5.570054054260253906e-01 -9.572803378105163574e-01
1.799528717994689941e+00 -3.117924928665161133e-01 -1.061235189437866211e+00
1.350803017616271973e+00 -2.062935978174209595e-01 -9.365589618682861328e-01
1.444136869395151734e-04 -1.878709299489855766e-04 -1.689397176960483193e-04
-9.477647393941879272e-02 -2.454072423279285431e-02 -6.292362511157989502e-02
1.924144744873046875e+00 -7.293903231620788574e-01 -8.517326116561889648e-01
1.173073530197143555e+00 -1.415406167507171631e-01 -9.962310791015625000e-01
1.905478596687316895e+00 -7.184643149375915527e-01 -1.248319745063781738e+00
2.578596353530883789e+00 1.089145421981811523e+00 -1.344848036766052246e+00
4.151438474655151367e-01 3.855160772800445557e-01 -6.863622069358825684e-01
9.274253249168395996e-01 -2.135814428329467773e-01 -9.762673974037170410e-01
9.521877765655517578e-01 -4.303048253059387207e-01 -5.884398221969604492e-01
1.558727502822875977e+00 -3.528200984001159668e-01 -9.297845363616943359e-01
2.256644010543823242e+00 -5.085942521691322327e-02 -1.405302643775939941e+00
1.847551107406616211e+00 -5.431177616119384766e-01 -1.162732362747192383e+00
5.258290171623229980e-01 -1.252441763877868652e+00 4.112579524517059326e-01
4.954404234886169434e-01 -1.212999671697616577e-01 -8.145510554313659668e-01
1.052997469902038574e+00 4.232805371284484863e-01 -1.140224933624267578e+00
2.984412431716918945e+00 1.200535058975219727e+00 -1.680855631828308105e+00
2.001220464706420898e+00 -1.056202650070190430e+00 -1.249063491821289062e+00
-4.797562360763549805e-01 8.134431242942810059e-01 -7.978475689888000488e-01
2.345855951309204102e+00 -6.931377053260803223e-01 -1.225296020507812500e+00
9.961099028587341309e-01 1.717629671096801758e+00 -1.246216058731079102e+00
7.718028426170349121e-01 -3.310458362102508545e-01 -9.423576593399047852e-01
1.856214284896850586e+00 -1.812422424554824829e-01 -1.075351595878601074e+00
2.029785662889480591e-01 -7.546158432960510254e-01 4.490159451961517334e-02
2.026865445077419281e-02 -2.301548956893384457e-04 -1.205204892903566360e-02
9.337075352668762207e-01 3.020530939102172852e-01 -8.362731337547302246e-01
1.753347277641296387e+00 -7.618446350097656250e-01 -1.051280617713928223e+00
1.932385802268981934e+00 8.681891858577728271e-02 -9.805059432983398438e-01
9.476314783096313477e-01 8.185752481222152710e-02 -7.927033901214599609e-01
1.717148900032043457e+00 -7.947240471839904785e-01 -9.520412683486938477e-01
1.979930281639099121e+00 -1.108991146087646484e+00 -1.368083953857421875e+00
-8.243716955184936523e-01 9.748773574829101562e-01 -8.215820789337158203e-01
9.782784581184387207e-01 6.614603400230407715e-01 -1.057876944541931152e+00
1.387970566749572754e+00 -3.445478379726409912e-01 -8.905441761016845703e-01
1.191590428352355957e+00 -5.389916896820068359e-01 -9.318324923515319824e-01
1.755174517631530762e+00 -3.288433551788330078e-01 -1.532025694847106934e+00
1.088751196861267090e+00 -4.608690738677978516e-01 -6.194819211959838867e-01
8.359490893781185150e-04 3.196048492100089788e-04 -7.627431768923997879e-04
-7.341227531433105469e-01 1.115428924560546875e+00 -8.983002044260501862e-03
1.572572588920593262e+00 -7.330860495567321777e-01 -9.053818583488464355e-01
1.602890133857727051e+00 -6.278343200683593750e-01 -8.312417268753051758e-01
1.354360283585265279e-04 3.672405000543221831e-05 -1.983921974897384644e-04
1.347453117370605469e+00 -3.511453568935394287e-01 -7.947026491165161133e-01
6.448357701301574707e-01 -3.954903781414031982e-01 -3.713978826999664307e-01
1.075492620468139648e+00 -2.045910619199275970e-02 -8.472801446914672852e-01
1.500684011261910200e-04 -1.954634535650257021e-05 -1.445202360628172755e-04
2.892425358295440674e-01 -1.304684519767761230e+00 -4.922340810298919678e-02
2.376782417297363281e+00 2.027381211519241333e-01 5.529269695281982422e+00
2.327130176126956940e-03 -8.904158021323382854e-04 -2.522925846278667450e-03
1.423270463943481445e+00 -1.136724352836608887e+00 -1.279294371604919434e+00
1.753234028816223145e+00 -6.805442571640014648e-01 -9.975297451019287109e-01
-4.361119645182043314e-04 -5.458810846903361380e-06 1.650280610192567110e-04
2.070928096771240234e+00 -4.256348907947540283e-01 -1.126812934875488281e+00
8.130214363336563110e-02 -1.924272626638412476e-03 -1.790859997272491455e-01
1.231162459589540958e-03 -4.832178456126712263e-05 -1.113444450311362743e-03
7.710837125778198242e-01 7.338187843561172485e-02 -5.899237394332885742e-01
7.360262274742126465e-01 -7.065793126821517944e-02 -5.231969952583312988e-01
1.462436795234680176e+00 -5.019494891166687012e-01 -1.169727087020874023e+00
8.928313618525862694e-04 -6.866980402264744043e-05 -1.425025169737637043e-03
8.337198495864868164e-01 -1.959651522338390350e-02 -1.953217536211013794e-01
7.075846195220947266e-03 -3.847399028018116951e-03 -7.793084252625703812e-03
-1.702062552794814110e-03 3.464417997747659683e-03 4.600781016051769257e-03
8.360679261386394501e-03 -4.589454736560583115e-03 -7.672784384340047836e-03
2.193369530141353607e-02 -9.445655159652233124e-04 -2.049283497035503387e-02
6.546410440932959318e-05 1.498434812674531713e-05 -5.378869173000566661e-05
1.719401479931548238e-04 7.120904774637892842e-05 -1.682490110397338867e-04
2.686710357666015625e-01 1.623013801872730255e-02 -4.819431304931640625e-01
1.532956600189208984e+00 -9.526611566543579102e-01 -1.072530031204223633e+00
9.856545329093933105e-01 7.596872001886367798e-02 -6.802739500999450684e-01
-2.484901342540979385e-04 3.089178935624659061e-04 -2.053510252153500915e-04
-1.076213084161281586e-03 1.993387471884489059e-03 -7.479439955204725266e-04
6.627484108321368694e-04 -2.015879726968705654e-04 -6.503959302790462971e-04
8.849780559539794922e-01 1.757222712039947510e-01 -7.048717737197875977e-01
1.838990449905395508e+00 -4.048886895179748535e-01 -1.060535430908203125e+00
-3.917456567287445068e-01 2.310918569564819336e-01 -2.058471292257308960e-01
-2.929489710368216038e-04 3.029218933079391718e-04 3.001517616212368011e-04
9.314276394434273243e-05 6.521846808027476072e-05 -3.678306529764086008e-05
5.723562208004295826e-05 -4.141714816796593368e-05 -1.787247601896524429e-04
-1.191694378852844238e+00 1.421210169792175293e+00 -6.605281829833984375e-01
2.418538497295230627e-04 -1.756878482410684228e-04 -2.346563705941662192e-04
4.132364690303802490e-01 -5.044926423579454422e-03 -3.844567239284515381e-01
-4.249775956850498915e-04 1.128075877204537392e-03 -2.941200509667396545e-03
1.316259056329727173e-02 -1.275691785849630833e-03 -1.147998496890068054e-02
3.003937308676540852e-05 1.238893673871643841e-05 -2.941807179013267159e-05
8.285968750715255737e-02 -2.621304430067539215e-02 -3.485601246356964111e-01
1.178944855928421021e-02 -7.650686427950859070e-03 -1.086973957717418671e-02
1.118627667427062988e+00 -8.320737481117248535e-01 -8.341476917266845703e-01
2.710787812247872353e-03 -2.000079490244388580e-03 -2.471254672855138779e-03
9.832383511820808053e-05 -1.046841862262226641e-05 -9.375368244946002960e-05
3.353907959535717964e-05 -1.494233856647042558e-06 -3.177423059241846204e-05
1.082799434661865234e+00 -1.217291712760925293e+00 -8.487989902496337891e-01
-8.984559029340744019e-02 1.863518118858337402e+00 -2.349133968353271484e+00
-6.009134813211858273e-05 1.980418528546579182e-05 6.088485679356381297e-05
3.566775470972061157e-03 1.657450571656227112e-03 -3.204453969374299049e-03
1.868600845336914062e+00 6.302985548973083496e-01 -1.136602044105529785e+00
6.545313517563045025e-04 3.104811767116189003e-04 -5.281903431750833988e-04
1.823404312133789062e+00 -9.820975661277770996e-01 -1.029373526573181152e+00
1.829254627227783203e+00 3.284096121788024902e-01 -6.482289433479309082e-01
1.804638188332319260e-03 5.632882472127676010e-03 -6.109990645200014114e-03
1.665938258171081543e+00 -1.201633810997009277e+00 -9.249978065490722656e-01
7.423518598079681396e-02 -4.130286164581775665e-03 -2.839818038046360016e-02
2.491440100129693747e-04 -5.333368972060270607e-05 -1.897986221592873335e-04
1.957917094230651855e+00 -9.820246100425720215e-01 -1.342842698097229004e+00
4.028011798858642578e+00 2.114718675613403320e+00 9.113352775573730469e+00
3.241856116801500320e-03 -2.468940336257219315e-03 -2.460317686200141907e-03
2.263575553894042969e+00 -1.206524491310119629e+00 -2.164998292922973633e+00
1.196391582489013672e+00 -9.615309238433837891e-01 -6.135919094085693359e-01
2.937131881713867188e+00 2.170756608247756958e-01 7.959724903106689453e+00
8.173677325248718262e-01 -5.494130849838256836e-01 -6.390819549560546875e-01
7.742848396301269531e-01 -1.200292229652404785e+00 -7.780636548995971680e-01
5.451099872589111328e-01 1.275243997573852539e+00 -1.155106306076049805e+00
2.347617149353027344e+00 -8.966532945632934570e-01 -1.519331097602844238e+00
-5.278186798095703125e-01 -2.176347017288208008e+00 3.249926269054412842e-01
2.035783052444458008e+00 -1.135919809341430664e+00 -1.959876298904418945e+00
1.747572660446166992e+00 -7.830376029014587402e-01 -1.312209606170654297e+00
1.846974253654479980e+00 -1.092862963676452637e+00 -1.032946467399597168e+00
1.494087696075439453e+00 -8.731609582901000977e-02 -1.581991434097290039e+00
1.900136470794677734e+00 -6.510527133941650391e-01 -1.112489581108093262e+00
1.633088469505310059e+00 -8.994046449661254883e-01 -1.103512287139892578e+00
1.442584488540887833e-02 -1.953464234247803688e-03 -1.261143572628498077e-02
6.454721558839082718e-03 1.830991823226213455e-03 -6.184980273246765137e-03
1.518975019454956055e+00 -2.312168180942535400e-01 -6.006565690040588379e-01
3.188485745340585709e-03 -1.207132008858025074e-04 -2.828500466421246529e-03
1.882600545883178711e+00 -7.396053075790405273e-01 -1.302173972129821777e+00
1.861887931823730469e+00 -8.584876656532287598e-01 -1.535264849662780762e+00
4.462489187717437744e-01 8.196971379220485687e-03 -5.722528100013732910e-01
3.250107634812593460e-03 -4.426185623742640018e-04 -2.872323384508490562e-03
2.984473109245300293e-01 -3.079690784215927124e-02 -1.145688772201538086e+00
1.645056247711181641e+00 -5.528262853622436523e-01 -9.014327526092529297e-01
-4.232091307640075684e-01 6.415190696716308594e-01 -7.265782356262207031e-01
1.180358082056045532e-01 -3.310840204358100891e-02 -1.159942075610160828e-01
1.584308862686157227e+00 -3.232085406780242920e-01 -1.259345293045043945e+00
6.764403224224224687e-06 2.662953920662403107e-05 -6.416702672140672803e-05
4.796696302946656942e-04 -1.467839610995724797e-04 -4.475773603189736605e-04
3.082439675927162170e-02 -4.933309741318225861e-03 -2.061892300844192505e-02
5.183588266372680664e-01 -2.759049646556377411e-02 -3.568142056465148926e-01
8.046919107437133789e-01 -8.785450458526611328e-02 -4.989537000656127930e-01
-2.965783178806304932e-01 1.906723737716674805e+00 -2.127398014068603516e+00
9.005881292978301644e-05 -2.624120679683983326e-04 -1.200165643240325153e-04
-2.899729087948799133e-02 -2.963594198226928711e-01 1.828541234135627747e-02
-9.253798052668571472e-04 2.087609376758337021e-03 1.514363684691488743e-04
1.566420495510101318e-02 -1.080852374434471130e-02 -1.925613358616828918e-02
7.847969420254230499e-03 -2.193671418353915215e-03 -5.824187304824590683e-03
3.335007280111312866e-02 1.613204717636108398e+00 -6.729972958564758301e-01
2.555187419056892395e-02 -2.921469882130622864e-02 -3.318312764167785645e-02
8.166225743480026722e-04 -2.910842304117977619e-04 -2.067650202661752701e-03
4.387252032756805420e-01 -6.297972798347473145e-01 -7.410275936126708984e-01
5.709831714630126953e-01 3.326685726642608643e-02 -9.996005892753601074e-01
1.191882882267236710e-03 -3.869488718919456005e-04 -7.356677087955176830e-04
7.472518086433410645e-01 -1.807902157306671143e-01 -1.193723306059837341e-01
1.113262891769409180e+00 -1.044631674885749817e-01 -5.783040523529052734e-01
2.563329413533210754e-03 -4.403166007250547409e-03 -4.283339250832796097e-03
-2.781057264655828476e-05 2.309077899553813040e-05 -2.003819099627435207e-05
-7.206668378785252571e-04 1.348722609691321850e-03 -5.713021964766085148e-04
3.745832145214080811e-01 -7.760381102561950684e-01 -1.126523539423942566e-01
-2.467815465934108943e-05 2.015637001022696495e-04 -4.109515430172905326e-05
6.924952846020460129e-03 -7.747530937194824219e-03 -1.758444309234619141e-02
5.858879831066587940e-06 5.199515726417303085e-05 -1.150000098277814686e-04
-4.330515861511230469e-01 2.406293869018554688e+00 -5.726432800292968750e-01
-1.149641320807859302e-04 -2.562836743891239166e-04 -3.741361069842241704e-05
1.968923170352354646e-04 -7.970014121383428574e-05 -1.923752570291981101e-04
8.520448803901672363e-01 -9.466233849525451660e-02 -7.635191082954406738e-01
3.955889940261840820e-01 2.022062540054321289e+00 -8.338864445686340332e-01
-3.422812223434448242e-01 2.120615720748901367e+00 -1.060293316841125488e+00
-8.214265108108520508e-04 1.869530999101698399e-03 -4.560025117825716734e-04
1.981720124604180455e-04 2.903772983700037003e-04 -4.359975573606789112e-04
-1.160278439521789551e+00 1.351573705673217773e+00 -3.213467299938201904e-01
1.855763694038614631e-04 -7.554602052550762892e-05 -3.655469918157905340e-04
1.796149183064699173e-03 2.506644523236900568e-04 -1.674675964750349522e-03
-2.970606088638305664e-03 -4.959616926498711109e-04 2.168816863559186459e-04
3.276290954090654850e-05 -7.873169124650303274e-06 -3.218033089069649577e-05
-6.635089084738865495e-05 1.577943476149812341e-05 2.849943712135427631e-06
1.900474308058619499e-05 3.580709380912594497e-05 3.245084371883422136e-05
-4.487017213250510395e-05 4.352245014160871506e-05 -4.283931048121303320e-05
3.145874507026746869e-05 5.021904871682636440e-05 -7.253228250192478299e-05
2.915360964834690094e-04 -1.336951536359265447e-04 -2.958425611723214388e-04
1.085359692573547363e+00 -9.201711416244506836e-01 -1.023399472236633301e+00
1.511204957962036133e+00 -6.685658693313598633e-01 -9.284267425537109375e-01
1.521336793899536133e+00 4.953209161758422852e-01 -8.118041753768920898e-01
-8.546516299247741699e-01 8.136234879493713379e-01 -1.160688877105712891e+00
-3.301892802119255066e-02 1.716398954391479492e+00 -1.435150027275085449e+00
1.942049145698547363e+00 -5.355322957038879395e-01 -1.300871372222900391e+00
5.437171459197998047e-01 -9.169736504554748535e-02 -4.295455515384674072e-01
2.156551361083984375e+00 -5.272701978683471680e-01 -1.246470689773559570e+00
2.343484163284301758e+00 -9.074816703796386719e-01 -1.530136585235595703e+00
1.770921111106872559e+00 -8.157151937484741211e-01 -1.090694308280944824e+00
1.033300995826721191e+00 -1.334238886833190918e+00 -4.603178501129150391e-01
-6.947807669639587402e-01 1.240436792373657227e+00 -1.008933782577514648e+00
1.959509253501892090e+00 -7.701359391212463379e-01 -1.590426683425903320e+00
-3.658254444599151611e-01 1.798452496528625488e+00 -1.279795885086059570e+00
1.755661725997924805e+00 -2.062417119741439819e-01 -8.492628335952758789e-01
1.485117711126804352e-03 -3.974176361225545406e-04 -1.315973117016255856e-03
1.757606369210407138e-04 -9.681177471065893769e-05 -1.358808949589729309e-04
1.921633601188659668e+00 -5.034829378128051758e-01 -1.201610565185546875e+00
9.866466522216796875e-01 -7.020019292831420898e-01 -1.016459345817565918e+00
-7.403461337089538574e-01 9.632324576377868652e-01 -1.280858039855957031e+00
1.229510664939880371e+00 -4.706129133701324463e-01 -5.784721374511718750e-01
1.294494271278381348e+00 -1.289345502853393555e+00 -9.534634351730346680e-01
5.527459084987640381e-03 -1.541959587484598160e-03 -8.161988109350204468e-03
1.518175378441810608e-02 -1.207866426557302475e-02 -1.499905809760093689e-02
4.124392941594123840e-02 -2.361145429313182831e-02 -3.393108025193214417e-02
2.114400863647460938e-01 -4.518201053142547607e-01 -8.418632149696350098e-01
1.781650334596633911e-01 2.783893942832946777e-01 1.984662115573883057e-01
-3.740929067134857178e-02 3.704833611845970154e-02 -5.006993189454078674e-03
1.781071186065673828e+00 -7.255795598030090332e-01 -1.492282986640930176e+00
1.117701888084411621e+00 -7.653135061264038086e-01 -1.125827908515930176e+00
-6.828528046607971191e-01 1.138243436813354492e+00 3.509846925735473633e-01
-1.010167002677917480e+00 1.517459869384765625e+00 -6.733530163764953613e-01
5.849569439888000488e-01 -1.956955939531326294e-01 -5.248561501502990723e-01
7.522451281547546387e-01 -1.222218498587608337e-01 -6.466200351715087891e-01
1.860680580139160156e-01 8.271064758300781250e-01 -1.044944882392883301e+00
1.169628449133597314e-04 -4.834730862057767808e-05 -8.152975351549685001e-05
2.874025702476501465e-02 2.111795097589492798e-01 -2.735304832458496094e-01
8.104626536369323730e-01 -6.267066001892089844e-01 -1.423491239547729492e+00
6.797903776168823242e-01 -1.601162999868392944e-01 -6.893836259841918945e-01
1.218046061694622040e-02 5.355143366614356637e-05 -5.073576793074607849e-02
1.466372865252196789e-03 6.939320592209696770e-04 -5.708247423171997070e-03
5.328684579581022263e-03 -5.847924854606389999e-03 -4.658065736293792725e-03
6.509427330456674099e-04 -4.082486266270279884e-04 -5.434590857475996017e-04
3.327831327915191650e-01 -2.818131633102893829e-02 -8.921727538108825684e-02
-1.092586608137935400e-04 1.616253051906824112e-03 -3.279338823631405830e-03
1.662064692936837673e-03 -2.678572782315313816e-04 -8.558484259992837906e-04
2.464174176566302776e-04 1.978352083824574947e-04 1.649722835281863809e-04
9.126656055450439453e-01 -1.654604822397232056e-01 -1.021951913833618164e+00
2.666508953552693129e-04 -1.875615707831457257e-04 3.532845294103026390e-04
1.932987128384411335e-03 -1.783069572411477566e-03 -1.867710729129612446e-03
-3.235017356928437948e-04 3.621868672780692577e-04 -2.901342850236687809e-05
2.060939371585845947e-02 -2.330205403268337250e-03 -3.142529726028442383e-02
1.997217186726629734e-04 -1.877178583526983857e-04 -1.942857925314456224e-04
3.610226485761813819e-05 -3.322078191558830440e-05 -3.560629920684732497e-05
1.521575093269348145e+00 -2.666490674018859863e-01 -1.209335327148437500e+00
3.029016952496021986e-04 -1.108162687160074711e-04 -3.621932119131088257e-04
2.257710788398981094e-03 -6.126572261564433575e-04 -2.234385814517736435e-03
6.163242086768150330e-02 -1.612087152898311615e-02 -1.007692217826843262e-01
3.562367055565118790e-04 1.691101642791181803e-04 5.087336176075041294e-04
-2.281271008541807532e-06 -2.993474254253669642e-06 -2.886284164560493082e-06
1.755269527435302734e+00 7.938553392887115479e-02 -1.668124675750732422e+00
-8.724117279052734375e-01 8.921387791633605957e-01 -1.167942523956298828e+00
6.045073314453475177e-05 -5.593398236669600010e-05 -1.051931540132500231e-04
-1.551687717437744141e-01 9.340897202491760254e-01 -7.424716949462890625e-01
4.418962635099887848e-05 -3.762574851862154901e-05 -4.173845081822946668e-05
6.787273883819580078e-01 -9.592746198177337646e-02 -7.672438025474548340e-01
-1.423749327659606934e+00 6.133887171745300293e-01 -4.303916692733764648e-01
-1.749272227287292480e+00 7.265515327453613281e-01 1.664630919694900513e-01
-2.142478898167610168e-02 2.635548114776611328e-01 -3.924720734357833862e-02
-9.130210280418395996e-01 1.525694489479064941e+00 -1.286280393600463867e+00
1.248992681503295898e+00 -7.751038670539855957e-02 -6.996181607246398926e-01
4.407123029232025146e-01 -5.657123923301696777e-01 -1.039508223533630371e+00
2.557219715981773334e-07 -2.365733564602123806e-07 -2.516096060389827471e-07
3.558227035682648420e-04 -3.272962349001318216e-04 -3.430272336117923260e-04
3.412030127947218716e-05 -1.387457450618967414e-04 -2.949408371932804585e-05
2.583842069725506008e-05 7.283125160029157996e-05 -4.668102974392240867e-06
1.188631176773924381e-05 1.154681012849323452e-05 -1.158896066044690087e-05
1.639212132431566715e-04 -4.308130519348196685e-05 -1.543040270917117596e-04
9.520843377686105669e-06 1.886127283796668053e-04 5.022744517191313207e-05
2.177937030792236328e+00 -1.034437179565429688e+00 -1.872882127761840820e+00
-1.615960150957107544e-01 -7.458171248435974121e-01 2.989975363016128540e-02
4.006581730209290981e-05 -3.588184335967525840e-05 2.436072691125445999e-06
-9.544149972498416901e-03 4.771960675716400146e-01 -3.870985209941864014e-01
-6.166113507788395509e-06 5.988765678921481594e-06 5.979468369332607836e-06
3.247682980145327747e-05 -2.726187813095748425e-05 -3.209295027772895992e-05
-2.193418768001720309e-04 1.441330532543361187e-04 -9.531033574603497982e-04
4.158943340826226631e-07 -4.112222597996151308e-07 -4.135346500788728008e-07
4.521871960605494678e-05 -4.473992885323241353e-05 -4.481695941649377346e-05
-6.027680356055498123e-04 -6.937742728041484952e-05 -8.733584545552730560e-04
-3.360617483849637210e-06 3.377441998964059167e-06 3.244608478780719452e-06
2.209016233682632446e-01 1.732401251792907715e+00 -6.009899973869323730e-01
-6.262443065643310547e-01 1.543292284011840820e+00 -9.056947827339172363e-01
-9.314886331558227539e-01 1.998157262802124023e+00 -1.010754585266113281e+00
-1.085290074348449707e+00 1.324735522270202637e+00 -1.145803332328796387e+00
4.323315024375915527e-01 3.630665302276611328e+00 -1.142279148101806641e+00
-1.345036864280700684e+00 1.191692352294921875e+00 -8.754876852035522461e-01
-9.827330708503723145e-02 2.799566507339477539e+00 -9.921696782112121582e-01
-5.754613280296325684e-01 1.792214751243591309e+00 -7.838305830955505371e-01
-6.376281976699829102e-01 5.651874542236328125e-01 -1.016732335090637207e+00
-4.714983999729156494e-01 2.801167011260986328e+00 -1.050464034080505371e+00
1.775678843259811401e-01 2.373934984207153320e+00 -5.266181230545043945e-01
-1.490420579910278320e+00 1.499219655990600586e+00 -1.820705056190490723e+00
-9.002908468246459961e-01 1.361737728118896484e+00 2.472387999296188354e-02
-1.473257094621658325e-01 6.794835925102233887e-01 -4.088427126407623291e-02
-9.057335257530212402e-01 2.176700115203857422e+00 -1.355509281158447266e+00
-9.290719754062592983e-05 2.692732086870819330e-04 2.020614629145711660e-04
1.237736269831657410e-01 3.023943424224853516e+00 -8.690426349639892578e-01
-9.038828313350677490e-02 2.467280387878417969e+00 -7.550674080848693848e-01
-7.979038953781127930e-01 2.589399576187133789e+00 -9.499663710594177246e-01
-1.265101484023034573e-03 1.411877688951790333e-03 5.877432995475828648e-04
-8.733605146408081055e-01 1.523171186447143555e+00 -4.563143849372863770e-01
-8.402723073959350586e-02 5.730450749397277832e-01 -3.221636405214667320e-03
-3.979944586753845215e-01 7.481101751327514648e-01 -1.194986775517463684e-01
-6.227389574050903320e-01 1.277009606361389160e+00 3.231464922428131104e-01
-2.519344910979270935e-03 1.321896817535161972e-02 -4.939960781484842300e-03
-7.217954993247985840e-01 1.886284470558166504e+00 -1.555094718933105469e+00
-1.416404545307159424e-02 2.468456141650676727e-02 2.523692091926932335e-03
-1.156850266852416098e-04 2.303535002283751965e-04 1.364854979328811169e-04
-6.649369001388549805e-01 1.449960589408874512e+00 -2.530610375106334686e-02
-7.603996396064758301e-01 1.470111846923828125e+00 -5.062516927719116211e-01
-7.269697263836860657e-03 1.128524355590343475e-02 1.754879136569797993e-03
-1.084687188267707825e-02 1.182218641042709351e-02 5.344214150682091713e-04
-1.774179516360163689e-03 2.171880565583705902e-03 1.221561571583151817e-03
-1.441473432350903749e-04 2.522589347790926695e-04 -1.329133956460282207e-04
-3.072377108037471771e-02 2.399448394775390625e+00 -5.800066590309143066e-01
1.750324590830132365e-04 4.753415996674448252e-04 3.410734643694013357e-04
-3.282948136329650879e-01 1.912957429885864258e+00 6.541629880666732788e-02
-8.689801325090229511e-05 3.811944043263792992e-04 -2.462055999785661697e-04
-8.619781583547592163e-03 6.235819458961486816e-01 -5.961323380470275879e-01
-1.511412028776248917e-05 4.300999353290535510e-05 2.719185795285739005e-05
-1.002584700472652912e-03 1.694366335868835449e-03 -1.832541427575051785e-03
-5.656641125679016113e-01 -1.172299757599830627e-01 -5.603961348533630371e-01
-8.099062688415870070e-05 2.107034961227327585e-04 -1.407516392646357417e-04
-4.135777056217193604e-01 -9.500202536582946777e-01 7.001408934593200684e-01
-4.168266896158456802e-03 7.150562945753335953e-03 1.948911580257117748e-03
-7.345185875892639160e-01 1.228370666503906250e+00 -3.123980946838855743e-02
-4.330761134624481201e-01 7.652039527893066406e-01 -6.771295666694641113e-01
-1.242752671241760254e+00 1.364088416099548340e+00 -3.127774596214294434e-01
-3.989777178503572941e-04 1.319557777605950832e-03 -3.760026884265244007e-04
-1.844969810917973518e-03 4.286530893296003342e-03 1.164609449915587902e-03
1.126778079196810722e-05 2.227059158030897379e-04 -1.509991998318582773e-04
-9.525170922279357910e-01 1.525677204132080078e+00 -8.151550590991973877e-02
-7.087279856204986572e-02 1.264481097459793091e-01 1.721985824406147003e-02
-6.839026808738708496e-01 9.502477049827575684e-01 2.435610592365264893e-01
3.133662858090247028e-06 6.203187513165175915e-05 4.409694884088821709e-05
-7.048141014820430428e-06 9.326164217782206833e-06 8.475795766571536660e-06
-1.946485019288957119e-03 2.929261885583400726e-03 2.988464839290827513e-04
3.307601436972618103e-04 -1.260370336240157485e-04 -3.055692068301141262e-04
2.206521749030798674e-04 -2.569435164332389832e-04 -2.396876079728826880e-04
-1.431524753570556641e-01 2.576913118362426758e+00 -7.125355005264282227e-01
-7.485964298248291016e-01 1.477143287658691406e+00 -5.592635273933410645e-01
-4.721667766571044922e-01 2.027180194854736328e+00 -1.959622651338577271e-01
-6.229727864265441895e-01 1.725081324577331543e+00 -1.038039326667785645e+00
3.921147435903549194e-03 -1.288457657210528851e-03 -5.901223979890346527e-03
6.882646083831787109e-01 1.247969269752502441e+00 -1.037190794944763184e+00
-1.129252672195434570e+00 1.895688295364379883e+00 -2.407794952392578125e+00
-2.165479362010955811e-01 2.025902748107910156e+00 -1.120707869529724121e+00
3.078250885009765625e-01 1.097206830978393555e+00 -1.723415136337280273e+00
-1.447971463203430176e-01 8.410158157348632812e-01 -1.024065539240837097e-02
-1.925621986389160156e+00 9.160855412483215332e-01 -4.541331827640533447e-01
-5.543784704059362411e-03 6.138806696981191635e-03 7.851414266042411327e-04
-4.616468548774719238e-01 2.228900671005249023e+00 -1.664854526519775391e+00
-2.147935032844543457e-01 6.499117016792297363e-01 -1.063318490982055664e+00
-2.468115184456110001e-03 6.629958283156156540e-03 -9.189820848405361176e-03
-4.865233600139617920e-01 1.008939862251281738e+00 -1.212671041488647461e+00
-1.213630195707082748e-03 4.945576190948486328e-03 -1.482621417380869389e-03
-9.550112881697714329e-04 7.827103137969970703e-03 -2.227470511570572853e-03
-4.910208284854888916e-02 1.130299419164657593e-01 1.036349451169371605e-03
-3.785259614232927561e-04 7.277584518305957317e-04 2.201539173256605864e-04
4.091023504734039307e-01 5.465409755706787109e-01 -1.313928484916687012e+00
-7.288751006126403809e-01 1.134622335433959961e+00 9.124600291252136230e-01
-1.020816780510358512e-04 -1.484390813857316971e-04 -2.609122311696410179e-04
1.132870554924011230e+00 7.725165039300918579e-02 -9.258361905813217163e-02
-2.678520381450653076e-01 8.771435022354125977e-01 -5.488089323043823242e-01
-1.069977402687072754e+00 1.661990523338317871e+00 -5.340514183044433594e-01
-2.823470858857035637e-03 3.090068930760025978e-03 -1.557486830279231071e-03
-4.923740625381469727e-01 1.756168007850646973e+00 -3.688693344593048096e-01
-5.603715777397155762e-01 2.328294515609741211e+00 -1.947583198547363281e+00
-4.276304040104150772e-03 4.950928501784801483e-03 2.071888186037540436e-03
-2.134623005986213684e-03 2.199110342189669609e-03 7.310187793336808681e-04
-3.260626908740960062e-05 3.229391586501151323e-05 2.799933281494304538e-05
-1.725671589374542236e-01 1.483528912067413330e-01 2.696637436747550964e-02
1.640601396560668945e+00 -5.841966867446899414e-01 -1.685921669006347656e+00
2.960839192382991314e-04 9.223771485267207026e-05 -4.957646015100181103e-04
5.574575811624526978e-02 -1.549652218818664551e-02 -5.893848463892936707e-02
-2.498182875569909811e-04 2.572583907749503851e-04 -1.782116305548697710e-05
-2.253253296657931060e-05 1.033680528053082526e-04 -9.196312021231278777e-05
-8.699313621036708355e-04 5.480282707139849663e-04 6.745789505657739937e-06
-9.052040695678442717e-05 1.241039251908659935e-03 -8.026014547795057297e-04
-1.193948388099670410e+00 1.215943336486816406e+00 6.716958284378051758e-01
1.362639904022216797e+00 -1.194103479385375977e+00 -9.335515499114990234e-01
2.202512323856353760e-02 -6.569136166945099831e-04 -1.802223920822143555e-02
1.144879221916198730e+00 -8.141111731529235840e-01 -1.230503320693969727e+00
-1.648293109610676765e-03 1.903292257338762283e-03 -1.070650250767357647e-05
1.310370862483978271e-03 -1.675104373134672642e-03 -1.544428174383938313e-03
-2.899058535695075989e-02 1.301787793636322021e-02 4.711615853011608124e-03
1.267503012059023604e-05 2.139801799785345793e-04 -2.453427296131849289e-04
-3.675463347008189885e-07 3.611611987253127154e-07 3.502355525597522501e-07
1.987896393984556198e-04 -1.589109451742842793e-04 -1.958375360118225217e-04
-2.188278886023908854e-04 3.310341853648424149e-04 7.122193346731364727e-05
-4.085773543920367956e-04 8.931758929975330830e-04 -5.961934803053736687e-04
6.569349206984043121e-03 -1.161719672381877899e-03 -9.686466306447982788e-03
-3.020788133144378662e-01 4.296382069587707520e-01 5.040286108851432800e-02
-5.980080823064781725e-05 1.768539514159783721e-04 -4.290818833396770060e-05
1.047411424224264920e-04 1.148004776041489094e-05 -1.544240803923457861e-04
-6.161757628433406353e-04 6.013691890984773636e-04 8.682591578690335155e-05
2.669856548309326172e-01 -4.241708815097808838e-01 -7.198522686958312988e-01
-4.111571761313825846e-04 4.594245110638439655e-04 3.782515705097466707e-05
-4.422015249729156494e-01 1.411978602409362793e+00 -6.918520927429199219e-01
2.068885326385498047e+00 -4.971625804901123047e-01 -1.185042977333068848e+00
5.305469632148742676e-01 -6.134080290794372559e-01 -8.728209137916564941e-01
-1.773985661566257477e-02 3.594457358121871948e-02 -7.214414654299616814e-04
1.741429418325424194e-02 -1.722224988043308258e-02 -1.803151145577430725e-02
1.882294309325516224e-03 -1.976155210286378860e-03 -6.308649200946092606e-03
-8.976745448308065534e-05 1.286829792661592364e-04 2.864177804440259933e-05
4.606611561030149460e-03 3.194981545675545931e-04 8.079999824985861778e-04
1.627710461616516113e+00 -4.578271806240081787e-01 -1.044631361961364746e+00
1.025567908072844148e-04 -9.883206075755879283e-05 -1.334657717961817980e-04
-2.017589140450581908e-04 2.016781363636255264e-04 -1.949145225808024406e-04
-4.594148776959627867e-05 4.631373667507432401e-05 3.207671034033410251e-05
-9.083616168936714530e-05 1.354358973912894726e-04 -1.359148300252854824e-04
-6.516066059703007340e-05 8.691063703736290336e-05 -1.692923433438409120e-05
-5.044957157224416733e-03 9.000178426504135132e-03 2.173200482502579689e-03
-1.556837196403648704e-05 1.654406878515146673e-05 -2.029586903518065810e-05
9.658660856075584888e-04 6.818913243478164077e-05 -6.170788547024130821e-04
-3.800094054895453155e-05 3.883376120938919485e-05 -2.966271131299436092e-05
-5.735870217904448509e-05 2.031901531154289842e-04 -2.172509266529232264e-04
1.595704555511474609e-01 -8.833512663841247559e-02 -4.728531241416931152e-01
5.124165676534175873e-03 -1.625323784537613392e-03 -5.234788171947002411e-03
9.599166223779320717e-04 -1.274967100471258163e-03 -8.562848670408129692e-04
1.813611161196604371e-04 1.287095510633662343e-04 -2.818972570821642876e-04
-1.111106757889501750e-04 1.482189545640721917e-04 4.638112386601278558e-06
1.819596529006958008e+00 -5.106319189071655273e-01 -1.238322019577026367e+00
-4.794732012669555843e-05 5.584888276644051075e-05 -5.266594598651863635e-05
7.287095650099217892e-05 -5.199976658332161605e-05 -9.287353896070271730e-05
8.564967513084411621e-01 -2.462959736585617065e-01 -8.366759419441223145e-01
-1.506317734718322754e+00 8.867502808570861816e-01 8.116037249565124512e-01
1.264143705368041992e+00 -2.284866422414779663e-01 -1.034059286117553711e+00
2.053436037385836244e-05 4.196652298560366035e-05 -1.086427892005303875e-05
-4.524454474449157715e-02 9.958378225564956665e-02 -1.823976403102278709e-03
3.490812741802074015e-05 -1.339366572210565209e-04 -1.604056305950507522e-04
-1.169673323631286621e+00 1.589495539665222168e+00 -2.386731386184692383e+00
2.092329486913513392e-05 -4.358553997008129954e-05 -7.502303196815773845e-05
2.919669866561889648e+00 -3.262589275836944580e-01 7.892020702362060547e+00
6.775588553864508867e-05 -1.352693379885749891e-05 -6.460798613261431456e-05
-2.600410880404524505e-05 2.616891470097471029e-05 -4.059814727952471003e-06
1.767471530911279842e-06 5.644763405143748969e-06 -2.021277850872138515e-06
-5.892991903237998486e-04 1.625041826628148556e-03 -1.008742838166654110e-03
1.178294420242309570e-03 -7.665539160370826721e-04 -1.574707916006445885e-03
1.375794090563431382e-04 -4.878344407188706100e-05 -1.106567433453164995e-04
8.687394438311457634e-04 -5.655312634189613163e-05 -6.261123344302177429e-04
-9.341092705726623535e-01 1.498910903930664062e+00 -1.110750913619995117e+00
-3.950165046262554824e-05 4.700210411101579666e-04 -4.438056785147637129e-04
-5.610489170067012310e-04 7.551524322479963303e-04 -1.599963870830833912e-04
-5.138083361089229584e-04 2.743510594882536680e-05 -2.404328552074730396e-04
2.019665262196213007e-04 2.456550719216465950e-04 -5.245572174317203462e-05
-2.545526716858148575e-03 3.870511054992675781e-01 -1.466737128794193268e-02
-2.016890211962163448e-04 2.083652507280930877e-04 -2.913094249379355460e-05
-1.406190790476102848e-06 4.149604137637652457e-06 -2.992416057168156840e-06
2.297442988492548466e-04 -2.371347072767093778e-04 -2.176044654333963990e-04
-4.266435280442237854e-03 1.356484484858810902e-03 3.386388067156076431e-03
8.514215005561709404e-05 -9.950378444045782089e-05 -7.005474617471918464e-05
6.335092621156945825e-05 7.094445754773914814e-05 -5.276175797916948795e-04
-6.356593075906857848e-05 2.666608634172007442e-05 -3.221785664209164679e-05
-6.638581864535808563e-03 9.471168369054794312e-02 -5.092119798064231873e-02
-1.985265498660737649e-06 -2.039246055574039929e-06 -4.470311054660669470e-08
-3.977617325290339068e-06 4.104391337023116648e-06 -3.856115199596388265e-06
8.765695616602897644e-03 -7.793526165187358856e-03 -9.795797988772392273e-03
9.150132973445579410e-05 -8.693536801729351282e-05 -2.456811489537358284e-04
-1.385108083486557007e-01 -2.097196131944656372e-01 7.190673351287841797e-01
-6.687558293342590332e-01 -2.352623224258422852e+00 -3.542916178703308105e-01
-1.582795858383178711e+00 8.886575698852539062e-01 6.503722071647644043e-02
-9.772657649591565132e-04 1.124456990510225296e-03 6.646247929893434048e-04
-9.884648323059082031e-01 6.577417254447937012e-01 2.153193205595016479e-01
-4.833145067095756531e-03 1.495948294177651405e-03 2.187894424423575401e-03
-1.063883973984047771e-04 1.048375415848568082e-04 9.849557682173326612e-05
-3.964278995990753174e-01 1.183396577835083008e+00 -1.468919515609741211e-01
-4.426075145602226257e-03 4.405156243592500687e-03 3.011247608810663223e-03
-7.703762054443359375e-01 1.602810025215148926e+00 -9.771234989166259766e-01
-6.490988307632505894e-04 1.031759311445057392e-03 -5.182503373362123966e-04
4.900571405887603760e-01 -8.571907281875610352e-01 -5.333612561225891113e-01
4.599974199663847685e-04 -2.646151406224817038e-04 -2.273696241900324821e-03
-8.119733333587646484e-01 8.934612870216369629e-01 -1.913230121135711670e-01
-4.181697033345699310e-03 4.270844627171754837e-03 -8.702097693458199501e-04
-5.575406178832054138e-02 2.428425848484039307e-01 -3.887474536895751953e-03
-9.206911199726164341e-04 1.212679548189043999e-03 -1.397047599311918020e-04
-3.454747202340513468e-04 3.379278641659766436e-04 3.277811629232019186e-04
9.243276144843548536e-05 -2.016704238485544920e-04 -3.895426343660801649e-04
-1.301542520523071289e-01 -1.005154967308044434e+00 2.215818017721176147e-01
-7.725402247160673141e-04 9.125085780397057533e-04 1.880462514236569405e-04
-9.363530874252319336e-01 1.375449895858764648e+00 -8.727192878723144531e-01
-7.274630479514598846e-04 7.626811275258660316e-04 -4.616144578903913498e-04
-6.590219563804566860e-04 1.243044505827128887e-03 2.288899704581126571e-04
-3.397096588741987944e-05 3.827737236861139536e-04 -2.600536972749978304e-04
-2.119961573043838143e-04 -1.069137397280428559e-05 2.014726533161592670e-06
-2.600887673906981945e-04 2.972329384647309780e-04 -2.966406755149364471e-04
9.818155169486999512e-01 -2.069956362247467041e-01 -1.375938892364501953e+00
-1.823119074106216431e-02 2.454365231096744537e-02 -2.389281755313277245e-03
-1.321548700332641602e+00 9.505236148834228516e-01 1.812147647142410278e-01
-6.609466800000518560e-05 6.624931120313704014e-05 3.067453144467435777e-05
-2.541971916798502207e-04 2.460105752106755972e-04 2.215533604612573981e-04
1.106082490878179669e-04 -9.748009324539452791e-05 -1.523236715001985431e-04
1.622490701265633106e-03 -1.143888803198933601e-03 -3.068369347602128983e-03
-1.886334212031215429e-04 -6.270714948186650872e-05 1.811571746657136828e-05
-1.024447483359836042e-04 1.807761873351410031e-04 2.364635065532638691e-06
-1.145187299698591232e-03 2.432055538520216942e-03 -1.127378782257437706e-03
-3.523683117236942053e-04 8.229732047766447067e-04 -2.279753098264336586e-04
-1.389034309795533773e-06 1.510749143562861718e-06 6.867397246423934121e-07
1.069822087883949280e-01 -4.158882796764373779e-02 -4.045870900154113770e-01
-9.256715202354826033e-06 9.420384230907075107e-06 -8.022381734917871654e-06
2.768143545836210251e-03 -9.786324808374047279e-04 -6.077823694795370102e-03
6.188138853758573532e-03 -4.397520795464515686e-03 -7.656717207282781601e-03
-2.832968020811676979e-04 5.995391402393579483e-04 -1.664646551944315434e-04
-5.440096720121800900e-05 5.438272637547925115e-05 -5.610578227788209915e-05
-2.527163815102539957e-05 1.087481650756672025e-04 -1.033553926390595734e-04
-2.649286091327667236e-01 -1.033590435981750488e+00 2.621580660343170166e-01
-9.333335037808865309e-05 -1.193610150949098170e-04 -1.114942351705394685e-04
-2.577946361270733178e-05 2.543945993238594383e-05 2.369320463913027197e-05
8.450659513473510742e-01 -1.467966437339782715e+00 -7.272135019302368164e-01
5.150368451722897589e-05 -2.117775147780776024e-03 -2.080378180835396051e-04
-1.061853254213929176e-04 -5.968112600385211408e-05 8.120065467664971948e-05
2.813875471474602818e-05 -5.195121411816217005e-05 -4.974561670678667724e-05
1.977500323846470565e-05 5.401679300121031702e-05 -1.495562173658981919e-05
-1.947640092112123966e-03 1.778266020119190216e-02 -8.924343623220920563e-03
-1.385669929732102901e-05 7.952197483973577619e-05 -8.474868991470430046e-06
-8.227227954193949699e-04 1.204903470352292061e-03 -9.064030018635094166e-04
-5.120431978866690770e-06 5.111895006848499179e-06 4.446082584763644263e-06
-1.280678989132866263e-04 1.725884358165785670e-04 -3.405326424399390817e-05
4.213225096464157104e-03 -2.679315628483891487e-03 -5.368877667933702469e-03
3.794255098910070956e-05 -1.261296802113065496e-05 -3.594869122025556862e-05
-1.758554950356483459e-03 -4.797121975570917130e-03 2.839111490175127983e-03
-3.945994103560224175e-05 3.901104355463758111e-05 3.847014886559918523e-05
-3.503549669403582811e-04 1.571059401612728834e-04 1.721746666589751840e-04
-6.992044448852539062e-01 2.275390148162841797e+00 -6.070154309272766113e-01
-1.362208556383848190e-02 4.164826869964599609e-02 7.010610774159431458e-03
-3.136014856863766909e-05 3.140401531709358096e-05 -9.944740668288432062e-06
-3.048809303436428308e-04 3.492076939437538385e-04 2.006795984925702214e-04
1.496237874031066895e+00 -1.215799927711486816e+00 -2.177398681640625000e+00
1.873866915702819824e-01 1.690635643899440765e-02 -1.582300215959548950e-01
-3.255133196944370866e-05 3.288927837274968624e-05 -6.231088718777755275e-06
3.896517227985896170e-05 2.587496128398925066e-04 -1.371403341181576252e-04
-1.326568162767216563e-04 1.082588220015168190e-03 -4.172271583229303360e-04
-1.400504515913780779e-05 4.484586315811611712e-05 -1.777362558641470969e-05
-3.393409133423119783e-04 2.011773904087021947e-04 1.724588073557242751e-04
3.652687072753906250e-01 1.174203585833311081e-02 -2.839823961257934570e-01
1.441299170255661011e-01 -7.114606909453868866e-03 -4.621616005897521973e-02
4.375957723823376000e-05 -4.330321826273575425e-05 -4.340159648563712835e-05
9.509500159765593708e-06 6.364658020174829289e-06 -1.614046050235629082e-04
-3.789148104260675609e-05 3.964938878198154271e-05 -5.156032784725539386e-05
1.323134638369083405e-04 1.286096870899200439e-03 -1.142470515333116055e-03
1.370805548503994942e-03 -5.059294053353369236e-04 -1.246853498741984367e-03
-3.009710417245514691e-05 3.033169195987284184e-05 1.414023813595122192e-06
-2.709347427298780531e-06 2.907525185946724378e-06 2.636369572428520769e-06
-2.547554613556712866e-04 -2.345603934372775257e-05 -1.037084730342030525e-03
-7.230976130813360214e-03 6.397105753421783447e-03 5.141539964824914932e-03
-6.818553811172023416e-05 4.093645839020609856e-05 -2.070821756205987185e-05
7.824412547051906586e-03 -2.384427003562450409e-03 -1.416884083300828934e-02
8.525312296114861965e-07 -8.292663551401346922e-07 -8.434811320512380917e-07
2.377862983848899603e-04 4.946262924931943417e-04 -7.072797161526978016e-04
3.758766979444772005e-05 1.913683263410348445e-05 -2.819370092765893787e-05
-6.228868443258761545e-08 2.157436540528578917e-07 -1.510708358409829088e-08
-6.600152119062840939e-05 7.298174023162573576e-05 -1.075443360605277121e-04
3.202293883077800274e-04 -2.806466945912688971e-04 -3.157360479235649109e-04
-1.064780950546264648e+00 1.090621829032897949e+00 1.555354148149490356e-01
1.442107873117493000e-07 -5.818026505011175686e-09 -1.419804078750530607e-07
-1.089110664906911552e-04 1.140158710768446326e-04 -1.101606467273086309e-04
4.571512874917971203e-07 1.174835688289022073e-05 4.287713636585976928e-06
-3.615313471527770162e-05 4.269028431735932827e-05 -3.622567601269111037e-05
3.703433903865516186e-04 -5.331012653186917305e-04 -5.036193761043250561e-04
-1.923921518027782440e-02 2.528082206845283508e-02 -1.228337362408638000e-02
1.013533910736441612e-04 -5.386500924942083657e-05 -1.098114735214039683e-04
-3.252414535381831229e-05 -4.228596662869676948e-05 3.208132693544030190e-05
-5.225783805684613981e-09 1.753686751371219543e-09 -4.157676869454007829e-07
-2.468697857693769038e-05 9.338781092083081603e-05 2.764572309388313442e-05
7.766833901405334473e-01 -7.127424478530883789e-01 -6.993873119354248047e-01
-2.015981635850039311e-06 -1.955945663212332875e-06 1.945405301739810966e-06
6.700357334921136498e-05 -2.685146682779304683e-05 -6.555102299898862839e-05
-4.770838495460338891e-05 -4.809010715689510107e-05 4.754380643134936690e-05
-4.274543243809603155e-05 1.857229217421263456e-04 -4.281159363017650321e-06
-8.175542234312160872e-07 8.277459073724457994e-07 7.955192700137558859e-07
8.521130657754838467e-04 -1.683986920397728682e-04 -8.231041138060390949e-04
3.811955320998094976e-05 2.225752723461482674e-05 -3.681502857943996787e-05
3.688936587423086166e-03 -1.822245074436068535e-03 -2.036472316831350327e-03
-5.061285628471523523e-05 -8.379299106309190392e-05 5.175047772354446352e-05
1.838513314723968506e-01 -1.044912487268447876e-01 -1.164439693093299866e-01
1.313477405346930027e-04 1.890249404823407531e-05 -1.014461959130130708e-04
3.031226340681314468e-03 -1.510940026491880417e-03 -3.031646599993109703e-03
6.160962948342785239e-05 -3.816186654148623347e-05 -8.263486961368471384e-05
-4.664562220568768680e-05 4.955631993652787060e-06 3.721457323990762234e-05
2.518436813261359930e-04 -1.208607136504724622e-04 -2.765648823697119951e-04
8.599120337748900056e-05 -8.350309508386999369e-05 -8.575207175454124808e-05
4.802019975613802671e-04 -1.595978828845545650e-04 -5.612146924249827862e-04
-1.786990651453379542e-05 4.567594805848784745e-05 -1.711464392428752035e-05
2.976830874104052782e-04 2.051638293778523803e-04 -6.876821280457079411e-04
3.162270295433700085e-04 2.029844472417607903e-05 -2.067084569716826081e-04
-3.257508797105401754e-05 3.325380021124146879e-05 2.898127786465920508e-05
-6.347329326672479510e-05 6.391969509422779083e-05 6.378022953867912292e-05
4.889649796169237561e-10 -4.852079849015922264e-10 -4.860289948283025296e-10
1.572042936459183693e-03 -6.810702616348862648e-04 -1.401170273311436176e-03
9.177602464660594705e-07 -7.530051675530557986e-07 1.287632585444953293e-06
1.892666565254330635e-03 -7.567566353827714920e-04 -1.625397941097617149e-03
2.120839595794677734e+00 -5.111333131790161133e-01 -1.332116961479187012e+00
4.486218676902353764e-05 5.139219138072803617e-05 1.516100746812298894e-05
5.466791917569935322e-04 -2.981661527883261442e-04 -5.196262500248849392e-04
1.951969170477241278e-05 1.058768611983396113e-05 -1.827096457418520004e-05
-7.492143049603328109e-05 7.212327909655869007e-05 6.933567783562466502e-05
1.756964629748836160e-04 -1.559493539389222860e-04 -1.708486961433663964e-04
1.432526623830199242e-04 -1.384625065838918090e-04 -1.407897216267883778e-04
-1.333529362455010414e-04 2.531883947085589170e-04 -2.484025608282536268e-04
-3.458235878497362137e-04 3.438106214161962271e-04 3.418167179916054010e-04
1.522038292023353279e-05 -1.497251832915935665e-05 -1.499010977568104863e-05
3.444835892878472805e-04 -7.740895671304315329e-05 -2.732393913902342319e-04
4.197382077109068632e-05 -3.906975325662642717e-05 -4.130992601858451962e-05
3.776898211071966216e-06 3.668339786599972285e-06 -3.677319227790576406e-06
3.350186161696910858e-03 -1.603758893907070160e-02 -1.113765174522995949e-03
1.825833010116184596e-06 1.335933575319359079e-06 -1.379622403874236625e-06
-3.539393219398334622e-05 -9.664920071372762322e-06 3.608021870604716241e-05
9.245076216757297516e-04 -1.972829690203070641e-03 -6.637102342210710049e-04
2.946847118437290192e-02 -1.339898347854614258e+00 -2.419946044683456421e-01
-2.564280584920197725e-04 -5.919231916777789593e-04 4.864399088546633720e-04
2.719104522839188576e-04 -1.434944861102849245e-04 -2.469971659593284130e-04
-7.670420018257573247e-05 5.494657307281158864e-05 -3.410825956962071359e-05
-3.609833220252767205e-05 -5.991185025777667761e-05 3.372263017809018493e-05
-6.859787390567362309e-05 -6.265516276471316814e-05 6.930113158887252212e-05
-1.654282277741003782e-05 -1.024994526233058423e-05 1.617095767869614065e-05
-1.065533161163330078e+00 2.037388563156127930e+00 -2.228058338165283203e+00
-3.036873749806545675e-05 -3.147264942526817322e-05 -2.433647932775784284e-05
-2.737736701965332031e-01 1.016170978546142578e+00 -2.438369952142238617e-02
1.954469735210295767e-05 -2.003057852562051266e-05 -1.944381256180349737e-05
3.905710182152688503e-04 -7.847736706025898457e-04 -3.175920937792398036e-05
-1.919989706948399544e-03 8.900827378965914249e-04 -5.803093081340193748e-04
1.159297607955522835e-04 -5.527195389731787145e-05 -8.107008034130558372e-05
3.417802145122550428e-05 -2.125075479852966964e-05 -2.643680818437132984e-05
4.318765422794967890e-05 -1.051894942065700889e-04 -2.741767093539237976e-05
2.812519778672140092e-05 9.353329369332641363e-05 -5.819351372338132933e-06
3.522692713886499405e-04 -2.179885777877643704e-04 -3.251878952141851187e-04
6.692081660730764270e-05 -6.566041702171787620e-05 -1.867181708803400397e-05
9.498096257448196411e-02 -9.066100120544433594e-01 -5.826101899147033691e-01
-2.807458258757833391e-05 -6.520747410831972957e-05 2.825330375344492495e-05
-1.047507430484984070e-05 -5.387855344451963902e-05 5.561812486121198162e-06
4.167259903624653816e-04 -7.965666736708953977e-05 -3.310967877041548491e-04
-1.224126572196837515e-05 1.226032418344402686e-05 -1.168443759524961933e-05
5.061068222858011723e-04 -4.459812407731078565e-05 -4.794544947799295187e-04
-1.114163969759829342e-04 -1.551499735796824098e-05 8.718996105017140508e-05
-4.736928531201556325e-05 8.543875082978047431e-06 2.099118682963307947e-05
7.103844836819916964e-05 -1.848059037001803517e-05 -8.257677836809307337e-05
4.554432598524726927e-05 -4.534757317742332816e-05 -4.548973811324685812e-05
8.642267202958464622e-04 -1.973356411326676607e-04 -9.537726291455328465e-04
6.469289213418960571e-02 -5.560246761888265610e-03 -4.547184333205223083e-02
4.514720785664394498e-05 4.290451033739373088e-05 -4.349328082753345370e-05
7.183707202784717083e-05 -3.531679249135777354e-05 -7.094952161423861980e-05
8.525361772626638412e-04 -8.636098355054855347e-04 -8.080836269073188305e-04
1.289682030677795410e+00 9.144876152276992798e-03 -6.418993473052978516e-01
1.583580300211906433e-02 -3.002434503287076950e-03 -1.352461148053407669e-02
1.265130238607525826e-03 -1.450542476959526539e-03 -1.627921592444181442e-03
2.150166401406750083e-04 -1.571839820826426148e-04 -1.901829091366380453e-04
1.928702549776062369e-04 -1.607624435564503074e-04 -1.939382054843008518e-04
4.096736665815114975e-03 -2.687942003831267357e-03 -3.677449887618422508e-03
5.861293757334351540e-04 -5.450189928524196148e-04 -4.389986497699283063e-05
8.734074071981012821e-04 -3.927288926206529140e-04 -1.164360204711556435e-03
2.967875334434211254e-04 -2.765164826996624470e-04 -3.310933243483304977e-04
1.111661003960762173e-05 -1.721180742606520653e-04 -1.036630783346481621e-04
2.552981954067945480e-03 -1.870949403382837772e-03 -2.484811702743172646e-03
-1.838448753233024036e-07 1.840080585679970682e-07 -2.026806669164216146e-07
2.229265519417822361e-04 -1.403758069500327110e-04 -2.231011603726074100e-04
9.828866495809052140e-06 9.033722017193213105e-05 -6.840585410827770829e-05
1.399593893438577652e-04 -1.356634602416306734e-04 -1.373846898786723614e-04
-6.244068208616226912e-05 6.138693424873054028e-05 -6.381295679602771997e-05
6.280542612075805664e-01 -1.178845241665840149e-01 -5.384162068367004395e-01
1.292562112212181091e-03 -8.934810757637023926e-04 -1.588359009474515915e-03
-3.539505600929260254e-01 2.871549129486083984e+00 -1.535999417304992676e+00
-4.364990672911517322e-05 4.431809793459251523e-05 -1.120948672905797139e-05
6.693105387967079878e-05 -1.593763772689271718e-05 -1.068075362127274275e-04
9.647927799960598350e-05 5.948537818767363206e-06 -9.415578824700787663e-05
3.169354022247716784e-05 -3.047208883799612522e-05 -3.074207052122801542e-05
-5.219760537147521973e-01 -6.158720850944519043e-01 5.076485127210617065e-02
-1.348095059394836426e+00 7.502925992012023926e-01 1.143117785453796387e+00
9.119407087564468384e-02 -1.487453728914260864e-01 -2.337780892848968506e-01
-6.631906726397573948e-04 6.631991127505898476e-04 4.776171990670263767e-04
3.912720829248428345e-03 6.610685959458351135e-04 3.267672436777502298e-04
-8.145311730913817883e-04 7.820341852493584156e-04 7.780893938615918159e-04
-1.476789038861170411e-04 6.701374513795599341e-05 8.294119470519945025e-05
-3.576009767130017281e-04 6.449466454796493053e-04 -3.303765552118420601e-04
-2.240320027340203524e-04 -2.028178860200569034e-04 2.658061857800930738e-04
-2.030627569183707237e-03 1.423152163624763489e-02 2.103012055158615112e-03
1.346919743809849024e-04 -8.841398084769025445e-05 -6.515114364447072148e-05
-1.966066658496856689e-03 1.848966698162257671e-03 3.795860538957640529e-05
6.581113848369568586e-05 -6.122983177192509174e-05 -6.128651148173958063e-05
-1.278876297874376178e-04 1.340577582595869899e-04 -2.059593134617898613e-05
2.152570959879085422e-04 -2.093767106998711824e-04 -2.124557940987870097e-04
2.623663203848991543e-05 -1.123438505601370707e-05 1.207088757837482262e-07
-7.187394658103585243e-05 7.280974386958405375e-05 3.077439396292902529e-05
-1.118895124818664044e-05 1.153998164227232337e-05 -7.800485036568716168e-06
9.427074019185965881e-07 -1.111950268750661053e-06 -4.169562816969119012e-05
-3.444774483796209097e-05 5.103832154418341815e-05 8.088733011391013861e-06
5.862885154783725739e-05 -1.184768043458461761e-04 8.945236186264082789e-05
-4.105640618945471942e-05 5.001179670216515660e-05 1.335329852736322209e-05
-2.343460073461756110e-04 2.481413248460739851e-04 -1.470375173084903508e-05
-2.720871195197105408e-02 5.262012034654617310e-02 -2.080776263028383255e-03
4.706863182946108282e-05 6.458275311160832644e-05 -4.722722223959863186e-05
6.806254532421007752e-05 -5.304598744260147214e-05 -4.787443322129547596e-05
-1.471402356401085854e-04 -1.495590113336220384e-04 -5.454002894111908972e-05
-7.354538422077894211e-03 5.747769959270954132e-03 5.432310514152050018e-03
-2.090408653020858765e-02 -7.061613141559064388e-04 3.640146227553486824e-03
2.170623702113516629e-05 -6.227242556633427739e-05 -1.827833184506744146e-04
-5.580611104960553348e-05 1.440780124539742246e-05 -6.916309212101623416e-05
4.094052201253362000e-06 -2.484306605765596032e-06 -3.976581865572370589e-06
-6.134559953352436423e-05 1.197969177155755460e-04 1.002460612653521821e-05
2.345516532659530640e-02 -9.633381962776184082e-01 -1.224461719393730164e-01
-1.017727136611938477e+00 1.021475672721862793e+00 4.091410711407661438e-02
-3.798101563006639481e-03 5.426042480394244194e-04 2.595327096059918404e-03
-5.250780656933784485e-02 -1.820345525629818439e-03 1.269506383687257767e-02
-8.951708878157660365e-05 -5.305408267304301262e-04 4.425002553034573793e-04
-2.977567201014608145e-04 2.099359699059277773e-04 6.355529330903664231e-05
2.169178624171763659e-04 -1.552458270452916622e-04 -8.201730088330805302e-04
-4.411813570186495781e-04 3.198105841875076294e-04 -7.079791394062340260e-04
-2.336962497793138027e-04 -3.634497115854173899e-04 1.707930350676178932e-04
-1.628650898055639118e-05 3.012769411725457758e-06 1.567681101732887328e-05
5.600203621725086123e-06 6.856222898932173848e-05 9.353673704026732594e-06
-6.248258432606235147e-05 6.196124013513326645e-05 6.111661059549078345e-05
4.099883881281130016e-05 -3.394842133275233209e-05 -4.052613803651183844e-05
3.182930413458961993e-06 2.643032303240033798e-06 -3.103815743088489398e-06
-9.940094969351775944e-06 -9.362371201859787107e-05 9.545399734633974731e-06
8.273111973267077701e-08 8.019302555339891114e-08 -8.118208683072225540e-08
-2.415938070043921471e-04 -1.368863449897617102e-04 1.437820901628583670e-04
-1.546234846115112305e+00 1.976789355278015137e+00 -2.637447595596313477e+00
-1.465030014514923096e-02 2.166963741183280945e-02 -9.788727387785911560e-03
2.084556854242691770e-06 8.919425890780985355e-04 -9.199785999953746796e-04
-1.090548583306372166e-03 1.293692155741155148e-03 -1.048687612637877464e-03
9.496440179646015167e-04 -2.927769091911613941e-04 -2.181771444156765938e-03
-8.556085958844050765e-05 9.264168329536914825e-05 -9.407985635334625840e-05
-1.827081723604351282e-04 2.122177393175661564e-04 -1.121915265684947371e-04
-7.273397874087095261e-03 -1.993453055620193481e-01 3.634240056271664798e-05
-3.668568024295382202e-05 3.612713771872222424e-05 3.037322676391340792e-05
-4.565984636428765953e-05 4.505177275859750807e-05 -4.048037590109743178e-05
-1.184805910270370077e-06 1.180755816676537506e-06 -1.159358134827925824e-06
3.875540187436854467e-06 3.910120085492962971e-06 -6.011367077007889748e-06
-1.195294680655933917e-04 1.960702938959002495e-04 -8.389335562242195010e-05
-1.303372391703305766e-05 3.807790926657617092e-05 -3.776865924010053277e-05
5.963963340036571026e-04 5.489005707204341888e-04 -2.276304439874365926e-04
4.078292113263159990e-05 3.754955469048582017e-05 -4.641159102902747691e-05
-5.658882400894071907e-06 9.749056516739074141e-06 -2.206360477430280298e-05
-5.407850494520971552e-06 5.540787242352962494e-06 -5.351641902962001041e-06
7.854422437958419323e-05 -3.935251152142882347e-05 -2.203608019044622779e-04
8.076051599346101284e-04 -4.577293002512305975e-04 -7.102217059582471848e-04
5.108545883558690548e-05 -1.347119359706994146e-05 -5.136196705279871821e-05
-1.159317616838961840e-04 1.165851645055226982e-04 -1.094208419090136886e-04
1.096040068659931421e-04 1.356492284685373306e-04 -1.126672359532676637e-04
3.593442306737415493e-05 4.693757728091441095e-05 -5.505282388185150921e-05
-2.805947815431864001e-06 3.028418632311513647e-06 -2.953961711682495661e-06
2.685259969439357519e-04 -1.188424284919165075e-04 -4.178338276688009501e-04
-1.062390128936385736e-05 1.085865733330138028e-05 1.010516643873415887e-05
-9.831238276092335582e-05 1.172596967080608010e-04 -1.125959024648182094e-04
-4.305111360736191273e-06 4.470447038329439238e-06 4.270480530976783484e-06
2.492086887359619141e+00 -2.161968499422073364e-01 -1.522632598876953125e+00
-7.122373790480196476e-05 -1.848844112828373909e-04 7.029848347883671522e-05
8.645925504424667452e-07 2.071727038810422528e-07 -8.351684641638712492e-07
1.139324126597784925e-06 1.117742840506252833e-06 -1.114897145271243062e-06
-2.093514893203973770e-03 2.301383763551712036e-03 -5.821179947815835476e-04
-7.610983252525329590e-01 1.329649448394775391e+00 -1.090714573860168457e+00
8.164407014846801758e-01 1.544273085892200470e-02 -1.223197460174560547e+00
2.537814143579453230e-04 -2.465318539179861546e-04 3.547278538462705910e-05
-6.138727767392992973e-04 9.956991998478770256e-04 5.429062293842434883e-04
-4.074165917700156569e-05 5.606429840554483235e-05 2.529556331865023822e-05
3.600188210839405656e-05 -2.018284612859133631e-05 -1.655508676776662469e-04
-4.064566455781459808e-03 4.908653441816568375e-03 3.436047350987792015e-03
5.199158913455903530e-04 3.499208542052656412e-04 -5.309790722094476223e-04
2.519926056265830994e-04 3.886274134856648743e-05 -2.254620485473424196e-04
-6.879226475575705990e-06 -2.740993295446969569e-05 2.016827784245833755e-05
1.972079771803691983e-04 -1.949023426277562976e-04 -1.953612518263980746e-04
4.717942283605225384e-05 8.957500540418550372e-06 -4.861806519329547882e-05
1.936896865117887501e-09 -6.843922317756323537e-09 -1.909266700295120245e-07
1.609094761079177260e-04 -3.646792174549773335e-05 -1.554485497763380408e-04
3.271293826401233673e-03 -2.413898007944226265e-03 -2.827350748702883720e-03
1.192850060760974884e-03 -3.224789630621671677e-03 -5.345779936760663986e-04
-3.694277703762054443e-01 5.213848948478698730e-01 9.208363890647888184e-01
-1.327286299783736467e-04 -3.587191167753189802e-04 1.985051931114867330e-04
2.682502326933899894e-06 -2.715299615374533460e-06 2.912605395977152511e-06
1.866719685494899750e-05 -1.771188908605836332e-05 -1.827174492063932121e-05
1.341234474239172414e-05 -1.232992963196011260e-05 -1.022500509861856699e-04
2.739043557085096836e-04 -2.075064548989757895e-04 -3.521982871461659670e-04
1.718947314657270908e-04 -1.968391734408214688e-04 -1.627089804969727993e-04
1.119349763030186296e-04 -4.900524072581902146e-05 -1.090891237254254520e-04
1.925749966176226735e-04 -2.626094828883651644e-05 -1.858780888142064214e-04
1.249267079401761293e-04 1.841490447986871004e-04 -3.532874688971787691e-04
3.076618886552751064e-04 -2.504298463463783264e-04 -2.937345125246793032e-04
5.929524922976270318e-05 -5.531626447918824852e-05 -1.209006950375624001e-04
9.720119123812764883e-05 -6.949322596483398229e-06 -9.421612776350229979e-05
7.082074262143578380e-06 -4.330104275140911341e-06 -6.913575816724915057e-06
1.771179768184083514e-06 1.706847115201526321e-06 -1.725665015328559093e-06
2.503537980373948812e-04 2.808669814839959145e-04 -7.715853862464427948e-04
1.090046062017790973e-04 2.489902544766664505e-04 -4.690263886004686356e-04
1.577447801537346095e-05 -1.536383933853358030e-05 -1.555862945679109544e-05
2.279066538903862238e-04 -9.571629925630986691e-05 -7.978759822435677052e-05
5.038945164415054023e-05 -4.315380647312849760e-05 -5.052564301877282560e-05
1.330308350588893518e-05 3.208092675777152181e-05 -3.425872273510321975e-05
5.073927715420722961e-02 1.307117938995361328e+00 -8.129157423973083496e-01
2.153182402253150940e-03 5.003174883313477039e-04 -2.232004422694444656e-03
-1.659345980442594737e-05 -1.571564644109457731e-05 1.548299769638106227e-05
-4.106602136744186282e-05 4.193967833998613060e-05 1.024475932354107499e-05
7.462911889888346195e-04 2.656805794686079025e-03 -1.058994326740503311e-02
8.094446384347975254e-04 1.755584613420069218e-03 1.488482696004211903e-03
1.849290492828004062e-05 1.854576839832589030e-05 -1.877026443253271282e-05
2.525447780499234796e-05 1.192580202769022435e-05 -2.465831857989542186e-05
2.465133184159640223e-05 1.297382823395309970e-05 -2.434287853247951716e-05
4.520425136433914304e-05 -4.519739013630896807e-05 -4.523968163994140923e-05
-1.659423833189066499e-05 1.642724782868754119e-05 1.630361839488614351e-05
2.755632158368825912e-04 -1.228306209668517113e-04 -3.241890517529100180e-04
1.913596061058342457e-04 -6.917223072377964854e-05 -9.435696847504004836e-05
3.960808098781853914e-04 9.127650992013514042e-05 -2.833012840710580349e-04
4.675845559631852666e-07 -4.681857603827666026e-07 -4.665849360208085272e-07
9.036363237541200633e-13 -7.557424738097173744e-13 -2.770326286080648792e-12
1.744614128256216645e-04 3.659922222141176462e-04 4.313094905228354037e-05
-1.694888562830954015e-09 1.704350549580624374e-09 1.640947377978818622e-09
5.712821075576357543e-05 -7.717689004493877292e-05 -5.407328717410564423e-05
4.774579065269790590e-05 -4.772223473992198706e-05 -4.772106694872491062e-05
2.003011613851413131e-04 3.460160587565042078e-05 -1.980594970518723130e-04
1.193815478472970426e-04 -1.185438304673880339e-04 -1.181949046440422535e-04
3.508733016133191995e-06 -3.394937266421038657e-06 -1.158951545221498236e-05
2.329060589545406401e-05 1.732052260194905102e-05 -5.032927583670243621e-05
1.674671921136905439e-06 1.696585627541935537e-06 -1.652485480008181185e-06
1.908596303223930590e-08 2.118545339158117713e-08 -2.090898831852427975e-08
-3.708839118480682373e-01 1.438355684280395508e+00 -1.844323873519897461e+00
-1.470978459110483527e-04 2.442327677272260189e-04 1.204026048071682453e-04
-1.983007496164646000e-05 1.962846363312564790e-05 1.920683098433073610e-05
-8.145311730913817883e-04 1.003711135126650333e-03 6.952268886379897594e-04
-7.264634768944233656e-05 7.766643830109387636e-05 7.708904013270512223e-05
-1.666416756052058190e-05 1.683300979493651539e-05 -5.407337084761820734e-05
6.198651681188493967e-05 -1.615361952644889243e-06 -6.279103399720042944e-05
5.738004915656347293e-07 -5.676465661963447928e-07 -5.711229391636152286e-07
-8.235140442848205566e-01 1.062563776969909668e+00 2.663285493850708008e+00
-4.495076718740165234e-04 4.463495220988988876e-03 -2.035491168498992920e-03
1.138578227255493402e-05 3.383485454833135009e-05 -1.443640649085864425e-04
-3.499885497149080038e-04 4.895416204817593098e-04 3.227397683076560497e-04
4.834268565900856629e-06 8.448882726952433586e-05 -5.862130637979134917e-05
3.496762947179377079e-04 2.212964318459853530e-05 -3.008024650625884533e-04
-6.261826456466224045e-06 6.349969225993845612e-06 6.037090315658133477e-06
-1.683027039689477533e-05 -1.515944040875183418e-05 1.455642268410883844e-05
4.533755054580979049e-05 4.650084520108066499e-05 4.529816214926540852e-05
-1.247801119461655617e-04 1.323493779636919498e-04 1.144564521382562816e-04
-2.989948552567511797e-04 5.329244886524975300e-04 -3.500233651720918715e-05
-1.547947883605957031e+00 1.054958701133728027e+00 2.206163108348846436e-01
-5.343629891285672784e-05 5.239768870524130762e-05 5.144978058524429798e-05
4.574415652314200997e-05 9.498600411461666226e-05 -8.955547673394903541e-05
6.572261099790921435e-06 -1.835944203776307404e-06 -6.462581040977966040e-06
6.258067060116445646e-06 7.271420599863631651e-06 -6.152001333248335868e-06
-1.085922340280376375e-04 1.082569433492608368e-04 1.071213264367543161e-04
-2.874035817512776703e-05 2.868418778234627098e-05 -2.769074853858910501e-05
4.559370427159592509e-05 -4.559370063361711800e-05 -4.559370427159592509e-05
-2.353989693801850080e-04 9.848760237218812108e-05 -1.080081638065166771e-04
3.185593016041821102e-07 -1.878195575955032837e-06 -1.624367200747656170e-06
-4.046543153890524991e-07 8.238738473664852791e-07 3.633680591974552954e-07
8.423636900261044502e-04 1.289534498937427998e-03 -3.123584901914000511e-04
-3.244834078941494226e-05 4.953990355716086924e-05 -3.793517680605873466e-05
4.390269896248355508e-05 -3.970291072619147599e-05 -4.104946128791198134e-05
1.942891867656726390e-05 -1.911998515424784273e-05 -1.912440166051965207e-05
8.587237243773415685e-05 -7.190139876911416650e-05 -8.313380385516211390e-05
-5.824970727985601116e-09 6.257051765601318039e-09 -1.452448561423125284e-08
-6.821801662445068359e-01 1.636910676956176758e+00 -6.479247212409973145e-01
-1.226030468940734863e+00 2.055958747863769531e+00 -2.321760177612304688e+00
2.503476753190625459e-05 6.357709644362330437e-04 -3.173851291649043560e-04
9.976310684578493237e-05 3.705197595991194248e-04 -2.926884626504033804e-04
-5.511624490139865884e-10 5.539771974483187478e-10 -5.440102812670488674e-10
7.197295781224966049e-05 -6.100104656070470810e-05 -6.940732419025152922e-05
1.095173229259671643e-05 -1.075977161235641688e-05 -1.085792791855055839e-05
1.907100959215313196e-04 -1.026652244036085904e-04 -1.249855558853596449e-04
-1.110263328882865608e-04 2.271473640576004982e-04 -2.183119649998843670e-04
-1.374951098114252090e-03 1.503019127994775772e-03 -1.373933977447450161e-03
-3.891455708071589470e-05 4.062490188516676426e-05 3.145937080262228847e-05
-1.551308232127781780e-15 1.522251156507378744e-13 -1.520288208474093739e-13
-9.008127790366415866e-07 9.136545031651621684e-07 -9.006378149933880195e-07
1.687179246800951660e-05 2.646455141075421125e-05 -2.578938619990367442e-05
6.538189609273103997e-06 -6.408022272808011621e-06 -6.932391897862544283e-06
-4.437508323462679982e-05 4.469362465897575021e-05 -3.010415639437269419e-05
2.763488919299561530e-05 -6.130959809524938464e-05 5.960134512861259282e-05
2.845591006916947663e-05 -1.081754380720667541e-04 -3.723760892171412706e-05
-1.491398393671516942e-10 -1.539918054183075924e-10 1.530428006546458164e-10
-1.418203282810281962e-05 -4.806176548299845308e-06 -4.778575657837791368e-06
3.271090065481985221e-08 9.042968684980223770e-08 -8.876853740957812988e-08
9.309960529208183289e-03 -1.155291125178337097e-02 7.297267671674489975e-03
-2.392684473306871951e-05 3.198541162419132888e-05 2.308667717443313450e-05
-4.591400647768750787e-05 4.588559750118292868e-05 -3.426614057389087975e-05
1.537964635645039380e-05 -1.510066613263916224e-05 -1.507600700278999284e-05
2.432619294268079102e-05 2.432069959468208253e-05 -2.432625478832051158e-05
-4.386888394947163761e-05 1.614407847227994353e-05 4.958113640896044672e-05
6.162415957078337669e-06 -6.129098892415640876e-06 -6.069318260415457189e-06
-5.790381692349910736e-05 5.755444726673886180e-05 5.746265014749951661e-05
-7.806244866515044123e-06 -7.931628715596161783e-06 -7.654446562810335308e-06
-8.895286009646952152e-05 8.886841533239930868e-05 -8.519824768882244825e-05
-2.674374845810234547e-04 3.825982275884598494e-04 1.438468461856245995e-04
-1.651423008297570050e-05 1.712578159640543163e-05 -1.641597191337496042e-05
-3.407138592592673376e-06 2.660973586898762733e-05 -3.753161945496685803e-05
3.345188815728761256e-05 -3.340549301356077194e-05 -3.332216147100552917e-05
5.472957855090498924e-05 3.323275086586363614e-05 -4.594025085680186749e-05
5.766806498286314309e-05 2.257323285448364913e-05 -5.780538413091562688e-05
3.525959618855267763e-05 9.125958604272454977e-05 8.139880083035677671e-05
-2.013597488403320312e+00 -5.732791032642126083e-03 1.729471385478973389e-01
-5.186270936974324286e-05 5.395924745243974030e-05 5.067656093160621822e-05
4.407793028772133295e-17 4.191314899383330635e-17 -4.312995152723351133e-17
1.095841944334097207e-04 -5.008564039599150419e-05 -1.062019728124141693e-04
-6.936755776405334473e-02 8.856411278247833252e-02 3.109849244356155396e-02
-1.990294549614191055e-05 1.973833241208922118e-05 1.954639992618467659e-05
-2.254766902701210718e-12 -2.356458778107750618e-12 2.252762429724719517e-12
