-1.351163268089294434e+00
-2.073445081710815430e+00
-2.136393785476684570e+00
-3.017820358276367188e+00
-2.740345239639282227e+00
-2.241124629974365234e+00
-2.840840101242065430e+00
-1.300235748291015625e+00
-3.391952276229858398e+00
-1.914853811264038086e+00
-2.309217929840087891e+00
-2.428992748260498047e+00
-2.533634185791015625e+00
-1.117299795150756836e+00
-1.976243615150451660e+00
-2.144786357879638672e+00
-1.876780748367309570e+00
-1.883979320526123047e+00
-1.410808801651000977e+00
6.411667168140411377e-02
-2.292848348617553711e+00
-2.548683404922485352e+00
-2.041939735412597656e+00
-2.790908336639404297e+00
-1.866819620132446289e+00
-1.991227984428405762e+00
-1.957150459289550781e+00
-1.958559274673461914e+00
-2.120718479156494141e+00
-1.965167641639709473e+00
-2.187701463699340820e+00
-2.436868906021118164e+00
-2.123362779617309570e+00
-1.966856479644775391e+00
-2.263104915618896484e+00
-2.576948609203100204e-04
-3.062849283218383789e+00
-2.116144180297851562e+00
-2.387951135635375977e+00
-2.364277362823486328e+00
-5.239103436470031738e-01
-7.687487006187438965e-01
-2.718915700912475586e+00
-2.646247386932373047e+00
-2.470515966415405273e+00
-1.511719942092895508e+00
-2.279467344284057617e+00
-3.198372125625610352e+00
-2.869689941406250000e+00
-2.302869796752929688e+00
-8.481051027774810791e-02
-2.603627681732177734e+00
-2.800456285476684570e+00
-1.995360970497131348e+00
-1.331556916236877441e+00
-2.824123144149780273e+00
-2.007517099380493164e+00
-3.155816793441772461e+00
-9.493496268987655640e-03
-2.228800535202026367e+00
-2.501231431961059570e+00
-1.409218549728393555e+00
-2.122908830642700195e+00
-2.423518657684326172e+00
-2.505954265594482422e+00
-2.990798950195312500e+00
-2.069138288497924805e+00
-2.418710470199584961e+00
-2.665968656539916992e+00
-2.346967458724975586e+00
-2.128289699554443359e+00
-7.373303524218499660e-04
-9.055610895156860352e-01
-2.559385299682617188e+00
-2.361940145492553711e+00
-2.316384197911247611e-04
-1.128834724426269531e+00
-2.650626897811889648e+00
-9.147521257400512695e-01
-1.408892421750351787e-04
-4.530235230922698975e-01
2.980618970468640327e-03
-3.139015519991517067e-03
-3.219777822494506836e+00
-2.345931291580200195e+00
-3.133787249680608511e-04
-1.924627423286437988e+00
-5.118509531021118164e-01
-1.160861691460013390e-03
-3.361406028270721436e-01
-6.535707712173461914e-01
-2.575533628463745117e+00
-1.521588535979390144e-03
-5.978631973266601562e-01
-9.188987314701080322e-03
9.080391610041260719e-04
-6.436643190681934357e-03
-2.325140498578548431e-02
-1.975451887119561434e-04
-1.651836500968784094e-04
-8.998176455497741699e-01
-2.839017629623413086e+00
-1.817711949348449707e+00
-3.003786550834774971e-04
-1.370670623145997524e-03
-9.927860228344798088e-04
-2.122472047805786133e+00
-1.889296889305114746e+00
-4.606596827507019043e-01
-3.169202827848494053e-04
-7.129002915462478995e-05
-2.255949802929535508e-04
-2.937110662460327148e+00
-2.500773116480559111e-04
-1.028518199920654297e+00
-2.834964776411652565e-03
-1.106297131627798080e-02
-2.950750968011561781e-05
-1.670708805322647095e-01
-9.431399405002593994e-03
-2.902419567108154297e+00
-2.380989724770188332e-03
-9.100313036469742656e-05
-3.149266558466479182e-05
-3.299908161163330078e+00
-2.166865587234497070e+00
-1.875755697255954146e-05
-2.936317818239331245e-03
-1.106795668601989746e+00
-6.034693797118961811e-04
-2.618965864181518555e+00
-7.415040135383605957e-01
-9.331360459327697754e-03
-2.649957656860351562e+00
-4.159874469041824341e-02
-2.010983589570969343e-04
-2.435397624969482422e+00
5.195511817932128906e+00
-2.147770021110773087e-03
-2.600459098815917969e+00
-2.863171577453613281e+00
-2.277692556381225586e-01
-1.040156960487365723e+00
-3.559485435485839844e+00
-1.921398758888244629e+00
-2.035476207733154297e+00
4.381195902824401855e-01
-2.833153247833251953e+00
-2.602430105209350586e+00
-2.636830806732177734e+00
-2.304149627685546875e+00
-2.543420314788818359e+00
-2.603760957717895508e+00
-1.120880246162414551e-02
-6.396204698830842972e-03
-2.148768186569213867e+00
-2.522152848541736603e-03
-2.435828685760498047e+00
-2.598351001739501953e+00
-1.852640271186828613e+00
-2.433443907648324966e-03
-1.327506899833679199e+00
-2.354125499725341797e+00
-2.967979431152343750e+00
-6.681842356920242310e-02
-2.126241207122802734e+00
-3.720275708474218845e-05
-4.300878208596259356e-04
-9.321430698037147522e-03
-3.869918286800384521e-01
-3.547386825084686279e-01
-2.098370313644409180e+00
-2.665256906766444445e-04
8.074488490819931030e-03
-1.265020691789686680e-03
-1.378897670656442642e-02
-5.867126863449811935e-03
-1.862518668174743652e+00
-3.562224283814430237e-02
-2.192892367020249367e-03
-2.490216732025146484e+00
-2.844637870788574219e+00
-8.990002097561955452e-04
-2.439291954040527344e+00
-7.741739153861999512e-01
-4.731536377221345901e-03
-4.969579822500236332e-05
-2.117202617228031158e-03
-3.308774948120117188e+00
-1.133453042712062597e-04
-1.806942373514175415e-02
-1.394079736201092601e-04
-1.510669708251953125e+00
-4.958489080308936536e-05
-1.874805020634084940e-04
-1.066814422607421875e+00
-1.381302475929260254e+00
-1.224582314491271973e+00
-1.534304697997868061e-03
-1.488345093093812466e-03
-2.825332641601562500e+00
-3.645313845481723547e-04
-2.468493767082691193e-03
-3.606262383982539177e-03
-3.177821781719103456e-05
4.853404971072450280e-05
-3.394065788597799838e-05
-4.251010250300168991e-05
-7.123115210561081767e-05
-3.193522570654749870e-04
-2.925169944763183594e+00
-2.593373060226440430e+00
-1.771672606468200684e+00
-3.284467458724975586e+00
-2.048700332641601562e+00
-2.175308704376220703e+00
-3.389579951763153076e-01
-2.281995773315429688e+00
-2.205315113067626953e+00
-2.454765319824218750e+00
-3.132371902465820312e+00
-2.741997003555297852e+00
-2.397328138351440430e+00
-2.242747783660888672e+00
-1.988137364387512207e+00
-1.386569230817258358e-03
-1.284446625504642725e-04
-2.065330505371093750e+00
-3.012174367904663086e+00
-3.281393766403198242e+00
-2.118078947067260742e+00
-3.185268163681030273e+00
-7.926125079393386841e-03
-1.399999670684337616e-02
-2.584116347134113312e-02
-3.245547533035278320e+00
-1.552706122398376465e+00
-1.289491634815931320e-02
-2.669523477554321289e+00
-3.025670528411865234e+00
-1.112754464149475098e+00
-2.600143671035766602e+00
-3.375454843044281006e-01
-4.297597110271453857e-01
-2.518065690994262695e+00
-1.399422180838882923e-04
-1.768911600112915039e+00
-3.099204778671264648e+00
-1.541599392890930176e+00
-4.004842787981033325e-02
-9.507118724286556244e-03
-4.970023874193429947e-03
-4.801843315362930298e-04
-7.733515650033950806e-02
-5.605897400528192520e-03
-1.026516663841903210e-03
-9.192806464852765203e-05
-1.001923918724060059e+00
-2.025656613113824278e-05
-1.770440256223082542e-03
-2.970028726849704981e-04
-3.360822051763534546e-02
-1.896682661026716232e-04
-3.506341090542264283e-05
-1.980186462402343750e+00
-3.477365244179964066e-04
-1.656628912314772606e-03
-5.726896971464157104e-02
-2.130565262632444501e-04
2.160157691832864657e-06
-1.991604208946228027e+00
-3.068694591522216797e+00
-1.024046214297413826e-04
-1.456472873687744141e+00
-4.193419226794503629e-05
-7.708892822265625000e-01
-2.492362737655639648e+00
-3.517947435379028320e+00
-1.179874837398529053e-01
-2.678626060485839844e+00
-1.140446901321411133e+00
-1.165518641471862793e+00
-2.502311815533175832e-07
-3.366490418557077646e-04
-3.014242793142329901e-05
-1.636391825741156936e-04
-1.142642850027186796e-05
-1.510279835201799870e-04
-2.801100781653076410e-04
-2.530837774276733398e+00
6.447674706578254700e-03
-3.899542207363992929e-05
-8.133893609046936035e-01
-5.662868261424591765e-06
-3.158751133014447987e-05
-1.412188867107033730e-03
-4.097798864677315578e-07
-4.440287739271298051e-05
-1.206929329782724380e-03
-3.282017360106692649e-06
-1.409051299095153809e+00
-2.432438135147094727e+00
-2.305716514587402344e+00
-2.864684581756591797e+00
-7.978686690330505371e-02
-3.111649751663208008e+00
-9.970074892044067383e-01
-2.147257089614868164e+00
-3.254611015319824219e+00
-1.226200222969055176e+00
-8.874345421791076660e-01
-3.524572372436523438e+00
-1.382744789123535156e+00
-7.156055420637130737e-02
-2.327741861343383789e+00
-1.034099914249964058e-04
-8.233027458190917969e-01
-1.217792630195617676e+00
-1.667940735816955566e+00
-4.393405106384307146e-06
-2.591145753860473633e+00
-9.356191381812095642e-03
-1.288313269615173340e-01
-1.652535423636436462e-02
-7.210449781268835068e-03
-2.342184543609619141e+00
-8.903421461582183838e-03
-7.664829172426834702e-05
-4.326751530170440674e-01
-2.270461797714233398e+00
-1.626076875254511833e-03
-5.193232093006372452e-03
2.471627085469663143e-04
-2.162031887564808130e-04
-1.057605862617492676e+00
-3.017837007064372301e-04
-1.478429555892944336e+00
-5.407842108979821205e-04
-1.698931455612182617e+00
1.226394488185178488e-05
-3.485244233161211014e-03
-1.516838550567626953e+00
-1.865141675807535648e-04
-3.084737539291381836e+00
-2.293827710673213005e-03
-3.616694509983062744e-01
-1.365230202674865723e+00
-2.603160381317138672e+00
-1.409777672961354256e-03
-1.782947103492915630e-03
-6.261471426114439964e-04
-2.636537253856658936e-01
-1.390945166349411011e-02
-1.121530890464782715e+00
-5.482659980771131814e-05
7.119925612641964108e-06
-1.287383725866675377e-03
-3.095981664955615997e-04
-2.357619378017261624e-04
-1.108060598373413086e+00
-3.794139623641967773e-01
-1.306987166404724121e+00
-1.465905666351318359e+00
-2.020827727392315865e-03
-1.748889327049255371e+00
-3.180636644363403320e+00
-1.932213902473449707e+00
-2.386312007904052734e+00
-4.228729009628295898e-02
-3.893947601318359375e+00
-2.533832332119345665e-03
-1.260130167007446289e+00
-2.895698070526123047e+00
-1.001275796443223953e-02
-2.768505334854125977e+00
-3.256222466006875038e-03
-4.788860213011503220e-03
-1.181423384696245193e-02
-5.388639983721077442e-04
-2.735295295715332031e+00
2.350948750972747803e-01
-2.753669978119432926e-04
-2.000080585479736328e+00
-1.976397037506103516e+00
-2.466291666030883789e+00
-2.697340911254286766e-03
-1.333531618118286133e+00
-1.575148582458496094e+00
-5.127600743435323238e-04
-6.561374757438898087e-04
1.378990509692812338e-05
-2.027286449447274208e-03
-2.601144552230834961e+00
-7.903895457275211811e-04
-5.875007808208465576e-02
-2.012987388297915459e-04
-9.080296877073124051e-05
-6.266952259466052055e-04
-1.144655048847198486e-03
-9.784384965896606445e-01
-3.077528715133666992e+00
-1.350814569741487503e-02
-3.058327674865722656e+00
-4.943067906424403191e-04
-9.840686107054352760e-04
-6.732755806297063828e-03
-4.041783104185014963e-04
-3.389282028365414590e-07
-2.098331315210089087e-04
-2.770922728814184666e-04
-1.435960410162806511e-03
-4.434131830930709839e-02
-9.334965609014034271e-03
-1.645238662604242563e-04
-1.497941266279667616e-04
-4.276572435628622770e-04
-1.183639883995056152e+00
-7.730675861239433289e-05
-7.364521026611328125e-01
-1.443024158477783203e+00
-2.520105838775634766e+00
-4.808299243450164795e-03
-1.630215160548686981e-02
-7.788741029798984528e-03
-6.936269346624612808e-05
-5.351197905838489532e-03
-2.426860570907592773e+00
-1.288898783968761563e-04
-1.948619319591671228e-04
-2.080150989058893174e-05
-1.335348642896860838e-04
-6.019874126650393009e-05
-1.601298339664936066e-03
-2.012227196246385574e-05
-6.969756213948130608e-04
-1.033930966514162719e-04
-2.551953657530248165e-04
-1.982087731361389160e+00
-4.626454785466194153e-03
-7.349433144554495811e-04
-4.537065979093313217e-04
-1.847160165198147297e-04
-2.041701316833496094e+00
-5.178340143174864352e-05
-1.209268957609310746e-04
-1.105084538459777832e+00
-2.111724615097045898e+00
-2.524191617965698242e+00
-1.076333501259796321e-05
-1.456730067729949951e-02
-1.042817020788788795e-04
-3.574080944061279297e+00
-8.323985093738883734e-05
-3.199188709259033203e-01
-6.445735198212787509e-05
-1.882220021798275411e-05
-4.729151442006696016e-06
-2.184088807553052902e-03
-1.730747288092970848e-03
-8.791493200988043100e-06
-9.716379572637379169e-04
-2.478338241577148438e+00
-4.926237161271274090e-04
-3.885613987222313881e-04
-7.855870353523641825e-05
-2.204219199484214187e-04
-6.882078200578689575e-02
-1.824825303629040718e-04
-3.786694651353172958e-05
-2.124784514307975769e-04
1.192418974824249744e-03
-1.221927523147314787e-04
-6.293411133810877800e-04
-3.518285666359588504e-05
-5.324512347579002380e-02
-3.562563577474975318e-08
-3.920329618267714977e-06
-9.993192739784717560e-03
-2.416092756902799010e-04
-3.611909598112106323e-02
-1.176807999610900879e+00
-5.971904993057250977e-01
-4.993212060071527958e-04
5.021729469299316406e-01
1.737162005156278610e-03
-1.854321271821390837e-05
-4.317186176776885986e-01
-1.393582497257739305e-04
-2.612378835678100586e+00
-7.555251941084861755e-04
-2.149546623229980469e+00
-2.174858702346682549e-03
1.221567392349243164e-01
-1.222074613906443119e-03
-3.346518054604530334e-02
-9.309678571298718452e-04
9.174606384476646781e-05
-1.037968322634696960e-04
-8.689531683921813965e-01
-5.658126319758594036e-04
-1.983378171920776367e+00
-6.425536121241748333e-04
-6.145955412648618221e-04
-3.744523273780941963e-04
-1.449404226150363684e-04
-3.279975499026477337e-04
-2.749197006225585938e+00
-8.353915996849536896e-03
-1.026511549949645996e+00
-6.074807242839597166e-05
1.769340815371833742e-05
-1.617827947484329343e-04
-3.004209836944937706e-03
1.348802179563790560e-04
-7.211653428385034204e-05
-1.370419515296816826e-03
-5.752546130679547787e-04
5.245262286734941881e-07
-7.396814972162246704e-02
-8.454143426206428558e-06
-5.698470864444971085e-03
-5.299327895045280457e-03
-2.671385009307414293e-04
-5.795569450128823519e-05
-1.017826944007538259e-04
-1.412372756749391556e-02
1.039715280057862401e-04
-2.478684655216056854e-05
-3.767678976058959961e+00
-2.511054917704313993e-04
1.849485306593123823e-05
2.675556424946989864e-05
-2.107506043103057891e-05
-9.818810038268566132e-03
-3.733238918357528746e-05
-1.290464773774147034e-03
4.087097750016255304e-06
-3.217681660316884518e-05
-4.890191834419965744e-03
-1.163766064564697444e-04
-1.912976615130901337e-03
2.092632894346024841e-05
-2.033461933024227619e-04
-1.817626357078552246e+00
-2.497851150110363960e-03
-1.261372381122782826e-05
-3.198863414581865072e-04
-3.309742212295532227e+00
-7.554768323898315430e-01
-3.123011265415698290e-05
-2.555919054429978132e-04
-8.768465486355125904e-04
-5.781478103017434478e-05
-2.015903446590527892e-04
-1.450149565935134888e-01
-3.252907097339630127e-02
-4.313066165195778012e-05
-1.662816357566043735e-04
-5.333901208359748125e-05
-1.124231144785881042e-03
-1.093394705094397068e-03
-3.928378646378405392e-05
-2.792265604512067512e-06
-1.178133301436901093e-03
2.286738716065883636e-03
-6.445723556680604815e-05
-1.524663623422384262e-02
-8.373775131076399703e-07
-1.738428603857755661e-03
-3.914161788998171687e-05
-2.707540716073708609e-07
-1.071530787157826126e-04
-3.181707579642534256e-04
-2.937948942184448242e+00
-1.401924123456410598e-07
-1.091863232431933284e-04
-1.529274959466420114e-05
-4.028550029033794999e-05
-4.572850302793085575e-04
-1.652996800839900970e-02
-1.250957429874688387e-04
2.858322659449186176e-05
-1.355014500603601846e-08
-1.426126545993611217e-04
-8.183944225311279297e-01
1.824082460188947152e-06
-5.904175486648455262e-05
4.451620770851150155e-05
-8.977425022749230266e-05
-7.958686865094932728e-07
-8.189771324396133423e-04
-3.597253817133605480e-05
-1.945604337379336357e-03
4.703406011685729027e-05
-9.519276767969131470e-02
-1.898222690215334296e-04
-2.913828939199447632e-03
-7.152707985369488597e-05
2.966415922855958343e-05
-2.595023834146559238e-04
-8.517396781826391816e-05
-7.117600762285292149e-04
-1.838792195485439152e-05
-8.715980220586061478e-04
-3.421236469876021147e-04
-3.572243076632730663e-05
-2.681365367607213557e-05
-4.813018872340535381e-10
-1.864654943346977234e-03
-8.809721521174651571e-07
-1.430833130143582821e-03
-1.946130752563476562e+00
-6.810505874454975128e-05
-5.149591597728431225e-04
-5.319185584085062146e-05
4.923783490085043013e-05
-1.265320024685934186e-04
-1.400101173203438520e-04
-4.325541667640209198e-04
1.608223683433607221e-04
-1.487332883698400110e-05
-2.560136490501463413e-04
-4.086181434104219079e-05
-3.547188043739879504e-06
-3.490752540528774261e-03
-4.366844677861081436e-06
3.273912079748697579e-05
-9.076077258214354515e-04
-5.951702594757080078e-01
5.337961192708462477e-05
-2.927673922386020422e-04
-5.847278589499182999e-05
-5.120998025631706696e-07
6.457730341935530305e-05
-1.360652822768315673e-05
-2.541722536087036133e+00
-2.486238918208982795e-05
-1.184627115726470947e-01
-3.963437848142348230e-05
-4.059870552737265825e-04
-2.307562972418963909e-04
-8.038502710405737162e-05
-3.797588215093128383e-05
-2.948968540295027196e-05
-9.505864727543666959e-05
-3.944698255509138107e-04
-2.022278204094618559e-05
-1.722716540098190308e-01
-6.252523598959669471e-05
3.947743607568554580e-06
-3.933482512366026640e-04
-1.177886133518768474e-05
-6.412513903342187405e-04
-9.044784383149817586e-05
-1.519703687336004805e-06
-8.978983532870188355e-05
-4.541790985967963934e-05
-9.051956003531813622e-04
-3.364128991961479187e-02
-4.252828512107953429e-05
-7.438740431098267436e-05
-7.298490963876247406e-04
-9.115905165672302246e-01
-1.298999041318893433e-02
-1.550855697132647038e-03
-1.854654547059908509e-04
-2.862137043848633766e-04
-3.595982445403933525e-03
-1.032064683386124671e-04
-1.074380474165081978e-03
-3.461945743765681982e-04
-2.624642002047039568e-05
-2.267779316753149033e-03
-2.022562597403521067e-07
-2.151263324776664376e-04
-1.750315714161843061e-04
-1.322923490079119802e-04
-6.369371112668886781e-05
-1.172472834587097168e+00
-1.560073927976191044e-03
-7.274897694587707520e-01
-3.934678898076526821e-05
-1.050013161147944629e-04
-9.334566857432946563e-05
-3.025802107003983110e-05
-2.705469727516174316e-03
1.073977500200271606e-01
-1.327903121709823608e-01
1.753448595991358161e-04
-1.786560518667101860e-03
6.240966031327843666e-04
7.084448952809907496e-06
-5.014038179069757462e-04
1.757781865308061242e-04
-1.100666541606187820e-02
-1.071040314855054021e-04
-9.730529272928833961e-04
-5.973243605694733560e-05
-1.127641808125190437e-04
-2.044126304099336267e-04
-7.033566816971870139e-06
-3.662607923615723848e-05
-7.927779734018258750e-06
1.808633783184632193e-06
-2.362615850870497525e-05
-5.668049561791121960e-05
-6.766166188754141331e-05
-1.216649616253562272e-04
-3.376804664731025696e-02
-4.732566594611853361e-05
-6.792495696572586894e-05
1.340148155577480793e-04
1.934572122991085052e-03
2.782758558169007301e-03
-2.008182345889508724e-04
-3.033127541129942983e-05
-3.931509581889258698e-06
-9.145832882495597005e-05
-3.105281591415405273e+00
-2.468833178281784058e-01
-7.334328256547451019e-04
-2.992362482473254204e-03
3.099222085438668728e-04
-1.263652084162458777e-04
-9.672710439190268517e-04
-1.384485745802521706e-03
-1.700199791230261326e-04
1.569585833749442827e-06
-6.391670467564836144e-05
3.321153201341076056e-07
-4.005551090813241899e-05
-2.992508825627737679e-06
-8.421578968409448862e-05
-8.025743625239556422e-08
9.820574632612988353e-05
-3.298804521560668945e+00
-1.056968141347169876e-02
-1.461240695789456367e-03
-1.134648802690207958e-03
-2.056455006822943687e-03
-9.260118531528860331e-05
-1.798682787921279669e-04
-2.477527130395174026e-03
2.840910201484803110e-05
-4.321259257267229259e-05
-1.146538465945923235e-06
-5.912815595365827903e-06
-1.965230621863156557e-04
-3.735024802153930068e-05
-8.568516350351274014e-04
-4.525692565948702395e-05
-2.597439743112772703e-05
-5.337556103768292814e-06
-2.168371429434046149e-04
-5.350377759896218777e-04
-5.053825589129701257e-05
-1.103137328755110502e-04
-1.882606593426316977e-04
-2.135543327312916517e-04
-2.948368091892916709e-06
-5.170960212126374245e-04
1.211625999530951958e-06
-1.110517041524872184e-04
-2.264366048621013761e-05
-1.544523715972900391e+00
1.805584906833246350e-05
-8.229780519286578055e-07
-1.097783524528495036e-06
-1.603559241630136967e-03
-2.690765142440795898e+00
-1.830955386161804199e+00
1.910860737552866340e-05
2.298581966897472739e-04
-5.333322405931539834e-05
-2.129091299138963223e-04
7.366866338998079300e-04
-5.139047279953956604e-04
-2.229313686257228255e-04
-3.041611671505961567e-05
-1.929018762893974781e-04
-5.086088640382513404e-05
-1.896014367730458616e-07
-1.549367443658411503e-04
-2.478536218404769897e-03
-1.320348936133086681e-03
5.269273370504379272e-02
-3.751113763428293169e-05
-2.648411054906318896e-06
-1.814024835766758770e-05
-1.021504212985746562e-04
-3.414998936932533979e-04
-2.438035735394805670e-04
-1.062013325281441212e-04
-1.786867942428216338e-04
-5.798058700747787952e-04
-2.834692131727933884e-04
-1.220625345013104379e-04
-9.310332097811624408e-05
-6.813711024733493105e-06
-1.690124690867378376e-06
-6.668562418781220913e-04
-4.426611994858831167e-04
-1.536703166493680328e-05
-2.137604024028405547e-04
-4.991141759091988206e-05
-3.369804107933305204e-05
-9.621853232383728027e-01
-2.093418966978788376e-03
-3.647641733550699428e-06
-6.753757770638912916e-05
-1.241334713995456696e-02
-1.226470107212662697e-03
-1.849947511800564826e-05
-2.382527782174292952e-05
-2.401547862973529845e-05
-4.582829933497123420e-05
-1.592511762282811105e-05
-3.152212593704462051e-04
-1.826218358473852277e-04
-3.170513082295656204e-04
-4.612964801253838232e-07
-2.751411294979466682e-12
-3.108081873506307602e-04
-1.631477175578766037e-09
-5.342004078556783497e-05
-4.770714440383017063e-05
-1.968524011317640543e-04
-1.181617917609401047e-04
-1.139932192018022761e-05
-1.646464806981384754e-04
-1.706941247903159820e-06
-2.061775816741828748e-08
-2.250554561614990234e+00
-6.656551704509183764e-05
-7.646533958904910833e-06
-3.671357408165931702e-04
6.555512663908302784e-05
-5.419149965746328235e-05
-4.629527757060714066e-05
-5.617076226371864323e-07
3.067960023880004883e+00
-3.065068740397691727e-03
-1.413352583767846227e-04
-3.456762933637946844e-04
-8.459272066829726100e-05
-3.389461198821663857e-04
-6.098751327954232693e-06
1.385911673423834145e-05
-4.646437082556076348e-05
-2.884900095523335040e-05
-4.177367663942277431e-04
6.699568629264831543e-01
-4.465279926080256701e-05
-9.052341920323669910e-05
-6.367316018440760672e-06
-6.892777491884771734e-06
5.213401527726091444e-05
-2.765151293715462089e-05
-4.559370427159592509e-05
-2.036986406892538071e-04
8.374356639251345769e-07
-3.554418626094957290e-08
-1.152623444795608521e-03
-4.741951488540507853e-05
-4.322114182286895812e-05
-1.895303284982219338e-05
-8.159385470207780600e-05
-1.416296058209809416e-08
-1.337574958801269531e+00
-2.789519548416137695e+00
-5.473778001032769680e-04
-3.263893886469304562e-04
-5.411686654355207793e-10
-6.737270450685173273e-05
-1.075409818440675735e-05
-1.770384114934131503e-04
-2.105122403008863330e-04
-1.373425009660422802e-03
-3.805459346040152013e-05
-1.501143230987073141e-13
-8.895881364878732711e-07
-2.533836777729447931e-05
-6.858439974166685715e-06
-4.420689947437494993e-05
5.509746915777213871e-05
2.188528560509439558e-05
1.435018770479246086e-10
-9.344612408312968910e-06
-8.760036962485173717e-08
-1.928094774484634399e-03
-6.129623216111212969e-05
-4.391181573737412691e-05
-1.490761951572494581e-05
-2.434045563859399408e-05
-1.122995581681607291e-05
-6.038842002453748137e-06
5.494459401234053075e-05
7.356944479397498071e-06
-8.591614459874108434e-05
-1.464452361688017845e-04
-1.656577478570397943e-05
-4.060476931044831872e-05
-3.305605059722438455e-05
-5.130660065333358943e-05
-7.266654574777930975e-05
-8.260514005087316036e-05
-3.151377916336059570e+00
-1.298946517636068165e-05
-4.296092874958687587e-17
-1.062968585756607354e-04
1.122331130318343639e-03
1.777735451469197869e-05
2.127298120643827950e-12
