-1.153168082237243652e+00 1.925038397312164307e-01 4.390240311622619629e-01 4.751260280609130859e-01 5.719759464263916016e-01
9.240729212760925293e-01 2.820616960525512695e+00 -1.202399060130119324e-01 1.645431160926818848e+00 -6.510596871376037598e-01
-1.957108527421951294e-01 1.334657073020935059e-01 1.895823240280151367e+00 -7.425656076520681381e-03 -1.375129222869873047e+00
-2.456906586885452271e-01 7.542893886566162109e-01 -6.362244486808776855e-01 2.574371099472045898e-01 -1.314649105072021484e+00
4.899748265743255615e-01 -2.245143055915832520e-01 -2.528501510620117188e+00 -1.882964134216308594e+00 7.303061485290527344e-01
-8.631557226181030273e-01 1.891857862472534180e+00 -1.268765211105346680e+00 -1.376338005065917969e-01 -8.341196179389953613e-01
9.403007626533508301e-01 -5.216040015220642090e-01 6.067828536033630371e-01 1.761228032410144806e-02 -4.880797564983367920e-01
-2.314845770597457886e-01 -7.776941359043121338e-02 1.355121135711669922e+00 9.103352427482604980e-01 6.562994718551635742e-01
-6.938117146492004395e-01 -8.560508489608764648e-01 3.438601791858673096e-01 1.520677566528320312e+00 -1.242131590843200684e+00
-6.807998418807983398e-01 4.508139193058013916e-01 2.277509421110153198e-01 -4.109301269054412842e-01 -1.354302372783422470e-02
-2.083150148391723633e+00 4.283063113689422607e-01 -1.662997454404830933e-01 -8.699384927749633789e-01 1.367145657539367676e+00
-5.352916717529296875e-01 1.798936247825622559e+00 8.389952033758163452e-02 -1.494360208511352539e+00 1.261649370193481445e+00
-2.462226390838623047e+00 7.245565950870513916e-02 8.640447258949279785e-01 -3.227396726608276367e+00 3.372262418270111084e-01
1.501529693603515625e+00 -4.369342029094696045e-01 -4.577550888061523438e-01 -1.219650268554687500e+00 -6.107201054692268372e-02
-1.069749742746353149e-01 -1.695683598518371582e+00 1.763992071151733398e+00 7.996721863746643066e-01 -6.094236969947814941e-01
-1.072432994842529297e+00 1.062388420104980469e+00 -1.472858667373657227e+00 4.750024080276489258e-01 2.083555907011032104e-01
5.355457663536071777e-01 2.516966760158538818e-01 -4.207738935947418213e-01 -1.207326173782348633e+00 1.142702817916870117e+00
-1.383074164390563965e+00 1.802680015563964844e+00 8.104994893074035645e-01 -3.322400093078613281e+00 1.223141789436340332e+00
-3.055940866470336914e+00 1.674565315246582031e+00 7.777215242385864258e-01 -1.933778047561645508e+00 2.088983535766601562e+00
-7.840795516967773438e-01 1.523160099983215332e+00 1.027027070522308350e-01 6.395316720008850098e-01 3.754394501447677612e-02
-2.967945933341979980e-01 1.872781157493591309e+00 -1.569477200508117676e+00 -4.160946011543273926e-01 2.073595821857452393e-01
-2.013247489929199219e+00 -3.168139755725860596e-01 1.418848276138305664e+00 -1.720238447189331055e+00 -3.821184635162353516e-01
-1.866723895072937012e+00 3.869238495826721191e-01 8.257343173027038574e-01 -8.714384166523814201e-04 6.909812688827514648e-01
-1.285364747047424316e+00 8.555728197097778320e-01 9.603025317192077637e-01 -4.674835130572319031e-02 8.847954273223876953e-01
-8.940749764442443848e-01 1.864268422126770020e+00 4.062217473983764648e-01 -1.881784349679946899e-01 8.710755705833435059e-01
-1.633089661598205566e+00 3.306624889373779297e-01 2.787204086780548096e-01 -2.404766678810119629e-01 1.751476079225540161e-01
-1.357772588729858398e+00 6.831918358802795410e-01 3.909604549407958984e-01 -1.069780290126800537e-01 1.120640873908996582e+00
-2.083273530006408691e-01 3.627645075321197510e-01 5.934228748083114624e-02 -9.375019930303096771e-03 4.859233200550079346e-01
1.704299569129943848e+00 -2.450076788663864136e-01 8.135498166084289551e-01 6.689224243164062500e-01 -5.343092083930969238e-01
-1.097104072570800781e+00 -7.345482707023620605e-02 8.728120326995849609e-01 8.194118738174438477e-02 2.427381277084350586e-01
5.042581558227539062e-01 4.234556257724761963e-01 1.091749668121337891e+00 -1.659311354160308838e-01 8.812967538833618164e-01
2.431349754333496094e-01 -1.822669267654418945e+00 8.306236863136291504e-01 -1.925675384700298309e-02 -1.917413771152496338e-01
1.110881328582763672e+00 3.621847629547119141e-01 -1.029179170727729797e-01 -2.156348973512649536e-01 1.077625870704650879e+00
1.101898252964019775e-01 -1.008177161216735840e+00 1.156484723091125488e+00 1.163449525833129883e+00 -2.956769168376922607e-01
1.671113729476928711e+00 -4.168933928012847900e-01 2.553960382938385010e-01 2.091230750083923340e-01 7.105380296707153320e-01
3.411667644977569580e-01 5.802928209304809570e-01 1.412240117788314819e-01 -3.521517217159271240e-01 4.524755775928497314e-01
7.777303457260131836e-01 -1.438402086496353149e-01 1.390929698944091797e+00 -2.459823936223983765e-01 4.621040225028991699e-01
-6.134124398231506348e-01 4.348029196262359619e-01 2.076458692550659180e+00 2.003105282783508301e-01 1.279457330703735352e+00
-3.943990767002105713e-01 1.199179649353027344e+00 1.492798805236816406e+00 -7.015622407197952271e-02 1.221041798591613770e+00
-4.244636893272399902e-01 -1.107431411743164062e+00 1.195330619812011719e+00 -6.243613958358764648e-01 1.021791577339172363e+00
9.764543175697326660e-01 -1.411470532417297363e+00 3.174380958080291748e-01 -5.182866454124450684e-01 7.487997412681579590e-01
-9.971921443939208984e-01 7.631033658981323242e-02 2.427138388156890869e-01 2.438931912183761597e-01 4.802228510379791260e-01
-3.385669291019439697e-01 8.554450422525405884e-02 6.904476284980773926e-01 5.019663572311401367e-01 -6.315655112266540527e-01
1.807525038719177246e+00 2.397745251655578613e-01 -3.826266527175903320e-01 -6.277255415916442871e-01 -1.178591370582580566e+00
9.455375671386718750e-01 9.141152352094650269e-02 -1.008528769016265869e-01 -4.264523386955261230e-01 1.117049574851989746e+00
8.206276297569274902e-01 -9.294429421424865723e-01 1.596938133239746094e+00 1.366289258003234863e+00 -7.386263608932495117e-01
1.104629784822463989e-01 -1.895595192909240723e-01 1.334527134895324707e+00 2.317789047956466675e-01 2.301729768514633179e-01
3.461830914020538330e-01 6.667355298995971680e-01 7.772520780563354492e-01 1.597692728042602539e+00 -6.081956624984741211e-01
-4.379194602370262146e-02 5.020775198936462402e-01 1.335455179214477539e+00 -2.075424231588840485e-02 2.322740294039249420e-02
-2.581241369247436523e+00 1.071387052536010742e+00 -6.349200010299682617e-01 1.274718523025512695e+00 6.515091657638549805e-01
1.288918375968933105e+00 5.544421076774597168e-01 -1.174410820007324219e+00 1.488224029541015625e+00 1.140148282051086426e+00
-5.065196156501770020e-01 1.372599899768829346e-01 -4.317434430122375488e-01 -8.308465480804443359e-01 5.776681900024414062e-01
6.877338141202926636e-02 -1.057927727699279785e+00 -7.354364991188049316e-01 -2.391223162412643433e-01 4.058110713958740234e-01
1.349229812622070312e+00 -7.053654789924621582e-01 4.965901374816894531e-01 -6.741743683815002441e-01 -6.699144095182418823e-02
-4.424322769045829773e-02 -1.234254539012908936e-01 -5.939313396811485291e-02 -6.237046122550964355e-01 -2.429055124521255493e-01
-1.736131191253662109e+00 -1.037694931030273438e+00 1.068348765373229980e+00 1.075617313385009766e+00 -1.050007820129394531e+00
9.445599466562271118e-02 7.410700321197509766e-01 -2.356877923011779785e-01 1.337684869766235352e+00 -7.856341004371643066e-01
-7.646489739418029785e-01 -6.918715685606002808e-02 5.632606148719787598e-01 4.225214123725891113e-01 4.063661098480224609e-01
-3.686058819293975830e-01 3.444410562515258789e-01 3.803923130035400391e-01 -4.221136868000030518e-01 -2.756253182888031006e-01
-3.568017780780792236e-01 3.482514321804046631e-01 3.842540979385375977e-01 -4.174326062202453613e-01 -2.794004380702972412e-01
-3.785416781902313232e-01 3.391097784042358398e-01 3.791104257106781006e-01 -4.231987893581390381e-01 -2.891025841236114502e-01
-5.954483151435852051e-02 2.679165601730346680e-01 3.731257915496826172e-01 -5.468029379844665527e-01 2.290980145335197449e-02
-1.192828267812728882e-01 2.729605138301849365e-01 3.224928081035614014e-01 -5.471696257591247559e-01 -1.614893414080142975e-02
-2.661956250667572021e-01 -2.858174741268157959e-01 1.683202624320983887e+00 -6.453138589859008789e-02 1.251128166913986206e-01
-5.787379145622253418e-01 -2.592167258262634277e-01 1.520918130874633789e+00 1.526795923709869385e-01 -2.112810909748077393e-01
-8.812978267669677734e-01 9.159621596336364746e-01 1.527260899543762207e+00 1.317403316497802734e-01 -4.421784281730651855e-01
-1.679727435111999512e+00 1.114642024040222168e+00 2.643758058547973633e-01 -4.024057388305664062e-01 -7.006747722625732422e-01
-1.307732462882995605e+00 -7.729372382164001465e-01 1.199726939201354980e+00 9.404314160346984863e-01 6.144949197769165039e-01
-6.886218488216400146e-02 4.660822153091430664e-01 1.281983971595764160e+00 1.231171846389770508e+00 -8.669531345367431641e-02
-1.666404753923416138e-01 2.327832698822021484e+00 1.033351063728332520e+00 -6.568522453308105469e-01 -3.746359348297119141e-01
-1.008440852165222168e+00 2.046856164932250977e+00 5.588377118110656738e-01 -3.299197852611541748e-01 -4.455605745315551758e-01
-4.861615896224975586e-01 1.512887001037597656e+00 1.158225059509277344e+00 3.159800171852111816e-01 4.046319425106048584e-01
-1.144937202334403992e-01 1.239308834075927734e+00 1.639625787734985352e+00 2.888562083244323730e-01 7.742015719413757324e-01
6.006267070770263672e-01 -2.717766761779785156e-01 1.746438741683959961e+00 -3.099901974201202393e-01 2.519213259220123291e-01
4.383303970098495483e-02 -6.776937246322631836e-01 9.503687620162963867e-01 -9.458700418472290039e-01 8.932860493659973145e-01
-1.694812059402465820e+00 4.144370928406715393e-02 8.417237997055053711e-01 -5.495610237121582031e-01 -3.771152794361114502e-01
-2.662391066551208496e-01 6.132299304008483887e-01 1.682662844657897949e+00 -5.882413387298583984e-01 2.258004844188690186e-01
-1.043512582778930664e+00 4.932372868061065674e-01 1.539148092269897461e+00 -2.854903936386108398e-01 4.307693839073181152e-01
-5.222969055175781250e-01 1.183478713035583496e+00 1.221054673194885254e+00 -2.854744791984558105e-01 4.169659614562988281e-01
-1.433354377746582031e+00 9.437628388404846191e-01 -1.639381796121597290e-01 4.103067815303802490e-01 -8.791009187698364258e-01
-1.222240567207336426e+00 7.638875246047973633e-01 9.651093482971191406e-01 -6.098698973655700684e-01 2.892621755599975586e-01
-5.200964808464050293e-01 2.486749440431594849e-01 1.882997035980224609e+00 -7.296727299690246582e-01 1.080921292304992676e+00
-3.992611765861511230e-01 1.154942393302917480e+00 -3.300653994083404541e-01 -4.568858742713928223e-01 -2.541492581367492676e-01
-1.070753335952758789e+00 3.571218252182006836e-02 2.528568506240844727e-01 5.400711894035339355e-01 1.899837702512741089e-01
-1.566518247127532959e-01 1.465016603469848633e+00 5.335432291030883789e-01 -6.653602123260498047e-01 -4.956413209438323975e-01
7.215580344200134277e-01 4.521799683570861816e-01 1.930570602416992188e+00 -7.135764956474304199e-01 4.470720887184143066e-01
1.429414272308349609e+00 7.096354365348815918e-01 -7.147012352943420410e-01 1.173103228211402893e-01 1.829038858413696289e+00
9.361335039138793945e-01 -2.859114706516265869e-01 1.569812297821044922e+00 -3.012140095233917236e-01 4.544290900230407715e-01
-1.058095693588256836e+00 -7.815840244293212891e-01 3.644889593124389648e-01 1.000976443290710449e+00 -1.338773012161254883e+00
4.763646125793457031e-01 -1.253175735473632812e-01 -3.607027828693389893e-01 -1.287893176078796387e+00 3.103921115398406982e-01
-1.125370740890502930e+00 4.365965425968170166e-01 3.476869463920593262e-01 -6.332743167877197266e-01 -1.522603183984756470e-01
-9.827962517738342285e-01 3.363282382488250732e-01 4.541567862033843994e-01 -6.745414733886718750e-01 -1.263174414634704590e-01
-1.726029396057128906e+00 6.196352243423461914e-01 -6.064486503601074219e-01 1.451741099357604980e+00 -1.413161635398864746e+00
-1.672394514083862305e+00 -5.303068161010742188e-01 -2.436891794204711914e-01 7.295469641685485840e-01 8.459293842315673828e-01
-1.286081552505493164e+00 4.322714209556579590e-01 -8.284271955490112305e-01 -7.313011884689331055e-01 3.640320897102355957e-02
8.057972043752670288e-02 1.914778351783752441e-02 8.333966732025146484e-01 -8.787943422794342041e-02 2.056832425296306610e-02
1.566967725753784180e+00 1.843747735023498535e+00 -2.434133291244506836e-01 -1.552074074745178223e+00 -2.584312558174133301e-01
1.069545865058898926e+00 1.073849439620971680e+00 3.195789456367492676e-01 -4.240803122520446777e-01 -8.098455667495727539e-01
-1.872027993202209473e+00 6.012954115867614746e-01 -5.526034832000732422e-01 -3.363955914974212646e-01 -4.747729748487472534e-02
-1.301225900650024414e+00 3.652099072933197021e-01 1.970337927341461182e-01 -3.605771660804748535e-01 5.709459185600280762e-01
-1.563503146171569824e+00 -1.383507549762725830e-01 1.762464761734008789e+00 -5.918809771537780762e-01 -3.213677704334259033e-01
-1.964751839637756348e+00 -3.469193577766418457e-01 1.541848897933959961e+00 -5.771709084510803223e-01 -5.303794145584106445e-01
-2.715805359184741974e-02 1.574094891548156738e+00 -5.330430343747138977e-02 -4.970654547214508057e-01 -9.558793306350708008e-01
4.002955257892608643e-01 9.504389762878417969e-01 3.207660615444183350e-01 -7.975580096244812012e-01 -2.064398378133773804e-01
-4.663906693458557129e-01 6.379643678665161133e-01 4.936742186546325684e-01 -5.732904672622680664e-01 4.685977995395660400e-01
-9.950189292430877686e-02 1.188851475715637207e+00 4.869973659515380859e-01 -4.534164667129516602e-01 4.980244040489196777e-01
-1.193178519606590271e-01 4.992308020591735840e-01 3.300965130329132080e-01 -1.829250603914260864e-01 -3.934716880321502686e-01
3.004858195781707764e-01 3.206588625907897949e-01 8.899577856063842773e-01 1.225275769829750061e-01 -2.690334320068359375e-01
-1.703466892242431641e+00 1.164646148681640625e+00 1.944370627403259277e+00 -2.421275228261947632e-01 -3.772919476032257080e-01
-1.602385342121124268e-01 -1.305706948041915894e-01 4.758398830890655518e-01 -7.311815023422241211e-01 8.987634181976318359e-01
-2.049484699964523315e-01 3.253732621669769287e-01 6.591358780860900879e-02 -7.369855642318725586e-01 7.216864824295043945e-01
-2.664864659309387207e-01 -3.214805126190185547e-01 2.421060323715209961e+00 -1.155189648270606995e-01 7.860001325607299805e-01
-7.662111520767211914e-01 1.355407476425170898e+00 9.206184148788452148e-01 3.324025869369506836e-02 -7.503923028707504272e-02
-2.180498652160167694e-02 1.238752841949462891e+00 4.250555038452148438e-01 -4.806737303733825684e-01 -5.419428348541259766e-01
-6.125674843788146973e-01 6.389831304550170898e-01 4.264419078826904297e-01 -1.410848975181579590e+00 -1.162468791007995605e+00
-1.819854497909545898e+00 -1.331777334213256836e+00 9.347313642501831055e-01 -3.230887651443481445e-01 -5.322169661521911621e-01
-2.989819087088108063e-02 1.617317676544189453e+00 3.964010179042816162e-01 -2.571722269058227539e-01 -1.564615815877914429e-01
-1.027151107788085938e+00 4.974842071533203125e-01 6.318594217300415039e-01 -2.867021262645721436e-01 -5.126744508743286133e-01
-1.488905906677246094e+00 1.482931971549987793e+00 4.467237889766693115e-01 -5.388416647911071777e-01 -1.405436158180236816e+00
-1.565180182456970215e+00 5.223376750946044922e-01 1.343830347061157227e+00 -8.384397625923156738e-02 -1.176438331604003906e+00
-1.501692414283752441e+00 7.025665640830993652e-01 9.333840012550354004e-01 -6.579805016517639160e-01 -1.141993641853332520e+00
-2.201053872704505920e-02 -6.506488472223281860e-02 -4.479203820228576660e-01 -2.431662380695343018e-02 1.610646247863769531e-01
4.925987422466278076e-01 -4.671310260891914368e-02 -9.656883478164672852e-01 -1.537177115678787231e-01 8.413635492324829102e-01
-1.236988306045532227e+00 1.917983412742614746e+00 -8.266811966896057129e-01 1.732585430145263672e-01 -7.691425085067749023e-02
5.343344211578369141e-01 5.120592713356018066e-01 2.473252058029174805e+00 1.500312089920043945e+00 7.230799198150634766e-01
-1.793145895004272461e+00 -4.251812933944165707e-04 1.009833097457885742e+00 -3.663598299026489258e-01 -2.272555083036422729e-01
-9.202675223350524902e-01 9.568539857864379883e-01 1.025783538818359375e+00 -5.262538194656372070e-01 -4.171072840690612793e-01
-1.793631076812744141e+00 1.070569872856140137e+00 1.624251902103424072e-01 -3.234888613224029541e-01 -8.279348611831665039e-01
-6.280147004872560501e-03 2.407970428466796875e-01 6.454136967658996582e-01 -4.756922423839569092e-01 2.308371365070343018e-01
-1.387848019599914551e+00 4.309112951159477234e-02 4.254521131515502930e-01 -4.508752226829528809e-01 -5.479189157485961914e-01
-9.727917909622192383e-01 8.821112513542175293e-01 7.638129591941833496e-01 -1.807817965745925903e-01 4.293171763420104980e-01
-2.116554498672485352e+00 2.925911247730255127e-01 3.072323203086853027e-01 -1.098520904779434204e-01 -2.421811521053314209e-01
-7.000319957733154297e-01 1.522617489099502563e-01 7.962575554847717285e-02 -5.309074651449918747e-03 -6.882369518280029297e-01
-9.605433940887451172e-01 -3.196861222386360168e-02 3.097602427005767822e-01 6.757678985595703125e-01 1.656660437583923340e-01
-1.471402347087860107e-01 6.185213923454284668e-01 2.006581127643585205e-01 -3.814409971237182617e-01 -6.940755844116210938e-01
2.178094685077667236e-01 8.874355554580688477e-01 6.895415782928466797e-01 -6.677994132041931152e-01 5.384372472763061523e-01
-1.247298359870910645e+00 2.904359698295593262e-01 3.118936121463775635e-01 -5.944790840148925781e-01 -1.027090549468994141e+00
-1.027625322341918945e+00 -2.536365389823913574e-01 1.559420466423034668e+00 -4.012971743941307068e-02 -1.028114438056945801e+00
-8.495961427688598633e-01 1.278848052024841309e+00 9.371787905693054199e-01 -3.035430908203125000e-01 2.076825648546218872e-01
2.339473515748977661e-01 4.678806066513061523e-01 1.480462998151779175e-01 9.897876530885696411e-02 8.250707387924194336e-01
-2.424464821815490723e-01 4.886319935321807861e-01 3.587450459599494934e-02 -6.190587282180786133e-01 -8.911870121955871582e-01
-2.507837712764739990e-01 -5.963684916496276855e-01 -2.370648831129074097e-01 -4.055101796984672546e-02 8.919666409492492676e-01
-3.095758557319641113e-01 -1.304098725318908691e+00 -2.027532339096069336e+00 4.210857748985290527e-01 -1.825735807418823242e+00
5.360688641667366028e-02 -6.874204874038696289e-01 -1.746641993522644043e-01 7.337467074394226074e-01 9.198877811431884766e-01
-1.002120852470397949e+00 -1.308511972427368164e+00 5.084509253501892090e-01 -1.635624289512634277e+00 -1.046975731849670410e+00
1.009741187095642090e+00 -1.325372755527496338e-01 1.755811810493469238e+00 -1.128231525421142578e+00 3.159612715244293213e-01
-1.227866530418395996e+00 1.597454071044921875e+00 1.115045785903930664e+00 5.179514735937118530e-02 -1.073276042938232422e+00
-1.286327958106994629e+00 6.121919751167297363e-01 6.916611194610595703e-01 -9.607422351837158203e-01 -7.153216004371643066e-01
-3.575951159000396729e-01 3.597068488597869873e-01 8.525253534317016602e-01 -5.021762847900390625e-01 -1.243835221976041794e-02
3.811895549297332764e-01 1.466081738471984863e+00 1.164651960134506226e-01 2.125255316495895386e-01 -1.870401203632354736e-01
-1.126386284828186035e+00 1.054688334465026855e+00 2.993996739387512207e-01 -4.685982465744018555e-01 -7.062454223632812500e-01
-7.534564733505249023e-01 -7.739779353141784668e-01 -8.827474713325500488e-02 -1.242770195007324219e+00 1.424998044967651367e-01
3.065021038055419922e-01 1.313205838203430176e+00 -8.918356895446777344e-01 -2.382803261280059814e-01 -2.054207086563110352e+00
-1.167217135429382324e+00 1.796422600746154785e+00 8.077886104583740234e-01 -8.087646216154098511e-02 -9.457638263702392578e-01
-5.647853612899780273e-01 -1.505157232284545898e+00 -2.672269046306610107e-01 -7.586169838905334473e-01 -8.106043338775634766e-01
1.091439962387084961e+00 -9.115529656410217285e-01 8.353160619735717773e-01 1.486310213804244995e-01 -1.681183129549026489e-01
2.186052083969116211e+00 -4.657123982906341553e-01 1.064417123794555664e+00 6.699292659759521484e-01 -2.795731723308563232e-01
-1.733304500579833984e+00 1.414279222488403320e+00 -8.913920521736145020e-01 -8.630965948104858398e-01 -5.524171590805053711e-01
-1.341423392295837402e+00 2.617242813110351562e+00 1.630208253860473633e+00 1.731662005186080933e-01 -1.480054974555969238e+00
-1.491657972335815430e+00 2.623721599578857422e+00 1.406940817832946777e+00 8.441656827926635742e-02 -1.472961306571960449e+00
-1.206384897232055664e+00 -8.039338588714599609e-01 2.952936589717864990e-01 -7.957728505134582520e-01 5.837114453315734863e-01
-1.151341199874877930e+00 1.826804578304290771e-01 5.787573456764221191e-01 -5.801878497004508972e-02 -6.862525343894958496e-01
-1.657413482666015625e+00 1.173342704772949219e+00 4.566837251186370850e-01 -6.907199025154113770e-01 -1.514027237892150879e+00
-9.010717272758483887e-01 2.040758848190307617e+00 5.013699531555175781e-01 -8.303388953208923340e-01 -1.255829215049743652e+00
-1.072739716619253159e-03 1.121661543846130371e+00 6.910607814788818359e-01 9.697392582893371582e-01 -2.005206346511840820e-01
1.412023544311523438e+00 5.314671397209167480e-01 1.901602447032928467e-01 -9.584443569183349609e-01 -6.360938549041748047e-01
-1.364218235015869141e+00 1.788139343261718750e-01 6.243971586227416992e-01 -1.817387938499450684e-01 -8.425229191780090332e-01
-1.022242307662963867e+00 5.756997466087341309e-01 6.154072880744934082e-01 -1.769811511039733887e-01 -7.130373120307922363e-01
-1.509399414062500000e+00 1.438428282737731934e+00 2.408418506383895874e-01 1.076469197869300842e-02 -1.196686506271362305e+00
-8.884289115667343140e-02 1.590657711029052734e+00 1.059840679168701172e+00 -4.885040521621704102e-01 3.998350203037261963e-01
-3.959407508373260498e-01 1.075388431549072266e+00 -4.503466784954071045e-01 6.307161450386047363e-01 2.492048144340515137e-01
-1.977990716695785522e-01 -6.935714483261108398e-01 -8.786545395851135254e-01 1.749778389930725098e+00 1.038912031799554825e-02
-9.360633492469787598e-01 1.870315521955490112e-01 1.254337668418884277e+00 1.728659868240356445e-01 -5.999854803085327148e-01
-4.623613953590393066e-01 2.352422475814819336e-01 1.535521864891052246e+00 -7.293751835823059082e-02 -2.527384459972381592e-01
-1.171292781829833984e+00 1.294623494148254395e+00 3.920858204364776611e-01 -2.828170955181121826e-01 -1.003677487373352051e+00
-3.004775941371917725e-01 8.272217512130737305e-01 1.646102905273437500e+00 -3.950844705104827881e-02 -4.263161122798919678e-01
-2.161473035812377930e-01 -2.587143480777740479e-01 -4.496554434299468994e-01 1.015393853187561035e+00 -1.491880565881729126e-01
-6.194093823432922363e-01 -9.844464063644409180e-01 -1.138726711273193359e+00 1.281740307807922363e+00 -1.073342442512512207e+00
-5.397529006004333496e-01 5.802001953125000000e-01 1.345235466957092285e+00 -7.117543220520019531e-01 -7.138046622276306152e-02
-8.240143656730651855e-01 9.477744251489639282e-02 1.864390015602111816e+00 -3.656826019287109375e-01 -7.527853250503540039e-01
-1.106646180152893066e+00 -9.479371309280395508e-01 1.880593299865722656e+00 -4.207513481378555298e-02 -8.523028492927551270e-01
-8.526378870010375977e-01 -7.185151576995849609e-01 1.768503546714782715e+00 -3.027054667472839355e-01 -2.398743480443954468e-01
-1.963813304901123047e-01 -1.039241075515747070e+00 7.059083580970764160e-01 4.960703849792480469e-01 -5.377655625343322754e-01
5.267457962036132812e-01 8.584076166152954102e-01 -1.097459077835083008e+00 1.660084486007690430e+00 -3.275743424892425537e-01
-4.988580048084259033e-01 8.078219294548034668e-01 1.254189610481262207e+00 -6.940963268280029297e-01 -3.162384927272796631e-01
-9.336228370666503906e-01 9.516101479530334473e-01 3.402648866176605225e-01 1.729840971529483795e-02 1.504247486591339111e-01
-2.401433706283569336e+00 3.825902938842773438e-01 -2.050357609987258911e-01 7.783979177474975586e-01 6.971875429153442383e-01
-1.332452297210693359e+00 1.258992075920104980e+00 -2.831416726112365723e-01 7.359072566032409668e-02 1.675891280174255371e+00
1.480209827423095703e+00 -1.427439093589782715e+00 2.914858162403106689e-01 8.783701807260513306e-02 -2.450310587882995605e-01
5.228084921836853027e-01 1.008381098508834839e-01 1.152899026870727539e+00 8.718879222869873047e-01 -9.519069790840148926e-01
-6.001378297805786133e-01 5.012410283088684082e-01 5.623560547828674316e-01 7.210512459278106689e-02 7.658678293228149414e-01
-1.781921386718750000e+00 -5.070281624794006348e-01 8.946760743856430054e-02 2.034338563680648804e-02 1.354726076126098633e+00
-1.151384234428405762e+00 -7.942669987678527832e-01 6.826022863388061523e-01 2.311417907476425171e-01 1.267473101615905762e+00
-5.487157106399536133e-01 -9.651128053665161133e-01 7.945486903190612793e-02 1.854550600051879883e+00 5.475711822509765625e-01
8.499556779861450195e-01 -7.884782552719116211e-01 3.371546268463134766e-01 2.785290181636810303e-01 -9.079551100730895996e-01
-1.548465728759765625e+00 -6.981425881385803223e-01 2.479094117879867554e-01 7.342025041580200195e-01 1.821817517280578613e+00
-1.353671550750732422e+00 -1.062431693077087402e+00 4.128191471099853516e-01 9.260171055793762207e-01 6.896021366119384766e-01
1.012196302413940430e+00 5.721053108572959900e-02 1.767191886901855469e+00 6.263973563909530640e-02 2.615206241607666016e+00
-5.784190297126770020e-01 2.565970830619335175e-02 2.464847415685653687e-01 9.801163077354431152e-01 1.057074666023254395e+00
-1.415805816650390625e+00 -1.081019520759582520e+00 1.277099728584289551e+00 -1.147339463233947754e+00 -3.741827309131622314e-01
1.587438464164733887e+00 -1.323347330093383789e+00 1.801626563072204590e+00 8.606542348861694336e-01 -9.161842465400695801e-01
-1.147486448287963867e+00 -1.191266059875488281e+00 -4.680212438106536865e-01 -2.859012782573699951e-01 1.146760463714599609e+00
-3.867253065109252930e-01 -1.168782472610473633e+00 -8.758427202701568604e-02 1.468075752258300781e+00 7.671466469764709473e-01
1.168744087219238281e+00 -3.571084439754486084e-01 -1.233376383781433105e+00 -3.360510766506195068e-01 8.967350125312805176e-01
3.086144030094146729e-01 5.432624816894531250e-01 1.869162082672119141e+00 -2.244957983493804932e-01 1.397996544837951660e+00
6.157394647598266602e-01 1.727132081985473633e+00 1.239924073219299316e+00 -2.756609439849853516e+00 1.790146470069885254e+00
-9.774042367935180664e-01 6.331096887588500977e-01 3.411889970302581787e-01 3.949069604277610779e-02 5.307251214981079102e-02
-1.176549196243286133e+00 -1.665704138576984406e-02 9.244613051414489746e-01 2.534062385559082031e+00 -1.713177710771560669e-01
-1.218778610229492188e+00 1.619839906692504883e+00 -2.262940853834152222e-01 -9.125647693872451782e-02 5.526821613311767578e-01
-2.202505916357040405e-01 -2.493392676115036011e-01 3.658343553543090820e-01 -1.912471532821655273e+00 -1.210458397865295410e+00
-1.735551118850708008e+00 -5.948849720880389214e-04 -8.141465783119201660e-01 9.247236251831054688e-01 -9.325291216373443604e-02
1.810256361961364746e+00 1.128650426864624023e+00 -5.020767077803611755e-02 -1.063053727149963379e+00 -3.458548784255981445e-01
7.360665202140808105e-01 -7.218909263610839844e-01 5.216968059539794922e-01 -8.221589326858520508e-01 -3.380915522575378418e-01
-4.347739219665527344e-01 1.448789477348327637e+00 -6.372407674789428711e-01 -4.107523858547210693e-01 -1.318052113056182861e-01
-8.443920612335205078e-01 -1.389328837394714355e+00 5.719092488288879395e-01 6.210867762565612793e-01 1.345892429351806641e+00
-5.783116817474365234e-01 -5.274025201797485352e-01 7.230370044708251953e-01 -3.666147589683532715e-01 3.377318382263183594e-01
-4.996243715286254883e-01 -1.912254840135574341e-01 -5.558566451072692871e-01 2.330407857894897461e+00 -2.620554566383361816e-01
-6.679354906082153320e-01 1.125770509243011475e-01 -6.213796734809875488e-01 -8.963887095451354980e-01 1.658988893032073975e-01
-6.415628790855407715e-01 6.772007346153259277e-01 -5.815800428390502930e-01 -2.847642898559570312e-01 -3.559409081935882568e-01
4.013391956686973572e-02 1.058956265449523926e+00 6.194881796836853027e-01 -4.388229548931121826e-01 -3.568098843097686768e-01
4.198171198368072510e-01 8.176895231008529663e-02 1.805136084556579590e+00 -8.819276094436645508e-01 3.536336496472358704e-02
1.830442845821380615e-01 -2.336134761571884155e-02 -1.078409790992736816e+00 -2.049417495727539062e+00 1.542934030294418335e-02
1.046011447906494141e-01 6.574391126632690430e-01 -8.571401238441467285e-01 3.338534617796540260e-03 -6.764727234840393066e-01
-9.644654393196105957e-01 1.065308570861816406e+00 3.370757699012756348e-01 7.759164273738861084e-02 -5.948967486619949341e-02
-7.962436676025390625e-01 8.998323678970336914e-01 6.055997610092163086e-01 1.009632721543312073e-01 9.775821864604949951e-02
-9.967821091413497925e-02 8.332526683807373047e-01 1.263563156127929688e+00 -2.228290885686874390e-01 1.201911807060241699e+00
-2.147352099418640137e-01 9.268534779548645020e-01 8.072450160980224609e-01 1.097780466079711914e+00 1.356489419937133789e+00
1.007496476173400879e+00 1.413364529609680176e+00 -2.618240416049957275e-01 -1.393471509218215942e-01 -3.764475882053375244e-01
7.596180438995361328e-01 -1.613338947296142578e+00 7.884870767593383789e-01 8.434091806411743164e-01 -2.728094756603240967e-01
1.521738052368164062e+00 1.381737351417541504e+00 1.660491526126861572e-02 -5.046001076698303223e-01 1.408265709877014160e+00
-6.884412765502929688e-01 -1.701344370841979980e+00 1.822459459304809570e+00 -1.008972406387329102e+00 3.846453130245208740e-01
3.533622026443481445e-01 1.932010531425476074e+00 -4.655153453350067139e-01 5.217839479446411133e-01 2.206012308597564697e-01
-1.030478477478027344e+00 -3.616750538349151611e-01 1.461763501167297363e+00 -2.870047688484191895e-01 1.112317204475402832e+00
2.760082483291625977e-01 -5.889463424682617188e-01 6.668965220451354980e-01 -2.413722127676010132e-01 -4.324524998664855957e-01
-9.957352280616760254e-01 -2.993703782558441162e-01 -5.724170207977294922e-01 -1.201830267906188965e+00 -1.628952026367187500e+00
-7.396297454833984375e-01 8.359586596488952637e-01 1.075988292694091797e+00 -1.054358109831809998e-01 2.808669209480285645e-01
-3.654291629791259766e-01 -1.324688196182250977e-01 1.207963705062866211e+00 -9.509242177009582520e-01 8.034973740577697754e-01
-6.282822489738464355e-01 6.695831418037414551e-01 4.323372244834899902e-01 -6.275185346603393555e-01 -1.717287674546241760e-02
4.395627677440643311e-01 -9.743152856826782227e-01 -5.297916531562805176e-01 -5.349305868148803711e-01 7.139089703559875488e-01
2.835826575756072998e-01 -2.875655293464660645e-01 -1.591906547546386719e-01 4.571246504783630371e-01 -3.358094394207000732e-01
-7.964811921119689941e-01 -1.169596835970878601e-01 -4.643628373742103577e-02 -3.856999874114990234e-01 1.361395418643951416e-01
-1.349139451980590820e+00 -2.769586443901062012e-01 4.776150584220886230e-01 -1.763972938060760498e-01 5.878927111625671387e-01
5.237119793891906738e-01 5.680521130561828613e-01 3.514673709869384766e-01 -1.714508980512619019e-01 -3.877150118350982666e-01
-5.056064575910568237e-03 -8.970971405506134033e-02 1.283908247947692871e+00 9.497702121734619141e-02 1.280737757682800293e+00
1.155761241912841797e+00 1.393388748168945312e+00 1.720197558403015137e+00 -1.484361886978149414e-01 1.616961359977722168e+00
-9.821429103612899780e-02 6.497902274131774902e-01 9.240003824234008789e-01 -2.523128390312194824e-01 7.107431292533874512e-01
-5.166333913803100586e-01 7.856773138046264648e-01 3.800046145915985107e-01 -6.411594152450561523e-01 4.309448897838592529e-01
-4.686158299446105957e-01 -6.797627806663513184e-01 1.764407873153686523e+00 -2.362908720970153809e-01 1.089608788490295410e+00
-1.916846036911010742e-01 7.172127366065979004e-01 -1.902534663677215576e-01 -6.011139750480651855e-01 -4.683509767055511475e-01
-1.137699842453002930e+00 -2.612218260765075684e-01 -5.159942507743835449e-01 -5.037242174148559570e-01 -6.791911274194717407e-02
-1.595313549041748047e+00 -8.813498616218566895e-01 -6.397974491119384766e-01 -6.420574188232421875e-01 -6.899490952491760254e-01
3.973590731620788574e-01 -1.544272340834140778e-02 8.166913390159606934e-01 -8.274283409118652344e-01 1.859866380691528320e+00
-9.070652723312377930e-01 1.844712793827056885e-01 -2.993291020393371582e-01 -1.378131747245788574e+00 -1.125945970416069031e-01
4.112254381179809570e-01 -6.436657309532165527e-01 -5.064962506294250488e-01 1.343232631683349609e+00 -5.306301116943359375e-01
6.037743091583251953e-01 -1.983104348182678223e-01 1.845801949501037598e+00 -5.845201015472412109e-01 1.844968199729919434e+00
-9.967767000198364258e-01 -9.842874109745025635e-02 -8.011237382888793945e-01 1.064443230628967285e+00 -5.684484839439392090e-01
3.094558954238891602e+00 3.657266795635223389e-01 1.126927733421325684e+00 3.761400580406188965e-01 1.147335410118103027e+00
-8.463342189788818359e-01 1.899988055229187012e-01 1.161953568458557129e+00 1.204038783907890320e-01 -2.486214973032474518e-02
-9.815944731235504150e-02 1.551506280899047852e+00 -2.920085787773132324e-01 3.404815495014190674e-01 6.756695508956909180e-01
4.731549024581909180e-01 -1.821842342615127563e-01 1.446831226348876953e+00 8.291711211204528809e-01 6.101792678236961365e-02
-3.662477135658264160e-01 2.459776252508163452e-01 9.048138856887817383e-01 -9.086809754371643066e-01 -2.600853443145751953e-01
-4.575557112693786621e-01 1.139658689498901367e+00 3.620592057704925537e-01 -5.754245519638061523e-01 5.395583435893058777e-02
-9.257262945175170898e-01 2.262985944747924805e+00 -7.485591173171997070e-01 5.879698321223258972e-03 6.423608064651489258e-01
-7.094154506921768188e-02 2.877843379974365234e-01 1.633818864822387695e+00 5.225006341934204102e-01 1.087543487548828125e+00
9.871320724487304688e-01 -5.489920973777770996e-01 5.258371233940124512e-01 -9.281802177429199219e-01 -4.898194968700408936e-01
5.786593556404113770e-01 -9.482985138893127441e-01 7.278687357902526855e-01 -1.779955774545669556e-01 -6.392833590507507324e-01
1.037483930587768555e+00 -1.131473630666732788e-01 -3.554548025131225586e-01 -1.425965875387191772e-01 -6.161795854568481445e-01
-1.006991386413574219e+00 6.456522345542907715e-01 1.269961118698120117e+00 -2.341586723923683167e-02 -2.931448817253112793e-02
-1.300106644630432129e+00 1.041583776473999023e+00 8.794494867324829102e-01 9.662028402090072632e-02 -4.340755343437194824e-01
-7.816845774650573730e-01 6.740171909332275391e-01 1.545168638229370117e+00 2.015344351530075073e-01 5.044290050864219666e-02
-1.161502957344055176e+00 9.150952100753784180e-01 8.528155088424682617e-01 -7.764109224081039429e-02 -8.570145815610885620e-02
-1.076653718948364258e+00 1.219798088073730469e+00 -1.221981287002563477e+00 -9.176507592201232910e-01 3.166494518518447876e-02
-1.311286568641662598e+00 -1.059715867042541504e+00 6.640911102294921875e-01 -7.738896608352661133e-01 1.396438598632812500e+00
4.780073761940002441e-01 2.136572599411010742e+00 -6.228237152099609375e-01 -1.814150094985961914e+00 -4.126470983028411865e-01
-9.958167672157287598e-01 2.791245579719543457e-01 -1.157706975936889648e+00 4.750319197773933411e-02 -9.894567131996154785e-01
-6.630737185478210449e-01 5.288863778114318848e-01 1.901970386505126953e+00 2.143531851470470428e-02 3.015202283859252930e-01
-5.811202526092529297e-01 8.214434981346130371e-01 1.813756346702575684e+00 6.975349038839340210e-02 2.192069143056869507e-01
-5.546352863311767578e-01 1.233809828758239746e+00 1.532965540885925293e+00 1.870120763778686523e-01 -2.456367909908294678e-01
-1.847335696220397949e+00 1.473370909690856934e+00 9.347815066576004028e-02 -1.462656166404485703e-02 -1.289786100387573242e+00
-2.544867277145385742e+00 -1.255991905927658081e-01 -1.807991713285446167e-01 1.107060074806213379e+00 -8.217058777809143066e-01
4.525387883186340332e-01 -1.293729692697525024e-01 -2.239774465560913086e+00 2.243470668792724609e+00 6.159048676490783691e-01
-6.828315854072570801e-01 1.263370215892791748e-01 9.159591197967529297e-01 4.505107998847961426e-01 -4.092990756034851074e-01
-4.877490401268005371e-01 1.760432362556457520e+00 -2.630277536809444427e-02 2.310915291309356689e-01 -4.511659145355224609e-01
-2.130654603242874146e-01 1.426750779151916504e+00 6.019748449325561523e-01 1.626276969909667969e-01 8.387334942817687988e-01
-1.936412304639816284e-01 -1.658601462841033936e-01 5.561362504959106445e-01 -1.826861500740051270e-01 -7.019486427307128906e-01
-8.200747966766357422e-01 2.929544448852539062e-01 -9.417634606361389160e-01 -1.714385300874710083e-01 -1.525733917951583862e-01
1.141320109367370605e+00 7.412490248680114746e-01 6.443849205970764160e-01 2.408434152603149414e-01 1.977886110544204712e-01
-5.457735061645507812e-01 -8.065858483314514160e-01 1.357004523277282715e+00 8.680590987205505371e-02 -1.740406965836882591e-03
-1.576184630393981934e+00 2.128310441970825195e+00 -1.750060766935348511e-01 1.296058762818574905e-02 -6.266892701387405396e-02
4.358690083026885986e-01 -8.002252876758575439e-02 1.094080924987792969e+00 7.499293088912963867e-01 1.187641248106956482e-01
-1.546557992696762085e-01 -9.799687564373016357e-02 -3.918656110763549805e-01 -4.652144312858581543e-01 3.776592016220092773e-01
1.329511880874633789e+00 2.615959942340850830e-01 1.471257209777832031e+00 -1.307755351066589355e+00 -1.400617957115173340e+00
1.332852959632873535e+00 -2.775196135044097900e-01 -3.975303173065185547e+00 4.839860200881958008e-01 1.220760583877563477e+00
-7.924743294715881348e-01 2.219423532485961914e+00 3.241224884986877441e-01 -1.066248416900634766e-01 1.129348635673522949e+00
-1.600494623184204102e+00 1.413768649101257324e+00 5.076487660408020020e-01 1.865630447864532471e-01 8.533852696418762207e-01
-1.495297193527221680e+00 2.904869019985198975e-01 3.730076849460601807e-01 1.628585718572139740e-02 2.443739622831344604e-01
-3.235386312007904053e-01 6.002064347267150879e-01 6.740012168884277344e-01 3.177257180213928223e-01 -5.232580304145812988e-01
-1.499693274497985840e+00 8.572121858596801758e-01 7.412287592887878418e-01 2.015694677829742432e-01 -5.331532955169677734e-01
-1.795454740524291992e+00 5.813232660293579102e-01 5.339509844779968262e-01 5.044757202267646790e-02 -3.616706430912017822e-01
-3.083950877189636230e-01 8.637737035751342773e-01 8.207818865776062012e-01 -6.958041787147521973e-01 -2.395340502262115479e-01
-1.996276378631591797e+00 2.403345853090286255e-01 4.898467063903808594e-01 8.795419335365295410e-01 -1.206285595893859863e+00
-1.518362283706665039e+00 -1.388832628726959229e-01 -2.428541779518127441e-01 2.556625902652740479e-01 -1.206762075424194336e+00
3.535192459821701050e-02 1.424855709075927734e+00 1.380876183509826660e+00 6.252828985452651978e-02 -1.561993826180696487e-02
-1.007628917694091797e+00 9.274891018867492676e-01 -8.930796384811401367e-02 -8.149925619363784790e-02 -1.655158847570419312e-01
5.568767786026000977e-01 1.079088926315307617e+00 -1.104645252227783203e+00 -6.223550438880920410e-01 5.947970151901245117e-01
-4.726313054561614990e-01 6.679233163595199585e-03 1.065423727035522461e+00 -6.881918311119079590e-01 1.730971336364746094e+00
7.170377373695373535e-01 1.332928180694580078e+00 7.253676056861877441e-01 4.656750559806823730e-01 -8.255765587091445923e-02
7.029220461845397949e-01 5.013805255293846130e-02 9.565904736518859863e-01 -1.521666496992111206e-01 -1.297540903091430664e+00
9.227065369486808777e-03 -6.249887347221374512e-01 1.906201601028442383e+00 -4.427111744880676270e-01 -3.075070679187774658e-01
-6.299372762441635132e-02 4.878794848918914795e-01 1.118313670158386230e+00 -8.902811445295810699e-03 9.165021777153015137e-02
-1.002925395965576172e+00 7.615865468978881836e-01 -1.592625379562377930e-01 -4.585312306880950928e-01 -5.266646146774291992e-01
-6.267121434211730957e-01 6.203501820564270020e-01 1.534812211990356445e+00 7.341034412384033203e-01 -2.493297010660171509e-01
3.364541828632354736e-01 2.263702869415283203e+00 -2.421380877494812012e-01 -1.121334075927734375e+00 -3.860502839088439941e-01
-1.912679970264434814e-01 1.064802259206771851e-01 8.895247578620910645e-01 -2.373584508895874023e-01 5.315271615982055664e-01
-4.130810499191284180e-01 6.267287731170654297e-01 1.440618157386779785e+00 4.349942803382873535e-01 -3.534651100635528564e-01
4.836908578872680664e-01 2.659774065017700195e+00 5.155647993087768555e-01 -4.226031899452209473e-01 4.225109219551086426e-01
1.521049380302429199e+00 7.096858024597167969e-01 -2.576594054698944092e-01 2.139705657958984375e+00 -1.251208901405334473e+00
-1.213114619255065918e+00 2.376230001449584961e+00 -4.175539612770080566e-01 -1.071043014526367188e-01 -5.312309265136718750e-01
-9.521923959255218506e-03 6.221658587455749512e-01 4.916358590126037598e-01 6.251527070999145508e-01 -6.312948465347290039e-01
-7.770821452140808105e-01 4.646975696086883545e-01 1.183956041932106018e-01 -6.263414025306701660e-01 3.216915428638458252e-01
1.415572166442871094e+00 1.014448285102844238e+00 4.100494086742401123e-01 9.878725409507751465e-01 -8.437201380729675293e-01
-1.390412330627441406e+00 -4.062737524509429932e-01 9.746614098548889160e-01 1.351616621017456055e+00 -3.291985988616943359e-01
4.886229038238525391e-01 1.065610647201538086e+00 3.806572854518890381e-01 2.726628780364990234e-01 -1.303108930587768555e-01
-3.849679231643676758e-01 -1.532912015914916992e+00 -2.141864448785781860e-01 6.895035505294799805e-01 -1.705042868852615356e-01
2.654986977577209473e-01 1.535779833793640137e+00 1.166049957275390625e+00 -2.167771458625793457e-01 -7.103531062602996826e-02
-7.107302546501159668e-01 1.441942572593688965e+00 4.261023714207112789e-04 1.569722056388854980e+00 -9.109640717506408691e-01
3.346416726708412170e-02 8.277497440576553345e-02 -3.923011422157287598e-01 -1.977080106735229492e-01 1.428240537643432617e+00
-7.061129212379455566e-01 -3.605700433254241943e-01 -4.798994362354278564e-01 -1.680281877517700195e+00 3.430522084236145020e-01
-1.207712888717651367e+00 7.773135602474212646e-02 -1.518574263900518417e-02 -3.404950499534606934e-01 -1.056607365608215332e+00
7.983886599540710449e-01 -7.479007840156555176e-01 -6.840749382972717285e-01 2.038127044215798378e-03 8.114868998527526855e-01
-9.584705829620361328e-01 6.654055118560791016e-01 -8.797510862350463867e-01 -8.499910831451416016e-01 -5.032523274421691895e-01
-1.486676692962646484e+00 -1.463311553001403809e+00 9.325844049453735352e-01 -3.367773592472076416e-01 1.936524659395217896e-01
-2.666960954666137695e-01 1.924679130315780640e-01 2.322454214096069336e+00 -2.613736502826213837e-02 -1.432579159736633301e-01
-1.861842870712280273e-01 1.171635270118713379e+00 -2.528846263885498047e-01 -1.261748552322387695e+00 8.148405700922012329e-03
-2.642655968666076660e-01 2.332905977964401245e-01 6.130938529968261719e-01 1.161411851644515991e-01 4.609668254852294922e-01
1.018507599830627441e+00 1.121810197830200195e+00 -1.452363282442092896e-02 4.673247337341308594e-01 5.243229120969772339e-02
-1.045187950134277344e+00 -6.246967241168022156e-02 -6.450558900833129883e-01 -6.681023538112640381e-02 -3.945720791816711426e-01
-8.014350533485412598e-01 2.044355869293212891e-01 1.057653874158859253e-02 1.033223032951354980e+00 -4.133324921131134033e-01
-7.511613368988037109e-01 1.629358083009719849e-01 1.081010103225708008e+00 1.296967387199401855e+00 1.603193044662475586e+00
1.184402704238891602e+00 1.236238479614257812e+00 1.588355422019958496e+00 2.003673553466796875e+00 2.056193798780441284e-01
-2.991037964820861816e-01 2.802368104457855225e-01 1.034436702728271484e+00 -3.467559814453125000e-03 1.284006595611572266e+00
-2.488901376724243164e+00 -7.602695822715759277e-01 5.035185217857360840e-01 3.106661736965179443e-01 -7.731940746307373047e-01
-2.099439144134521484e+00 -1.043059349060058594e+00 1.153782486915588379e+00 -2.219180315732955933e-01 -6.115648895502090454e-02
-9.970445930957794189e-02 6.896331906318664551e-01 7.370103001594543457e-01 1.123249530792236328e-01 1.465618014335632324e+00
-4.457070529460906982e-01 1.818697571754455566e+00 -2.621807456016540527e-01 2.119742929935455322e-01 8.792106509208679199e-01
-3.649843335151672363e-01 1.280739426612854004e+00 2.041784048080444336e+00 -2.722992300987243652e-01 2.164287567138671875e-01
-5.131423007696866989e-03 1.833207488059997559e+00 1.915901541709899902e+00 -2.680009901523590088e-01 1.986207067966461182e-01
-6.598284840583801270e-01 9.593744874000549316e-01 -7.046000361442565918e-01 -5.364248752593994141e-01 7.453910708427429199e-01
-7.809225916862487793e-01 1.073017120361328125e+00 5.674121901392936707e-02 5.487223863601684570e-01 2.173898518085479736e-01
-2.991824150085449219e-01 1.350247144699096680e+00 -1.402759253978729248e-01 -5.240282043814659119e-02 9.439803957939147949e-01
6.281318068504333496e-01 5.004651471972465515e-02 1.302637934684753418e+00 -1.408262491226196289e+00 1.098555803298950195e+00
2.151109278202056885e-01 -8.880302309989929199e-01 1.674379348754882812e+00 1.176939010620117188e+00 8.018099665641784668e-01
1.054923892021179199e+00 1.325013399124145508e+00 8.488460183143615723e-01 -8.183285593986511230e-01 1.498179912567138672e+00
-4.245606362819671631e-01 -8.111313581466674805e-01 1.736639857292175293e+00 -1.064681783318519592e-01 8.621705323457717896e-02
-6.133075356483459473e-01 2.624388039112091064e-01 7.282950282096862793e-01 9.168397784233093262e-01 3.986913263797760010e-01
-1.750392436981201172e+00 1.711837410926818848e+00 9.295645356178283691e-01 4.028567671775817871e-02 1.576666355133056641e+00
-1.020795345306396484e+00 1.948032021522521973e+00 1.073217034339904785e+00 -2.453582584857940674e-01 1.876371383666992188e+00
8.714740276336669922e-01 9.061160683631896973e-01 -1.886418461799621582e-01 -7.978522032499313354e-02 5.199404358863830566e-01
-1.331409573554992676e+00 8.254050016403198242e-01 -6.579951643943786621e-01 -1.190215125679969788e-01 -3.128750026226043701e-01
-1.282595396041870117e+00 9.264675378799438477e-01 1.823489665985107422e+00 -2.184686809778213501e-01 2.134250164031982422e+00
7.968551516532897949e-01 -8.093380331993103027e-01 -4.589551687240600586e-01 -1.694602817296981812e-01 -1.951543211936950684e+00
-2.793398499488830566e-01 -6.619682908058166504e-01 -9.948436021804809570e-01 5.317976474761962891e-01 -3.163239657878875732e-01
-2.041047096252441406e+00 -2.578418731689453125e+00 1.688627958297729492e+00 -7.567898035049438477e-01 -1.377445697784423828e+00
-9.469031095504760742e-01 1.188724279403686523e+00 4.698943197727203369e-01 5.635017529129981995e-02 -1.942597925662994385e-01
-8.162447810173034668e-01 -6.948577165603637695e-01 -1.424621939659118652e+00 -5.601348280906677246e-01 4.693043231964111328e-01
4.355558156967163086e-01 -5.082004070281982422e-01 -5.115981101989746094e-01 -1.744601577520370483e-01 4.593592286109924316e-01
1.850370049476623535e+00 8.063502907752990723e-01 -3.403950333595275879e-01 -2.435623645782470703e+00 -3.373872637748718262e-01
8.689569830894470215e-01 1.224014043807983398e+00 4.134998023509979248e-01 -1.475269347429275513e-01 7.547799348831176758e-01
-8.534067869186401367e-01 8.929285407066345215e-01 7.616591453552246094e-01 1.194365248084068298e-01 7.864276878535747528e-03
-1.017269134521484375e+00 1.223375678062438965e+00 5.753588676452636719e-01 2.671348750591278076e-01 -3.093263804912567139e-01
-1.060113549232482910e+00 1.256246447563171387e+00 5.320165753364562988e-01 2.685686349868774414e-01 -1.726871728897094727e-01
-9.632002711296081543e-01 6.488071680068969727e-01 1.304144620895385742e+00 -2.617149949073791504e-01 -5.286197736859321594e-02
-6.288552880287170410e-01 1.338049173355102539e+00 7.410609126091003418e-01 -2.795445919036865234e-01 9.191012382507324219e-02
-7.959931492805480957e-01 2.062808752059936523e+00 -2.861576080322265625e-01 -4.753929078578948975e-01 -2.023669779300689697e-01
-1.497347354888916016e+00 -1.418165326118469238e+00 9.170787334442138672e-01 8.686964958906173706e-02 -2.808044664561748505e-02
-4.029625356197357178e-01 5.508136749267578125e-02 3.289749622344970703e-01 1.675479054450988770e+00 -1.232848405838012695e+00
1.074518442153930664e+00 1.083734750747680664e+00 5.973743200302124023e-01 -7.766030430793762207e-01 3.269714117050170898e-01
-7.240887284278869629e-01 1.358896959573030472e-02 2.371044158935546875e+00 5.627701878547668457e-01 -1.917619109153747559e-01
1.257449150085449219e+00 -1.587541699409484863e+00 3.372761011123657227e-01 -1.274297595024108887e+00 7.151684165000915527e-01
1.915259659290313721e-01 -1.429911851882934570e+00 6.412190943956375122e-02 -5.767940282821655273e-01 2.688564658164978027e-01
-5.016672015190124512e-01 1.375816941261291504e+00 9.010507464408874512e-01 2.073882818222045898e-01 -7.395737171173095703e-01
-1.547563672065734863e+00 1.246632218360900879e+00 1.420448571443557739e-01 -1.515427529811859131e-01 -2.902767062187194824e-01
-1.095875382423400879e+00 -4.119520783424377441e-01 -7.499380409717559814e-02 1.546278446912765503e-01 2.557250261306762695e-01
6.256917119026184082e-01 4.492731690406799316e-01 -2.032465417869389057e-04 1.621424674987792969e+00 -1.820360302925109863e+00
-8.592225313186645508e-01 -7.865073680877685547e-01 1.451332807540893555e+00 -5.335701704025268555e-01 1.460762381553649902e+00
-8.349209427833557129e-01 -6.950660794973373413e-02 1.375879764556884766e+00 -7.666224241256713867e-02 -3.432361781597137451e-01
-6.376729607582092285e-01 1.760028362274169922e+00 -2.331922531127929688e+00 -1.354825973510742188e+00 -2.257239818572998047e-01
-3.554420769214630127e-01 -3.573147952556610107e-01 4.884673655033111572e-01 -1.622416377067565918e-01 3.584897816181182861e-01
-1.205347418785095215e+00 1.446296572685241699e+00 4.890829324722290039e-01 -3.065998256206512451e-01 -4.872775673866271973e-01
4.843173623085021973e-01 -6.480717658996582031e-01 2.984284460544586182e-01 3.217438161373138428e-01 -7.112352550029754639e-02
-2.960088253021240234e-01 -3.464576303958892822e-01 4.117020964622497559e-01 -1.626801490783691406e-01 4.277749657630920410e-01
-1.064834117889404297e+00 1.658881068229675293e+00 5.176479220390319824e-01 -2.423155754804611206e-01 -5.033924579620361328e-01
-2.018694132566452026e-01 1.530997157096862793e+00 1.484072059392929077e-01 6.856154799461364746e-01 1.298179570585489273e-02
-7.524470686912536621e-01 7.168116569519042969e-01 3.800500035285949707e-01 5.382085442543029785e-01 5.972529649734497070e-01
-1.160167813301086426e+00 2.503373026847839355e-01 3.704088032245635986e-01 -5.950384736061096191e-01 -5.232795700430870056e-02
-1.499263525009155273e+00 1.741321921348571777e+00 -6.424114704132080078e-01 -6.717282533645629883e-01 -5.120108127593994141e-01
-7.891495823860168457e-01 1.457805633544921875e+00 -7.191976904869079590e-01 5.004146695137023926e-01 7.572212219238281250e-01
3.935361206531524658e-01 -4.961773008108139038e-02 1.125100255012512207e+00 6.063283681869506836e-01 -7.151049971580505371e-01
4.075455665588378906e-01 5.014921426773071289e-01 5.632652044296264648e-01 4.349597096443176270e-01 3.123535811901092529e-01
-2.974686026573181152e-01 -8.494251966476440430e-02 6.567476987838745117e-01 2.494529634714126587e-01 1.542070031166076660e+00
-9.304339885711669922e-01 -2.678987681865692139e-01 8.377392292022705078e-01 -1.513214875012636185e-02 -4.848636686801910400e-01
1.461181640625000000e+00 -1.290879130363464355e+00 -1.872096508741378784e-01 6.857833862304687500e-01 8.204360008239746094e-01
-1.458105921745300293e+00 8.936583399772644043e-01 -2.185023069381713867e+00 -5.303652025759220123e-03 -8.809252977371215820e-01
6.762111783027648926e-01 3.888938128948211670e-01 1.684157729148864746e+00 -2.887537777423858643e-01 1.066805481910705566e+00
-1.561565756797790527e+00 4.621116518974304199e-01 -1.200253605842590332e+00 1.204414889216423035e-01 -1.349703073501586914e+00
-7.189271450042724609e-01 8.823155164718627930e-01 -5.391677021980285645e-01 3.796089887619018555e-01 1.117065787315368652e+00
1.608666777610778809e+00 -1.410256385803222656e+00 4.990778863430023193e-01 5.437633395195007324e-01 -5.800055861473083496e-01
1.473295241594314575e-01 -1.798495054244995117e-01 -5.260100960731506348e-01 -9.458468556404113770e-01 -1.974852204322814941e+00
6.958994269371032715e-01 -1.778099298477172852e+00 -1.910845562815666199e-02 4.827398359775543213e-01 -5.820599794387817383e-01
2.227133035659790039e+00 1.390314579010009766e+00 -2.911570295691490173e-02 -8.767876029014587402e-01 -1.501808047294616699e+00
1.205033659934997559e+00 7.286862730979919434e-01 1.152498006820678711e+00 7.202994227409362793e-01 -4.330832362174987793e-01
-1.082471609115600586e+00 -1.365201950073242188e+00 -1.571833044290542603e-01 1.473254203796386719e+00 -1.999603271484375000e+00
-2.400446236133575439e-01 2.526201605796813965e-01 2.025089710950851440e-01 4.020167589187622070e-01 -1.486727952957153320e+00
-1.653409242630004883e+00 3.228130936622619629e-01 -3.166133761405944824e-01 1.059089154005050659e-01 -8.847708813846111298e-03
-4.570593535900115967e-01 -8.170222640037536621e-01 -4.276453703641891479e-02 -8.980661630630493164e-01 1.064316630363464355e+00
1.122153162956237793e+00 2.603681981563568115e-01 6.220651865005493164e-01 -7.079053521156311035e-01 3.332705935463309288e-03
-1.015774130821228027e+00 3.872642517089843750e-01 -2.849884748458862305e+00 -2.557476997375488281e+00 1.231336236000061035e+00
3.543112874031066895e-01 -5.207396149635314941e-01 6.246224641799926758e-01 -9.791914224624633789e-01 5.626486241817474365e-02
3.244684040546417236e-01 -3.517228960990905762e-01 1.296893596649169922e+00 -2.289844602346420288e-01 5.802723765373229980e-01
-1.360643982887268066e+00 -1.301726579666137695e+00 4.694004543125629425e-03 3.022086024284362793e-01 -3.316478431224822998e-01
-7.130219340324401855e-01 -3.093500137329101562e-01 5.454051122069358826e-02 -8.922435045242309570e-01 8.271799087524414062e-01
-5.242339372634887695e-01 -5.654244422912597656e-01 2.047729730606079102e+00 1.423664927482604980e+00 2.381738275289535522e-01
-9.916846752166748047e-01 1.302370071411132812e+00 3.503490090370178223e-01 -3.256857693195343018e-01 1.183151483535766602e+00
-7.663123607635498047e-01 1.012571454048156738e+00 6.847226023674011230e-01 -4.118978977203369141e-01 1.518194079399108887e+00
-1.753052473068237305e+00 1.012820363044738770e+00 1.820936501026153564e-01 -2.285549491643905640e-01 3.901976943016052246e-01
-1.046408116817474365e-01 -9.026209712028503418e-01 -3.977860510349273682e-01 -2.935134768486022949e-01 1.321906566619873047e+00
-1.775158166885375977e+00 1.594274640083312988e+00 -7.872476428747177124e-02 3.654626309871673584e-01 -9.198203682899475098e-02
-7.885984182357788086e-01 -6.511654704809188843e-02 5.433788299560546875e-01 -7.524676322937011719e-01 1.024031162261962891e+00
3.513180911540985107e-01 -5.143069624900817871e-01 -3.392706215381622314e-01 6.065008640289306641e-01 1.147170662879943848e+00
-2.393245697021484375e+00 5.047611594200134277e-01 -4.138989746570587158e-01 -6.263501197099685669e-02 -7.149383425712585449e-03
-1.740997582674026489e-01 1.656133174896240234e+00 9.198184013366699219e-01 -4.723702371120452881e-01 -2.221613526344299316e-01
-1.954427242279052734e+00 2.705250978469848633e-01 4.363123476505279541e-01 -9.201998263597488403e-02 -1.353601217269897461e+00
-6.727886945009231567e-02 5.163362026214599609e-01 1.950553297996520996e+00 -2.819691598415374756e-01 9.113641083240509033e-02
-8.191660046577453613e-01 1.582941055297851562e+00 2.886184453964233398e-01 -3.093755245208740234e-01 1.378230690956115723e+00
-1.841962814331054688e+00 1.722437977790832520e+00 -9.069179296493530273e-01 2.818433046340942383e-01 -1.792206615209579468e-01
-1.828435659408569336e-01 1.305017113685607910e+00 7.942591309547424316e-01 4.957437217235565186e-01 9.658191800117492676e-01
-9.518435597419738770e-01 6.246576309204101562e-01 4.708395600318908691e-01 -4.999391734600067139e-03 9.755254983901977539e-01
-3.500123322010040283e-01 1.538812756538391113e+00 -3.009093105792999268e-01 -7.227841019630432129e-01 -2.400610446929931641e-01
-1.778580248355865479e-02 6.680186390876770020e-01 -2.260037213563919067e-01 -1.543531380593776703e-02 4.728457629680633545e-01
6.053663492202758789e-01 3.411034107208251953e+00 -8.835973739624023438e-01 6.593652069568634033e-02 7.118883132934570312e-01
1.764517724514007568e-01 1.128930926322937012e+00 6.617226004600524902e-01 -8.617977611720561981e-03 8.010192513465881348e-01
-1.838478446006774902e-02 2.206107825040817261e-01 2.450366020202636719e-01 -3.796855509281158447e-01 3.609420657157897949e-01
-1.069361567497253418e+00 7.686994075775146484e-01 -2.316697537899017334e-01 -5.190795063972473145e-01 6.115635037422180176e-01
-1.060010671615600586e+00 -1.836985111236572266e+00 -8.258805274963378906e-01 1.748154163360595703e+00 3.255804479122161865e-01
-5.859961509704589844e-01 -5.692119598388671875e-01 -9.397652745246887207e-01 -2.577514350414276123e-01 -5.034884810447692871e-01
-6.722230315208435059e-01 1.348410248756408691e+00 1.331531524658203125e+00 -4.338513016700744629e-01 1.944498538970947266e+00
-9.108949303627014160e-01 3.731685280799865723e-01 -1.082417517900466919e-01 -1.115098476409912109e+00 -6.180058717727661133e-01
-9.802245497703552246e-01 -4.802034422755241394e-02 -1.930083632469177246e-01 -1.687759011983871460e-01 1.276740550994873047e+00
-9.371048212051391602e-02 1.070531249046325684e+00 1.009486675262451172e+00 -1.225861787796020508e+00 -1.741434782743453979e-01
-3.020106554031372070e-01 1.899612426757812500e+00 -1.648884266614913940e-01 -8.335436582565307617e-01 -3.842041194438934326e-01
-7.640237212181091309e-01 1.738478422164916992e+00 1.275380969047546387e+00 -9.564375132322311401e-02 2.006592512130737305e+00
-9.429643154144287109e-01 1.417825341224670410e+00 1.272124409675598145e+00 -2.114461958408355713e-01 1.981347084045410156e+00
-9.362007379531860352e-01 1.191640377044677734e+00 6.520207524299621582e-01 -4.872064590454101562e-01 1.933297663927078247e-01
-5.580625534057617188e-01 -1.558472365140914917e-01 4.515392333269119263e-02 -3.655017539858818054e-02 3.873726725578308105e-01
-9.887717366218566895e-01 3.930396139621734619e-01 -3.694757521152496338e-01 -2.247197926044464111e-02 2.087545096874237061e-01
-1.630904436111450195e+00 -1.933203935623168945e+00 7.498497366905212402e-01 5.936352014541625977e-01 -9.527016878128051758e-01
-6.117299199104309082e-01 6.808471679687500000e-01 2.858190238475799561e-01 2.949571907520294189e-01 1.022099018096923828e+00
5.845080614089965820e-01 3.883709013462066650e-01 1.143183588981628418e+00 1.102884173393249512e+00 8.687059879302978516e-01
-1.664083480834960938e+00 1.268433332443237305e+00 -8.381357192993164062e-01 -5.056722089648246765e-02 -2.508371770381927490e-01
-1.150719672441482544e-01 1.349292874336242676e+00 -1.103966951370239258e+00 4.433874785900115967e-01 -2.105698883533477783e-01
-2.129598855972290039e+00 1.191119194030761719e+00 6.049547791481018066e-01 2.924935221672058105e-01 7.078191637992858887e-01
-1.228883862495422363e+00 4.956007897853851318e-01 1.075832486152648926e+00 -3.431293368339538574e-01 4.245880842208862305e-01
-8.682065606117248535e-01 1.351054906845092773e+00 1.236192107200622559e+00 4.351681470870971680e-01 -2.766304612159729004e-01
5.973709821701049805e-01 1.330308198928833008e+00 6.090745329856872559e-01 -6.131004095077514648e-01 1.316254258155822754e+00
-2.435527294874191284e-01 6.883117556571960449e-01 -1.899408698081970215e-01 -9.377531409263610840e-01 7.980039715766906738e-01
-1.170393586158752441e+00 -1.034070968627929688e+00 9.996228814125061035e-01 -1.199590936303138733e-01 5.725727975368499756e-02
-7.935627698898315430e-01 -4.087698459625244141e-01 5.144180059432983398e-01 -1.745199859142303467e-01 -5.110132694244384766e-01
3.651633262634277344e-01 -2.031641006469726562e-01 3.437964022159576416e-01 3.003439307212829590e-01 -5.149587243795394897e-02
1.504323601722717285e+00 2.484311461448669434e-01 1.028132557868957520e+00 -2.810354232788085938e-01 2.636491358280181885e-01
-3.077336847782135010e-01 1.122314214706420898e+00 6.857894062995910645e-01 5.611233115196228027e-01 -6.586725115776062012e-01
-3.995657265186309814e-01 -6.142272949218750000e-01 -1.124937534332275391e+00 4.327198565006256104e-01 -3.222933411598205566e-01
-1.988200783729553223e+00 1.078704893589019775e-01 7.123195528984069824e-01 -2.890699803829193115e-01 -2.532870508730411530e-02
-8.800549507141113281e-01 1.536532640457153320e-01 5.670639500021934509e-02 -2.351321838796138763e-02 7.010520696640014648e-01
-6.555408239364624023e-01 -9.664677083492279053e-02 4.063685610890388489e-02 -9.082520604133605957e-01 8.641179800033569336e-01
1.084422543644905090e-01 8.035796880722045898e-01 5.089629888534545898e-01 -1.404893677681684494e-02 -1.574877649545669556e-01
-8.937702178955078125e-01 1.304822921752929688e+00 9.910029172897338867e-01 -2.927330732345581055e-01 3.965546786785125732e-01
-9.199419617652893066e-01 8.012005686759948730e-01 1.748702228069305420e-01 -8.282302021980285645e-01 2.448603883385658264e-02
-9.673646688461303711e-01 1.303145527839660645e+00 1.013456583023071289e+00 -1.598518639802932739e-01 -6.819044798612594604e-02
-2.653588652610778809e-01 1.228762865066528320e+00 1.632158637046813965e+00 -5.370305851101875305e-02 1.334173917770385742e+00
-1.682216674089431763e-01 6.073588728904724121e-01 7.523810863494873047e-01 1.161727070808410645e+00 -1.248639225959777832e+00
-8.290008306503295898e-01 -6.842204928398132324e-01 6.666225194931030273e-01 -1.010161638259887695e+00 6.722041219472885132e-02
9.447376243770122528e-03 -1.518549084663391113e+00 1.358253002166748047e+00 -1.512889742851257324e+00 1.341214418411254883e+00
-2.017255276441574097e-01 9.830282926559448242e-01 1.543419957160949707e+00 3.524564206600189209e-01 -1.047256365418434143e-01
-1.383153676986694336e+00 1.361951470375061035e+00 1.283745020627975464e-01 -8.523264527320861816e-02 -6.681478023529052734e-01
-7.281244397163391113e-01 1.400325536727905273e+00 5.733246803283691406e-01 -4.300329685211181641e-01 -9.333793818950653076e-02
-8.350825905799865723e-01 -4.632385820150375366e-02 1.432646632194519043e+00 2.102967500686645508e-01 6.987263560295104980e-01
3.167527616024017334e-01 2.134795665740966797e+00 3.771230578422546387e-01 -9.317338466644287109e-01 -3.376646637916564941e-01
-5.931149721145629883e-01 -2.174639105796813965e-01 4.225552082061767578e-01 5.696480870246887207e-01 -4.296186566352844238e-01
-2.422268241643905640e-01 3.160786032676696777e-01 8.130978345870971680e-01 3.878951966762542725e-01 -8.734228014945983887e-01
-9.222873449325561523e-01 1.080352902412414551e+00 -1.675341725349426270e-01 -3.419452011585235596e-01 -1.516437977552413940e-01
-5.340240597724914551e-01 6.007035970687866211e-01 9.594367742538452148e-01 -1.663704395294189453e+00 9.266580641269683838e-02
-1.674327015876770020e+00 5.915652513504028320e-01 2.175450176000595093e-01 9.322590827941894531e-01 -1.454998493194580078e+00
-4.702698588371276855e-01 5.352761745452880859e-01 1.582438796758651733e-01 -3.806114792823791504e-01 -3.395207524299621582e-01
4.481257796287536621e-01 6.509929895401000977e-01 1.263544082641601562e+00 -1.308270692825317383e-01 -6.111009120941162109e-01
-1.151546314358711243e-01 -6.220613140612840652e-03 1.198302626609802246e+00 -6.767389923334121704e-02 -1.683549880981445312e+00
8.050409555435180664e-01 2.497913599014282227e+00 2.149401426315307617e+00 1.217818707227706909e-01 3.107587814331054688e+00
-2.161541461944580078e+00 1.265414834022521973e+00 -1.174091920256614685e-01 -1.470993757247924805e-01 7.574948072433471680e-01
-7.367812991142272949e-01 1.170899629592895508e+00 -1.315674036741256714e-01 -1.021440774202346802e-01 1.907210469245910645e+00
-1.901128172874450684e+00 9.425653815269470215e-01 1.569420814514160156e+00 4.892277419567108154e-01 1.491278886795043945e+00
-1.238861083984375000e+00 3.510091006755828857e-01 2.666579484939575195e+00 8.953627347946166992e-01 1.800045847892761230e+00
-1.684346199035644531e+00 1.086249709129333496e+00 1.719293117523193359e+00 8.611130118370056152e-01 1.384990692138671875e+00
-2.348014414310455322e-01 1.230099648237228394e-01 1.217251181602478027e+00 -5.128496885299682617e-01 1.422935009002685547e+00
5.429634451866149902e-01 -6.863012909889221191e-01 1.572176337242126465e+00 -6.266422867774963379e-01 4.846241474151611328e-01
-9.986577033996582031e-01 -4.406359493732452393e-01 7.614376544952392578e-01 -2.193148136138916016e-01 9.982174634933471680e-02
6.713688969612121582e-01 3.609347343444824219e-01 1.132437825202941895e+00 -7.587851285934448242e-01 7.325885295867919922e-01
1.450582265853881836e+00 -5.675001144409179688e-01 7.240806221961975098e-01 1.860718369483947754e+00 9.084933251142501831e-02
-8.779889345169067383e-01 1.478871554136276245e-01 -4.254278242588043213e-01 -1.273477196693420410e+00 -3.364954888820648193e-01
1.265588641166687012e+00 1.414014935493469238e+00 1.864224672317504883e+00 4.089252650737762451e-01 -4.757219851016998291e-01
-1.921137809753417969e+00 1.464881777763366699e+00 1.285237908363342285e+00 6.952071189880371094e-01 7.229004502296447754e-01
-2.284065008163452148e+00 1.168375611305236816e+00 1.170386314392089844e+00 5.589617490768432617e-01 6.752991676330566406e-01
-2.006422281265258789e+00 1.520586252212524414e+00 1.156482815742492676e+00 6.817247867584228516e-01 6.748621463775634766e-01
-1.146185636520385742e+00 -1.719919204711914062e+00 8.127513527870178223e-01 -1.365331709384918213e-01 1.071024656295776367e+00
-1.418167114257812500e+00 1.582140088081359863e+00 9.213780760765075684e-01 5.483011603355407715e-01 2.083838462829589844e+00
-6.871925294399261475e-02 8.763453960418701172e-01 -4.062707424163818359e-01 -6.280709058046340942e-02 -4.419837892055511475e-01
-3.563633859157562256e-01 9.479992091655731201e-02 -5.177671313285827637e-01 1.073856577277183533e-01 -7.017041742801666260e-02
-2.007025480270385742e+00 1.564515709877014160e+00 8.223732709884643555e-01 4.767575860023498535e-01 2.183667659759521484e+00
-8.103989958763122559e-01 1.683243989944458008e+00 1.588489413261413574e+00 6.931015253067016602e-01 2.228073120117187500e+00
-9.260197728872299194e-02 9.758537411689758301e-01 -5.890785530209541321e-02 -2.131336033344268799e-01 -1.189219474792480469e+00
-1.049228787422180176e+00 -4.014825224876403809e-01 -1.125461101531982422e+00 -1.836630225181579590e+00 7.362758517265319824e-01
9.209504723548889160e-01 1.150668710470199585e-01 8.829339742660522461e-01 -4.302678108215332031e-01 -3.124140799045562744e-01
-1.789633512496948242e+00 -8.433256745338439941e-01 -6.300965547561645508e-01 -2.767548263072967529e-01 -1.279628038406372070e+00
2.987644672393798828e-01 -1.569083929061889648e+00 3.257843554019927979e-01 8.512832522392272949e-01 2.068105489015579224e-01
1.774263828992843628e-01 -1.898740410804748535e+00 1.302178859710693359e+00 -1.420701593160629272e-01 2.070023298263549805e+00
-1.966548204421997070e+00 -2.821409106254577637e-01 -4.118960723280906677e-02 3.017694056034088135e-01 8.182387351989746094e-01
-7.102423310279846191e-01 8.053756901063024998e-04 2.807163596153259277e-01 4.440262615680694580e-01 1.504831075668334961e+00
-3.167071565985679626e-02 3.375350236892700195e-01 1.319072842597961426e+00 -3.612833619117736816e-01 1.968849301338195801e+00
-8.347927927970886230e-01 2.175039529800415039e+00 1.402087569236755371e+00 -6.743267923593521118e-02 1.347408533096313477e+00
-1.095835804939270020e+00 2.201500415802001953e+00 1.044659614562988281e+00 -1.322818696498870850e-01 1.328573465347290039e+00
-3.236179053783416748e-01 -8.758073449134826660e-01 6.275318861007690430e-01 6.524185538291931152e-01 1.159005612134933472e-01
-5.213241577148437500e-01 6.996480748057365417e-03 6.996244788169860840e-01 -1.700573444366455078e+00 5.834212303161621094e-01
-9.967117905616760254e-01 1.769431352615356445e+00 1.506921529769897461e+00 -1.649940758943557739e-01 1.289384007453918457e+00
-7.499142289161682129e-01 1.148546576499938965e+00 2.079339504241943359e+00 -2.891627550125122070e-01 1.990867018699645996e+00
-3.810807466506958008e-01 1.686653614044189453e+00 1.980907797813415527e+00 -2.853070199489593506e-01 2.044264078140258789e+00
1.660726904869079590e+00 4.353500306606292725e-01 -1.009623408317565918e+00 1.813932657241821289e-01 -5.454607680439949036e-02
3.743474483489990234e-01 9.561188220977783203e-01 4.345170855522155762e-01 -1.315418332815170288e-01 -7.026140689849853516e-01
-9.193448424339294434e-01 -5.887643694877624512e-01 -1.911202520132064819e-01 -2.530361115932464600e-01 -4.702592492103576660e-01
6.299636363983154297e-01 -1.510884761810302734e-01 5.151307582855224609e-01 6.578084826469421387e-01 8.500508666038513184e-01
-1.269008278846740723e+00 6.035072803497314453e-01 1.193196654319763184e+00 -1.381484866142272949e-01 -2.065972834825515747e-01
-1.630317449569702148e+00 9.251945614814758301e-01 5.325813889503479004e-01 -2.734611034393310547e-01 -4.982426166534423828e-01
-1.551679015159606934e+00 8.886623382568359375e-01 9.276219606399536133e-01 1.407080739736557007e-01 -6.318769454956054688e-01
-6.386675238609313965e-01 1.731812834739685059e+00 1.052194714546203613e+00 1.823156476020812988e-01 -3.695184588432312012e-01
-1.589455962181091309e+00 1.088777899742126465e+00 5.215504765510559082e-01 -1.406419128179550171e-01 -5.588551163673400879e-01
-1.950657248497009277e+00 -3.875339329242706299e-01 1.469286799430847168e+00 -7.220975123345851898e-03 -4.336155056953430176e-01
-1.346740126609802246e+00 5.139834284782409668e-01 1.571387052536010742e+00 4.586713314056396484e-01 -5.654326081275939941e-01
-3.544668853282928467e-01 -7.243891358375549316e-01 -3.953014910221099854e-01 2.714606821537017822e-01 -3.090518340468406677e-02
-7.007229924201965332e-01 -4.251523017883300781e-01 -1.132059216499328613e+00 -6.332938671112060547e-01 5.405662655830383301e-01
1.578408241271972656e+00 2.472448647022247314e-01 -1.342805624008178711e-01 -6.201127767562866211e-01 4.511588811874389648e-01
7.254723906517028809e-01 -1.406939327716827393e-01 1.001818537712097168e+00 -8.151328563690185547e-01 1.171278953552246094e+00
4.530058801174163818e-01 1.910581946372985840e+00 -1.087233543395996094e+00 -8.568050265312194824e-01 -2.950294613838195801e-01
2.280274629592895508e-01 1.314417600631713867e+00 2.304235458374023438e+00 2.693028748035430908e-01 1.685378909111022949e+00
7.900998592376708984e-01 1.650059580802917480e+00 2.429538488388061523e+00 6.343166530132293701e-02 2.110615730285644531e+00
3.525990843772888184e-01 7.912944555282592773e-01 2.807126998901367188e+00 2.840396761894226074e-01 1.748415708541870117e+00
-2.136992514133453369e-01 1.992349267005920410e+00 1.139449954032897949e+00 3.254211694002151489e-02 1.472980737686157227e+00
2.136674076318740845e-01 1.116321206092834473e+00 2.199483156204223633e+00 1.471799314022064209e-01 1.935635089874267578e+00
3.510571420192718506e-01 2.183765888214111328e+00 1.494964122772216797e+00 1.318030804395675659e-01 1.540223956108093262e+00
1.476859301328659058e-01 2.125568389892578125e+00 1.595280885696411133e+00 5.150268077850341797e-01 1.287777185440063477e+00
-6.340798735618591309e-01 1.805636644363403320e+00 -6.717936396598815918e-01 4.127974212169647217e-01 -2.049016207456588745e-01
-7.943577766418457031e-01 2.998857796192169189e-01 -1.248963117599487305e+00 6.450908184051513672e-01 -1.027663707733154297e+00
-6.880145668983459473e-01 2.047169953584671021e-01 1.296326071023941040e-01 -1.739727705717086792e-01 -1.296772956848144531e+00
4.970815479755401611e-01 7.120287418365478516e-01 -1.030729889869689941e+00 9.633263349533081055e-01 -2.384955734014511108e-01
-2.381501436233520508e+00 2.179362297058105469e+00 5.129228830337524414e-01 -1.553944051265716553e-01 9.321373105049133301e-01
-1.060720920562744141e+00 2.517900168895721436e-01 1.048624753952026367e+00 1.712465733289718628e-01 -7.226671576499938965e-01
