1.242577433586120605e+00
6.118383407592773438e-01
-2.064748108386993408e-01
-1.612323403358459473e+00
-2.639183402061462402e-01
-1.128998517990112305e+00
-3.014105558395385742e-01
1.875401854515075684e+00
-2.158519744873046875e+00
9.276080131530761719e+00
3.249170064926147461e+00
6.219079971313476562e+00
2.673767328262329102e+00
-1.998664498329162598e+00
9.656933695077896118e-02
7.113462686538696289e-01
2.238675117492675781e+00
1.886775851249694824e+00
3.463486909866333008e+00
1.443050026893615723e+00
8.342804312705993652e-01
1.676830768585205078e+00
4.943489074707031250e+00
2.823033094406127930e+00
3.253032684326171875e+00
-1.390807926654815674e-01
7.117508053779602051e-01
1.104838848114013672e+00
-1.815064251422882080e-01
4.388808906078338623e-01
5.360576510429382324e-01
7.759770154953002930e-01
1.636759638786315918e+00
1.144139647483825684e+00
-6.314562559127807617e-01
8.163051009178161621e-01
-3.628272414207458496e-01
1.917868733406066895e+00
1.478905081748962402e+00
-5.060183405876159668e-01
-1.203268408775329590e+00
1.939257979393005371e+00
9.579573869705200195e-01
3.627188801765441895e-01
-1.084793090820312500e+00
2.489431858062744141e+00
2.296229124069213867e+00
1.653748869895935059e+00
9.290233850479125977e-01
2.161298245191574097e-01
6.133242845535278320e-01
-1.459711194038391113e+00
7.691795229911804199e-01
2.059866786003112793e-01
-5.015561729669570923e-02
-8.138525485992431641e-01
1.363599061965942383e+00
5.168046355247497559e-01
9.299751281738281250e+00
9.304985046386718750e+00
9.302011489868164062e+00
9.044445991516113281e+00
9.040543556213378906e+00
5.250989913940429688e+00
5.927170753479003906e+00
6.157623767852783203e+00
5.481894016265869141e+00
2.817637026309967041e-01
-8.875313401222229004e-01
2.326516389846801758e+00
4.220222473144531250e+00
4.705451488494873047e+00
5.229867935180664062e+00
1.920140862464904785e+00
4.384487628936767578e+00
3.312627077102661133e+00
3.692914247512817383e+00
4.161323547363281250e+00
2.597090959548950195e+00
1.287043452262878418e+00
6.984269618988037109e+00
7.485118389129638672e+00
-6.421358585357666016e-01
1.439901351928710938e+00
7.407593250274658203e+00
6.798840522766113281e+00
1.413349270820617676e+00
6.032636165618896484e-01
5.201149731874465942e-02
-5.337327718734741211e-01
8.150496482849121094e+00
7.494405269622802734e+00
3.396880865097045898e+00
1.747219920158386230e+00
-6.552372127771377563e-02
2.037363767623901367e+00
2.011056184768676758e+00
2.153506755828857422e+00
3.626153707504272461e+00
4.765605926513671875e+00
4.976357936859130859e+00
5.380289554595947266e+00
8.133009910583496094e+00
8.475734710693359375e+00
6.591336250305175781e+00
6.597625732421875000e+00
8.566470146179199219e+00
8.598334312438964844e+00
5.708861351013183594e+00
7.996653556823730469e+00
8.107604026794433594e+00
3.824116230010986328e+00
3.543219327926635742e+00
-1.882982999086380005e-01
3.171217739582061768e-01
3.151734769344329834e-01
1.584827184677124023e+00
8.610471725463867188e+00
4.837147712707519531e+00
5.114952087402343750e+00
4.770476341247558594e+00
-1.955897212028503418e-01
-3.252437412738800049e-01
-5.436187386512756348e-01
5.650768280029296875e-01
2.232944488525390625e+00
2.429019451141357422e+00
3.940564632415771484e+00
-1.199877619743347168e+00
7.389230251312255859e+00
6.402743339538574219e+00
4.412384033203125000e+00
9.829838871955871582e-01
2.487936019897460938e+00
4.644055292010307312e-02
9.187790155410766602e-01
5.428242206573486328e+00
6.341916561126708984e+00
5.019929885864257812e+00
-5.509038567543029785e-01
2.084586143493652344e+00
2.351592302322387695e+00
-1.285516858100891113e+00
-7.781969755887985229e-02
-5.175948143005371094e-01
-6.538498997688293457e-01
9.070408821105957031e+00
2.682719230651855469e+00
-1.072852730751037598e+00
-1.434675693511962891e+00
2.640972852706909180e+00
6.807842254638671875e-01
1.661578774452209473e+00
7.372523307800292969e+00
-1.659543439745903015e-02
6.544408798217773438e-01
3.916794955730438232e-01
-4.889921844005584717e-02
9.288631439208984375e+00
9.298876762390136719e+00
1.096568226814270020e+00
3.645053505897521973e-02
4.001030445098876953e+00
3.212136507034301758e+00
2.565758526325225830e-01
-1.552367955446243286e-01
7.571817874908447266e+00
7.755351066589355469e+00
2.823047637939453125e+00
1.845873951911926270e+00
1.195560932159423828e+00
3.225947320461273193e-01
3.342668771743774414e+00
3.745682239532470703e+00
6.899552822113037109e+00
7.702188968658447266e+00
3.502086997032165527e-01
1.737291812896728516e+00
3.850367546081542969e+00
2.588955640792846680e+00
-1.958329416811466217e-02
1.566925048828125000e+00
2.377102613449096680e+00
2.560329198837280273e+00
3.045571088790893555e+00
9.383815765380859375e+00
4.303315162658691406e+00
2.537907361984252930e+00
8.172360658645629883e-01
1.700550436973571777e+00
-6.556883454322814941e-01
6.368570327758789062e-01
9.162309169769287109e-01
5.731161236763000488e-01
-3.139437735080718994e-01
1.916998028755187988e+00
2.324969768524169922e-01
4.053330719470977783e-01
4.121360778808593750e+00
-1.537355422973632812e+00
5.603160858154296875e-01
5.098717212677001953e-01
-1.381149530410766602e+00
-1.528860807418823242e+00
2.676079988479614258e+00
4.621523916721343994e-01
-1.085388898849487305e+00
2.535334587097167969e+00
3.329691171646118164e+00
-6.563063859939575195e-01
-6.807557940483093262e-01
1.134121537208557129e+00
-9.636652469635009766e-01
-1.312156319618225098e+00
1.308602213859558105e+00
7.475812435150146484e-01
-2.005776464939117432e-01
1.160266518592834473e+00
-3.992136195302009583e-02
2.548317313194274902e-01
1.318767905235290527e+00
1.352561593055725098e+00
8.821193575859069824e-01
9.518066406250000000e+00
9.514244079589843750e+00
5.843617439270019531e+00
1.119989633560180664e+00
-1.746213436126708984e+00
1.058234199881553650e-01
1.892365217208862305e+00
-1.035573109984397888e-01
-5.588272809982299805e-01
4.935106754302978516e+00
-5.794428586959838867e-01
5.909686684608459473e-01
3.665240526199340820e+00
1.704740643501281738e+00
6.691741347312927246e-01
-1.274865388870239258e+00
5.255352705717086792e-02
1.958209156990051270e+00
1.926900148391723633e+00
1.339850544929504395e+00
2.906394481658935547e+00
1.183635950088500977e+00
2.260920107364654541e-01
1.824809551239013672e+00
5.521016716957092285e-01
2.550760507583618164e+00
5.212660431861877441e-01
8.458355665206909180e-01
-2.850649356842041016e-01
1.827708125114440918e+00
-1.425948143005371094e-01
2.945703744888305664e+00
6.837630271911621094e-01
-3.222083747386932373e-01
1.506181359291076660e+00
1.409462332725524902e+00
7.839497178792953491e-02
-4.041816294193267822e-02
1.119418621063232422e+00
3.441508710384368896e-01
7.094350457191467285e-01
-2.992927730083465576e-01
2.299436628818511963e-01
-7.966508269309997559e-01
8.897401809692382812e+00
8.839457511901855469e+00
3.572139739990234375e+00
2.713698625564575195e+00
1.376383662223815918e+00
1.454066634178161621e+00
2.084133148193359375e+00
1.139182567596435547e+00
8.065466880798339844e+00
8.996249198913574219e+00
4.768918514251708984e+00
2.095902681350708008e+00
-1.846560239791870117e-01
7.612739801406860352e-01
2.065280914306640625e+00
6.323045492172241211e-01
8.747643470764160156e+00
1.139175057411193848e+00
-2.128007411956787109e-01
-1.791257709264755249e-01
-6.869192123413085938e-01
5.119998931884765625e+00
-3.123451471328735352e-01
5.405845642089843750e-01
-3.495603203773498535e-01
-5.151710510253906250e-01
3.371088027954101562e+00
3.233434200286865234e+00
1.688991189002990723e+00
2.842854022979736328e+00
4.225811958312988281e+00
3.433189153671264648e+00
1.055316329002380371e+00
1.502139959484338760e-02
4.289368987083435059e-01
2.213280200958251953e+00
-6.279592514038085938e-01
9.757484793663024902e-01
5.031471848487854004e-01
2.792366027832031250e+00
1.000343918800354004e+00
1.045609474182128906e+00
1.314632296562194824e+00
1.267822742462158203e+00
2.469181776046752930e+00
1.103642106056213379e+00
3.202602863311767578e-01
1.249158740043640137e+00
4.470770359039306641e+00
5.465898513793945312e-01
2.568491458892822266e+00
2.320614099502563477e+00
3.393534660339355469e+00
-1.973217248916625977e+00
1.759340167045593262e+00
-8.345679938793182373e-02
-3.407875001430511475e-01
3.574739217758178711e+00
3.289632320404052734e+00
9.982005357742309570e-01
7.207796573638916016e-01
-3.415955603122711182e-01
4.667968451976776123e-01
-1.049038842320442200e-01
1.043558120727539062e+00
-3.168752491474151611e-01
2.283566713333129883e+00
1.556811928749084473e+00
1.866333007812500000e+00
9.622351527214050293e-01
-2.579853832721710205e-01
-1.066498994827270508e+00
2.503281831741333008e+00
7.758890151977539062e+00
1.319210171699523926e+00
1.662456274032592773e+00
7.230747222900390625e+00
6.011304855346679688e+00
3.142947673797607422e+00
4.161818027496337891e+00
-6.941614151000976562e-01
3.710054397583007812e+00
5.206625461578369141e+00
-3.363585174083709717e-01
7.994188070297241211e-01
8.720456957817077637e-01
6.695674657821655273e-01
3.334180831909179688e+00
4.729210853576660156e+00
4.031723499298095703e+00
1.517685174942016602e+00
1.268759369850158691e+00
2.320696115493774414e+00
8.491213917732238770e-01
-2.057114988565444946e-01
-1.093631759285926819e-01
9.406968116760253906e+00
-4.255952835083007812e-01
7.014605402946472168e-01
4.825704693794250488e-01
2.417453527450561523e+00
9.284083366394042969e+00
9.452901840209960938e+00
9.318147659301757812e+00
5.573444366455078125e+00
5.968796253204345703e+00
1.756377220153808594e+00
3.354453444480895996e-01
2.078532457351684570e+00
3.824048936367034912e-01
2.906195163726806641e+00
8.953447937965393066e-01
1.001847743988037109e+00
3.250882148742675781e+00
3.155554533004760742e+00
1.523598432540893555e+00
-2.111185193061828613e-01
2.566250562667846680e+00
3.196746110916137695e+00
-6.671901941299438477e-01
2.224582195281982422e+00
6.620439529418945312e+00
1.562194675207138062e-01
1.909846782684326172e+00
7.167727947235107422e+00
1.588610529899597168e+00
7.194070816040039062e-01
2.039694309234619141e+00
-1.436650007963180542e-01
-2.676818966865539551e-01
2.360435575246810913e-01
-2.487421594560146332e-02
2.329886332154273987e-02
3.559852540493011475e-01
-3.927222192287445068e-01
6.393748521804809570e-01
1.999291062355041504e+00
3.356446325778961182e-01
-1.255802035331726074e+00
6.936447024345397949e-01
7.749860882759094238e-01
8.993966504931449890e-03
1.637732796370983124e-02
-1.223434880375862122e-01
-6.420909166336059570e-01
-1.263606548309326172e-01
-2.194971084594726562e+00
7.276630401611328125e-01
-4.007731676101684570e-01
1.034210562705993652e+00
-1.299316883087158203e-01
-9.750806689262390137e-01
1.351324677467346191e+00
-9.832521080970764160e-01
-1.236637115478515625e+00
7.563680648803710938e+00
7.536594390869140625e+00
5.032740592956542969e+00
7.507995963096618652e-01
2.655316591262817383e+00
6.663780212402343750e-01
1.446781516075134277e+00
3.719144821166992188e+00
8.226110786199569702e-02
2.749979496002197266e+00
8.279198408126831055e-01
7.364611148834228516e+00
5.077338695526123047e+00
4.784673690795898438e+00
5.871750831604003906e+00
-1.622590124607086182e-01
1.097984075546264648e+00
5.192958116531372070e-01
1.325148701667785645e+00
4.562584757804870605e-01
-1.192626118659973145e+00
1.050066947937011719e+00
-1.894010752439498901e-01
6.232433319091796875e+00
4.802247881889343262e-01
7.975040078163146973e-01
1.212069988250732422e+00
2.364768266677856445e+00
5.505360603332519531e+00
3.819566011428833008e+00
3.108990192413330078e+00
1.314441919326782227e+00
-2.345372736454010010e-01
-1.159523963928222656e+00
4.094167947769165039e-01
-2.165720909833908081e-01
1.464353442192077637e+00
1.530185222625732422e+00
8.354260444641113281e+00
4.180495262145996094e+00
4.748604297637939453e+00
2.584543228149414062e-01
3.197594359517097473e-02
1.733223557472229004e+00
8.524346947669982910e-01
9.846380352973937988e-01
-2.058837413787841797e+00
-1.653424859046936035e+00
-1.834993600845336914e+00
4.571638584136962891e+00
3.691152334213256836e-01
-1.337921023368835449e+00
1.499600052833557129e+00
1.317606925964355469e+00
7.302545905113220215e-01
3.530234336853027344e+00
3.846848964691162109e+00
8.915709853172302246e-01
-1.133846044540405273e+00
2.464215993881225586e+00
4.242863178253173828e+00
2.489654779434204102e+00
2.922892093658447266e+00
3.959280967712402344e+00
3.533780813217163086e+00
1.502920150756835938e+00
-3.091619014739990234e-01
1.068137049674987793e+00
4.110212028026580811e-01
-1.273966312408447266e+00
2.364803552627563477e+00
2.207237958908081055e+00
-8.022340387105941772e-02
-6.495153903961181641e-01
-4.102508544921875000e+00
-2.037769556045532227e-01
7.925349235534667969e+00
7.417604923248291016e+00
6.583968639373779297e+00
1.794092774391174316e+00
4.359267652034759521e-01
1.076528906822204590e+00
-9.539393782615661621e-01
8.819780945777893066e-01
2.998421788215637207e-01
-1.900713562965393066e+00
5.968409538269042969e+00
7.487094402313232422e+00
5.273523807525634766e+00
6.377734541893005371e-01
4.310851573944091797e+00
1.512644886970520020e+00
4.525485038757324219e-01
4.447206020355224609e+00
4.949639320373535156e+00
-2.539297938346862793e-01
-8.077148199081420898e-01
-5.376031622290611267e-03
-3.394050300121307373e-01
-1.408076643943786621e+00
-1.306019902229309082e+00
3.281510114669799805e+00
2.308712720870971680e+00
9.199677705764770508e-01
3.549568891525268555e+00
2.956678152084350586e+00
-4.980440139770507812e-01
-5.616197586059570312e-01
5.337168693542480469e+00
4.175959110260009766e+00
4.405975341796875000e+00
1.507625170052051544e-02
-5.350804328918457031e-01
4.858424663543701172e-01
-9.888184666633605957e-01
5.329428672790527344e+00
5.298388957977294922e+00
5.138980388641357422e+00
7.225564479827880859e+00
4.632871627807617188e+00
6.349146842956542969e+00
4.732329368591308594e+00
-4.578677713871002197e-01
-2.359003543853759766e+00
1.585310935974121094e+00
-7.605694532394409180e-01
-1.897682547569274902e+00
4.420878887176513672e+00
5.922053813934326172e+00
4.529869079589843750e+00
5.500166893005371094e+00
3.882270336151123047e+00
4.073713779449462891e+00
3.830323219299316406e+00
1.393090724945068359e+00
1.861961841583251953e+00
-1.169511556625366211e+00
6.811112761497497559e-01
-4.460545182228088379e-01
-3.603896796703338623e-01
