6.006596088409423828e+00
6.575369834899902344e+00
6.156190872192382812e+00
5.583296298980712891e+00
7.032421112060546875e+00
3.582904815673828125e+00
4.480542659759521484e+00
4.125216960906982422e+00
4.528206825256347656e+00
2.472393035888671875e+00
4.086678028106689453e+00
1.136935472488403320e+00
4.013039112091064453e+00
4.108880996704101562e+00
5.152564048767089844e+00
4.837389469146728516e+00
2.735258102416992188e+00
3.260607719421386719e+00
3.454041957855224609e+00
3.191468000411987305e+00
3.316934585571289062e+00
4.313029766082763672e+00
4.349578857421875000e+00
3.817725658416748047e+00
3.456896781921386719e+00
3.114456415176391602e+00
4.999055385589599609e+00
3.886645317077636719e+00
3.449539899826049805e+00
2.539234638214111328e+00
3.929394483566284180e+00
4.328308105468750000e+00
3.704811573028564453e+00
3.021713972091674805e+00
3.493012666702270508e+00
3.646892070770263672e+00
1.450186252593994141e+00
7.357609748840332031e+00
2.232847213745117188e+00
3.441745519638061523e+00
4.870610237121582031e+00
3.839412927627563477e+00
3.815795660018920898e+00
5.861512571573257446e-02
3.988932371139526367e+00
4.244009017944335938e+00
1.995377659797668457e+00
5.574654102325439453e+00
3.967246055603027344e+00
3.520628213882446289e+00
4.022703647613525391e+00
3.886478185653686523e+00
3.195917129516601562e+00
3.995268344879150391e+00
3.881612539291381836e+00
4.402359008789062500e+00
4.162351131439208984e+00
3.598889827728271484e+00
4.450183391571044922e+00
3.959822416305541992e+00
4.050990581512451172e+00
3.964777946472167969e+00
7.335767745971679688e-01
4.071191787719726562e+00
3.974584579467773438e+00
1.689739346504211426e+00
2.721027135848999023e+00
3.936892509460449219e+00
3.586844921112060547e+00
4.735667705535888672e+00
3.720747232437133789e+00
3.457572221755981445e+00
3.153203487396240234e+00
3.849787712097167969e+00
2.429971933364868164e+00
3.291159391403198242e+00
3.621906757354736328e+00
4.109133243560791016e+00
4.173445701599121094e+00
3.463211774826049805e+00
4.909781455993652344e+00
3.319450139999389648e+00
3.377263784408569336e+00
3.565656661987304688e+00
2.917741298675537109e+00
2.486939191818237305e+00
2.896822452545166016e+00
4.027210235595703125e+00
3.664705514907836914e+00
3.232426881790161133e+00
3.816098451614379883e+00
5.057576179504394531e+00
3.636656045913696289e+00
1.934216380119323730e+00
3.047904253005981445e+00
2.756278753280639648e+00
4.301379203796386719e+00
2.448170185089111328e+00
3.146973848342895508e+00
3.782216787338256836e+00
3.468734979629516602e+00
2.531824827194213867e+00
1.228284478187561035e+00
3.478519916534423828e+00
3.304461479187011719e+00
3.687544345855712891e+00
3.694865226745605469e+00
3.445430040359497070e+00
8.397642374038696289e-01
3.090184688568115234e+00
3.215275764465332031e+00
2.928093910217285156e+00
4.923138618469238281e+00
3.197366714477539062e+00
2.829753637313842773e+00
2.534428119659423828e+00
3.275828123092651367e+00
2.244265794754028320e+00
2.633485555648803711e+00
1.329201102256774902e+00
2.349294900894165039e+00
5.015052318572998047e+00
3.492570400238037109e+00
3.505897045135498047e+00
4.094095706939697266e+00
2.714860677719116211e+00
1.381766557693481445e+00
2.295396804809570312e+00
3.129767656326293945e+00
3.645008802413940430e+00
1.362158179283142090e+00
5.205245018005371094e+00
3.470476150512695312e+00
2.165022611618041992e+00
2.788600921630859375e+00
3.055484294891357422e+00
3.052814960479736328e+00
3.345393180847167969e+00
2.866272926330566406e+00
2.743466854095458984e+00
1.938720703125000000e+00
3.029196977615356445e+00
4.992843627929687500e+00
1.802277922630310059e+00
2.558392286300659180e+00
4.031065464019775391e+00
2.841493368148803711e+00
3.145697832107543945e+00
2.361075401306152344e+00
2.729512453079223633e+00
1.388851881027221680e+00
2.606241941452026367e+00
3.409020185470581055e+00
4.558089256286621094e+00
2.322021007537841797e+00
2.992264509201049805e+00
3.294991731643676758e+00
7.982901334762573242e-01
3.117210388183593750e+00
2.505970478057861328e+00
2.793323516845703125e+00
2.294025421142578125e+00
3.748317658901214600e-01
2.529538154602050781e+00
3.788846492767333984e+00
3.403370380401611328e+00
2.056311607360839844e+00
2.491989850997924805e+00
2.791408777236938477e+00
2.508629560470581055e+00
3.260331869125366211e+00
1.776939272880554199e+00
2.526224613189697266e+00
2.795446872711181641e+00
3.154203653335571289e+00
5.159363269805908203e+00
2.381421089172363281e+00
1.120466709136962891e+00
3.295524358749389648e+00
1.100531578063964844e+00
2.746978759765625000e+00
1.914979338645935059e+00
2.375177383422851562e+00
2.576590776443481445e+00
2.608785152435302734e+00
1.511685132980346680e+00
4.721930980682373047e+00
2.651979684829711914e+00
3.382309913635253906e+00
1.228835463523864746e+00
1.631734013557434082e+00
3.384013891220092773e+00
2.329026460647583008e+00
2.938568592071533203e+00
2.862238645553588867e+00
2.447224617004394531e+00
9.984480142593383789e-01
4.883831977844238281e+00
2.314187526702880859e+00
3.224668264389038086e+00
1.453406095504760742e+00
2.471956253051757812e+00
1.956964731216430664e+00
3.076226472854614258e+00
1.730679988861083984e+00
3.034923315048217773e+00
1.235605478286743164e-01
2.094640731811523438e+00
3.775724411010742188e+00
1.169982075691223145e+00
2.178080081939697266e+00
2.517416238784790039e+00
1.455319166183471680e+00
1.916387319564819336e+00
1.887988924980163574e+00
1.170641541481018066e+00
7.666258215904235840e-01
2.889262914657592773e+00
1.446585297584533691e+00
6.512228965759277344e+00
5.080342769622802734e+00
2.016870737075805664e+00
3.006329059600830078e+00
3.239581733942031860e-02
1.457250833511352539e+00
2.037369012832641602e+00
4.735491573810577393e-01
9.991040825843811035e-01
1.755924105644226074e+00
2.311183452606201172e+00
2.396535873413085938e+00
5.669771671295166016e+00
2.628493070602416992e+00
2.973163604736328125e+00
1.787553429603576660e+00
2.723761320114135742e+00
1.859125971794128418e+00
1.768022060394287109e+00
1.323416709899902344e+00
1.889514207839965820e+00
2.576099157333374023e+00
1.696509242057800293e+00
5.784882068634033203e+00
4.017668366432189941e-01
1.918817162513732910e+00
2.512918472290039062e+00
1.772056460380554199e+00
1.827489137649536133e+00
1.486461639404296875e+00
1.534259080886840820e+00
1.217198491096496582e+00
1.271754145622253418e+00
1.094086408615112305e+00
4.658486843109130859e+00
2.246951341629028320e+00
2.787875413894653320e+00
6.061419844627380371e-01
7.584545612335205078e-01
1.353125452995300293e+00
2.479350090026855469e+00
6.293050050735473633e-01
1.828813195228576660e+00
5.851540565490722656e-01
5.124889373779296875e+00
9.515591859817504883e-01
1.655604839324951172e+00
2.408791542053222656e+00
1.905066519975662231e-02
7.794012427330017090e-01
1.229149937629699707e+00
6.378178596496582031e-01
1.092828512191772461e+00
4.271819114685058594e+00
2.563931941986083984e+00
7.023167014122009277e-01
1.788734078407287598e+00
9.859948158264160156e-01
1.954874873161315918e+00
1.340099930763244629e+00
2.024897187948226929e-02
1.401686906814575195e+00
4.936799526214599609e+00
1.616445899009704590e+00
2.758338212966918945e+00
2.085923194885253906e+00
1.761453270912170410e+00
1.951419860124588013e-01
1.367518186569213867e+00
1.748480916023254395e+00
8.639439940452575684e-02
1.929212212562561035e+00
1.534454822540283203e+00
4.854400157928466797e+00
2.297335147857666016e+00
1.205302476882934570e+00
8.137142062187194824e-01
2.177541732788085938e+00
7.804254069924354553e-03
1.791027665138244629e+00
1.175392270088195801e+00
4.564198017120361328e+00
1.223598122596740723e+00
1.199802160263061523e+00
4.483550488948822021e-01
1.820667862892150879e+00
1.574901491403579712e-01
1.796765208244323730e+00
1.257135152816772461e+00
1.304825097322463989e-01
4.851427555084228516e+00
1.268929958343505859e+00
2.508986042812466621e-03
9.101714938879013062e-02
8.996357321739196777e-01
2.591626346111297607e-01
1.744891881942749023e+00
1.842160105705261230e+00
1.059305787086486816e+00
7.007892131805419922e+00
4.066776275634765625e+00
5.274389386177062988e-01
8.649325370788574219e-01
4.570229649543762207e-01
7.056009173393249512e-01
5.391474366188049316e-01
1.299223423004150391e+00
6.109615564346313477e-01
4.467007160186767578e+00
1.090464949607849121e+00
8.213325142860412598e-01
1.000335693359375000e+00
1.577214896678924561e-02
1.389531373977661133e+00
9.616336822509765625e-01
1.121357902884483337e-01
4.142555713653564453e+00
3.413985297083854675e-02
8.722004890441894531e-01
3.326088190078735352e-03
2.086008712649345398e-02
7.669728994369506836e-02
3.184539377689361572e-01
7.654514312744140625e-01
1.006500329822301865e-03
9.627323597669601440e-02
4.162033557891845703e+00
7.834442704916000366e-02
2.198350243270397186e-02
7.305343747138977051e-01
6.526381373405456543e-01
2.642127126455307007e-02
4.417679309844970703e-01
3.082183301448822021e-01
4.339672565460205078e+00
5.829334259033203125e-01
4.363829493522644043e-01
5.113650113344192505e-02
2.638722397387027740e-02
3.079502144828438759e-03
9.841391444206237793e-02
4.700453281402587891e+00
3.048878535628318787e-02
5.934065848123282194e-05
4.072601441293954849e-03
4.229766875505447388e-02
2.623998746275901794e-02
6.906396592967212200e-04
1.029237732291221619e-01
1.829458866268396378e-03
4.338286876678466797e+00
8.714877068996429443e-02
4.756098747253417969e+00
4.616289138793945312e+00
4.839481353759765625e+00
6.986122608184814453e+00
5.270983219146728516e+00
4.389328479766845703e+00
2.827655076980590820e+00
4.570050239562988281e+00
4.008077621459960938e+00
4.390123844146728516e+00
4.060236454010009766e+00
4.378306388854980469e+00
4.387842655181884766e+00
4.426435470581054688e+00
6.048740863800048828e+00
4.833410263061523438e+00
4.702593326568603516e+00
3.613369226455688477e+00
2.344129085540771484e+00
4.675045967102050781e+00
4.504897594451904297e+00
4.553396701812744141e+00
5.711530685424804688e+00
4.396582126617431641e+00
4.128198623657226562e+00
4.314548015594482422e+00
3.984162569046020508e+00
4.367379188537597656e+00
3.563143491744995117e+00
3.553962469100952148e+00
4.595292568206787109e+00
3.672996759414672852e+00
4.856644153594970703e+00
4.656513690948486328e+00
4.343297004699707031e+00
3.564389467239379883e+00
4.280429840087890625e+00
2.778305292129516602e+00
4.121796131134033203e+00
4.322968959808349609e+00
3.932044267654418945e+00
3.002323389053344727e+00
5.146013736724853516e+00
3.383719682693481445e+00
3.831617355346679688e+00
3.705461025238037109e+00
4.458849906921386719e+00
4.051355361938476562e+00
3.958098411560058594e+00
4.308393478393554688e+00
5.242647171020507812e+00
4.350482940673828125e+00
4.249477863311767578e+00
