2.910372316837310791e-01 6.682335138320922852e-01 -6.646656990051269531e-01
-1.520488411188125610e-01 7.514433562755584717e-02 2.871909141540527344e-01
7.149009108543395996e-01 1.938813775777816772e-01 -1.487289220094680786e-01
5.010368824005126953e-01 1.174358844757080078e+00 4.397294670343399048e-02
1.632555365562438965e+00 -1.049489527940750122e-01 -3.260314837098121643e-02
1.000218987464904785e+00 -1.295835614204406738e+00 -1.251398444175720215e+00
-2.512229979038238525e-01 3.081557154655456543e-01 9.404534101486206055e-02
-9.783562421798706055e-01 9.089339971542358398e-01 1.041984677314758301e+00
2.448609769344329834e-01 8.607562631368637085e-03 -1.526193693280220032e-02
1.186651587486267090e+00 1.036776751279830933e-01 -3.886036574840545654e-01
9.468609094619750977e-01 -9.302147626876831055e-01 -7.270650267601013184e-01
1.000577092170715332e+00 -1.120478868484497070e+00 -8.617082834243774414e-01
2.127164840698242188e+00 5.977207794785499573e-02 2.008303880691528320e+00
-2.792057991027832031e-01 -5.681532621383666992e-01 -1.178275570273399353e-01
5.822789669036865234e-01 -8.287189006805419922e-01 -1.651663184165954590e-01
4.746310114860534668e-01 8.790362477302551270e-01 -3.409574329853057861e-01
3.323786258697509766e-01 5.883807539939880371e-01 -5.273426417261362076e-03
2.895620584487915039e+00 -5.233677029609680176e-01 1.699879288673400879e+00
2.893379449844360352e+00 -2.457911372184753418e-01 1.976420640945434570e+00
9.135461449623107910e-01 -3.720361292362213135e-01 -4.288415424525737762e-03
1.784479022026062012e-01 3.142988383769989014e-01 2.037654221057891846e-01
-8.112360374070703983e-04 -1.645442247390747070e-01 -3.263969123363494873e-01
5.524589419364929199e-01 -7.707917690277099609e-01 -1.071720957756042480e+00
5.221898555755615234e-01 -5.937180519104003906e-01 -9.412263035774230957e-01
5.058658123016357422e-01 -5.023666620254516602e-01 -8.761148452758789062e-01
1.711857080459594727e+00 1.106581911444664001e-01 2.990544140338897705e-01
1.435549974441528320e+00 -6.803342103958129883e-01 -7.675254344940185547e-01
-1.241800189018249512e+00 -4.118489325046539307e-01 7.600330114364624023e-01
8.708031177520751953e-01 2.765836939215660095e-02 9.478549957275390625e-01
-5.251599550247192383e-01 -7.957242727279663086e-01 -9.388334751129150391e-01
-5.246163159608840942e-02 -5.961656570434570312e-01 2.449208498001098633e-01
-1.047448635101318359e+00 3.140631020069122314e-01 -3.938683867454528809e-01
-8.811399340629577637e-02 -8.610352873802185059e-02 1.347848653793334961e+00
-2.252808772027492523e-02 1.031101584434509277e+00 -2.709659636020660400e-01
5.006162524223327637e-01 -1.818371415138244629e-01 -5.265673398971557617e-01
1.115586161613464355e+00 5.154277682304382324e-01 1.096038460731506348e+00
-1.115628361701965332e+00 -7.383694499731063843e-02 -1.247212529182434082e+00
6.583618521690368652e-01 -6.430392861366271973e-01 -9.047064781188964844e-01
2.360736951231956482e-03 4.840129986405372620e-02 -4.749125838279724121e-01
-1.305488348007202148e+00 2.631559967994689941e-01 -7.895134389400482178e-02
1.369765758514404297e+00 4.606889784336090088e-01 5.165676474571228027e-01
8.676684498786926270e-01 1.521716117858886719e-01 -5.481506586074829102e-01
1.225509762763977051e+00 -8.008507490158081055e-01 -1.051250576972961426e+00
-4.135201275348663330e-01 1.682993620634078979e-01 1.476386666297912598e+00
-4.557156860828399658e-01 1.005423665046691895e-01 -8.673676848411560059e-01
1.249171137809753418e+00 1.323636770248413086e+00 5.586931705474853516e-01
1.185509324073791504e+00 -1.783363699913024902e+00 -1.790261507034301758e+00
9.825493693351745605e-01 1.836139559745788574e-01 -3.896722197532653809e-01
1.625651359558105469e+00 7.167132496833801270e-01 4.541837871074676514e-01
2.993528246879577637e-01 -1.805320382118225098e-01 -3.878972232341766357e-01
-1.729449182748794556e-01 -8.541937470436096191e-01 1.068483293056488037e-01
8.487603068351745605e-02 6.753879189491271973e-01 -1.480350792407989502e-01
-3.825838565826416016e-01 3.060299456119537354e-01 8.332425951957702637e-01
4.813104569911956787e-01 2.702633142471313477e-01 -3.760251998901367188e-01
-1.076367139816284180e+00 8.871158361434936523e-01 5.944905281066894531e-01
5.645837187767028809e-01 -1.644128561019897461e-02 -9.474438428878784180e-01
-1.004486680030822754e+00 -7.360909581184387207e-01 -6.890745759010314941e-01
1.153607130050659180e+00 6.059103086590766907e-02 6.790020465850830078e-01
1.616656661033630371e+00 1.319746673107147217e-01 -1.912079453468322754e-01
1.617767214775085449e+00 1.254152357578277588e-01 -1.876762807369232178e-01
1.616127967834472656e+00 1.278867423534393311e-01 -1.927977204322814941e-01
1.589090824127197266e+00 -4.983185324817895889e-03 -3.786734044551849365e-01
1.591441512107849121e+00 -4.639322869479656219e-03 -3.810709416866302490e-01
1.998534917831420898e+00 -7.753282040357589722e-02 -1.621809303760528564e-01
1.964925885200500488e+00 -7.856928557157516479e-02 -1.984625458717346191e-01
2.167944669723510742e+00 1.584702134132385254e-01 5.286182463169097900e-02
2.174541473388671875e+00 1.937809586524963379e-02 -6.113266944885253906e-02
4.168113768100738525e-01 -2.695096135139465332e-01 -7.489207983016967773e-01
-4.961396008729934692e-02 3.135760426521301270e-01 -2.626075148582458496e-01
2.450177907943725586e+00 -1.360744476318359375e+00 -1.037039637565612793e+00
2.120917320251464844e+00 3.101417720317840576e-01 2.480540871620178223e-01
2.218870878219604492e+00 1.057575270533561707e-01 3.095398843288421631e-01
2.218405961990356445e+00 1.461626440286636353e-01 3.337109088897705078e-01
1.979370236396789551e+00 -1.025878310203552246e+00 -5.787014365196228027e-01
2.024881362915039062e+00 -1.173596382141113281e+00 -6.731265783309936523e-01
1.356525301933288574e+00 3.977797627449035645e-01 -7.691967487335205078e-02
1.274667501449584961e+00 9.314303398132324219e-01 3.392028212547302246e-01
1.708600759506225586e+00 -9.417753219604492188e-01 -7.387432456016540527e-01
1.342560887336730957e+00 -4.450147747993469238e-01 -8.575370907783508301e-01
1.324919819831848145e+00 -5.070215463638305664e-01 -6.441280245780944824e-02
7.015851140022277832e-01 6.512289047241210938e-01 -4.366000890731811523e-01
6.901531815528869629e-01 7.501791119575500488e-01 -3.803583383560180664e-01
1.638808846473693848e+00 -3.667981028556823730e-01 -4.904615581035614014e-01
-1.542325019836425781e-01 6.834686398506164551e-01 -2.652004063129425049e-01
1.868777990341186523e+00 3.466422483325004578e-02 -7.934051752090454102e-02
1.874092459678649902e+00 -2.355760335922241211e-02 -1.260857582092285156e-01
-4.600515961647033691e-01 -1.454714536666870117e+00 -1.108154177665710449e+00
-3.398842737078666687e-02 -8.523134589195251465e-01 5.802493914961814880e-02
-1.295608997344970703e+00 -1.127220392227172852e+00 -3.755744695663452148e-01
3.188992440700531006e-01 -5.079767480492591858e-02 -9.426167607307434082e-01
1.340080022811889648e+00 4.883599281311035156e-01 -1.200730204582214355e-01
1.255387067794799805e+00 1.888889372348785400e-01 -2.133570611476898193e-01
1.345899581909179688e+00 8.337532877922058105e-01 6.501352787017822266e-01
1.329283475875854492e+00 4.290383756160736084e-01 2.997425496578216553e-01
8.112565875053405762e-01 6.180337667465209961e-01 -4.344226717948913574e-01
6.552487015724182129e-01 1.776749849319458008e+00 7.998569011688232422e-01
-4.266491904854774475e-02 1.077625513076782227e+00 1.980810612440109253e-01
-2.900522574782371521e-02 1.171180009841918945e+00 3.159613907337188721e-01
2.253135681152343750e+00 1.648376822471618652e+00 2.922694981098175049e-01
2.282606840133666992e+00 1.494582414627075195e+00 1.844369322061538696e-01
2.915468931198120117e+00 -6.534110903739929199e-01 -1.447099298238754272e-01
2.851593971252441406e+00 -3.812689483165740967e-01 6.355950981378555298e-02
1.693308234214782715e+00 -6.482996791601181030e-02 -2.789539992809295654e-01
1.697240948677062988e+00 -5.972080305218696594e-02 -2.789084315299987793e-01
1.550169348716735840e+00 5.031453371047973633e-01 8.521539717912673950e-02
1.550006985664367676e+00 4.328325390815734863e-01 2.067596651613712311e-02
2.061022996902465820e+00 -2.571064531803131104e-01 -4.932029545307159424e-01
2.027627468109130859e+00 -1.665119826793670654e-01 -2.898149192333221436e-01
2.086146593093872070e+00 -1.449779868125915527e-01 -1.165079712867736816e+00
1.228061914443969727e+00 -2.706648409366607666e-01 -7.545788288116455078e-01
1.241196155548095703e+00 -2.912917435169219971e-01 -7.626296877861022949e-01
9.142570495605468750e-01 9.383424520492553711e-01 2.260810881853103638e-01
9.946437478065490723e-01 8.642608523368835449e-01 1.655249595642089844e-01
1.811208367347717285e+00 -4.771114792674779892e-03 3.681145012378692627e-01
1.187916517257690430e+00 -1.481633782386779785e+00 -6.136849522590637207e-01
-2.176666073501110077e-02 -6.599217057228088379e-01 -8.751901984214782715e-01
-5.990390181541442871e-01 -2.249194383621215820e-01 -6.007906198501586914e-01
1.427155494689941406e+00 4.820046126842498779e-01 1.077033504843711853e-01
2.434347867965698242e+00 -1.227922588586807251e-01 4.801216721534729004e-01
2.382806301116943359e+00 4.029890894889831543e-01 9.157274365425109863e-01
2.532377243041992188e+00 -5.575813055038452148e-01 1.418972462415695190e-01
-1.262686848640441895e+00 -1.154389739036560059e+00 7.482013106346130371e-01
-6.690603494644165039e-01 -4.496273100376129150e-01 1.395237892866134644e-01
8.394532799720764160e-01 6.759495735168457031e-01 -4.892958700656890869e-01
1.435729742050170898e+00 3.134625554084777832e-01 -1.024373844265937805e-01
2.240549564361572266e+00 2.296395003795623779e-01 3.129109740257263184e-01
2.162337541580200195e+00 6.611186861991882324e-01 6.394651532173156738e-01
2.276750326156616211e+00 -2.537259757518768311e-01 -1.119106262922286987e-01
-9.180224500596523285e-03 1.101699620485305786e-01 -6.940821409225463867e-01
1.163422226905822754e+00 6.617239713668823242e-01 5.603195726871490479e-02
7.326154708862304688e-01 7.644672393798828125e-01 5.237684771418571472e-02
7.151012420654296875e-01 1.093044519424438477e+00 3.349749147891998291e-01
5.957562923431396484e-01 -3.517501950263977051e-01 -1.160168290138244629e+00
1.479952335357666016e+00 4.770792424678802490e-01 -2.457837760448455811e-02
2.734720706939697266e-01 -1.982214748859405518e-01 -7.431678175926208496e-01
1.660335183143615723e+00 -9.074810147285461426e-01 2.928126230835914612e-02
1.704128623008728027e+00 1.236649677157402039e-01 -1.182108744978904724e-01
1.706996321678161621e+00 4.790842905640602112e-02 -1.789186894893646240e-01
7.805205583572387695e-01 1.814988255500793457e+00 6.063226461410522461e-01
8.675935864448547363e-01 2.289330810308456421e-01 -8.998920321464538574e-01
1.020856499671936035e+00 -5.255706310272216797e-01 -3.887075483798980713e-01
-1.449228167533874512e+00 -4.282722473144531250e-01 -3.441124558448791504e-01
6.371299028396606445e-01 2.157010138034820557e-02 1.179180145263671875e+00
-4.017823934555053711e-01 2.855516076087951660e-01 3.122464716434478760e-01
-8.332327604293823242e-01 6.144792437553405762e-01 9.920020103454589844e-01
-4.860004186630249023e-01 1.456796228885650635e-01 5.082951188087463379e-01
1.354577898979187012e+00 1.350571632385253906e+00 1.167068243026733398e+00
1.288374185562133789e+00 2.756790816783905029e-01 2.770482599735260010e-01
9.028550982475280762e-01 4.506636559963226318e-01 5.370271801948547363e-01
6.677086353302001953e-01 -2.377923810854554176e-03 1.687677204608917236e-02
1.801136016845703125e+00 -6.204404234886169434e-01 -3.223151862621307373e-01
-5.792663693428039551e-01 -2.061744183301925659e-01 -9.924691915512084961e-01
7.412911057472229004e-01 5.105668902397155762e-01 1.336714476346969604e-01
1.330551028251647949e+00 1.403878808021545410e+00 1.185386776924133301e+00
-4.862789809703826904e-01 5.981711149215698242e-01 -1.142206430435180664e+00
7.576912045478820801e-01 7.350195646286010742e-01 1.278098225593566895e-01
4.940381646156311035e-01 2.415569722652435303e-01 4.584244787693023682e-01
5.982611775398254395e-01 -1.451907992362976074e+00 2.940745949745178223e-01
1.515838503837585449e+00 1.500305056571960449e+00 1.325620532035827637e+00
1.519570946693420410e+00 1.484701275825500488e+00 1.309818744659423828e+00
-1.752001941204071045e-01 7.508217692375183105e-01 -4.610812067985534668e-01
6.437562406063079834e-02 1.863124847412109375e+00 -1.423321723937988281e+00
1.046379446983337402e+00 1.648825407028198242e-01 -3.533462285995483398e-01
9.222293496131896973e-01 4.785737991333007812e-01 -1.753750592470169067e-01
3.748532831668853760e-01 5.346735939383506775e-02 -1.738340407609939575e-01
-5.807577967643737793e-01 -9.931813478469848633e-01 -6.043218821287155151e-02
2.465269088745117188e+00 -6.484252400696277618e-03 1.854512542486190796e-01
2.469261407852172852e+00 9.843559935688972473e-03 1.884080618619918823e-01
2.284593105316162109e+00 8.905018568038940430e-01 4.892076849937438965e-01
2.513285160064697266e+00 2.602893710136413574e-01 8.235310018062591553e-02
-4.487682282924652100e-01 1.527253031730651855e+00 2.063421532511711121e-02
-1.037477970123291016e+00 4.922030866146087646e-01 -2.941026091575622559e-01
2.732172727584838867e+00 -3.491047620773315430e-01 2.865146845579147339e-02
2.841217517852783203e+00 -7.871797680854797363e-01 -3.123199045658111572e-01
2.377570390701293945e+00 -4.937994778156280518e-01 -2.159175425767898560e-01
2.336011409759521484e+00 -2.824776172637939453e-01 -4.388472810387611389e-02
6.111229062080383301e-01 1.325740814208984375e+00 1.572545051574707031e+00
8.288839459419250488e-01 6.276348829269409180e-01 -3.080276250839233398e-01
2.207470178604125977e+00 -2.779084146022796631e-01 2.514668740332126617e-03
2.113349676132202148e+00 3.787246346473693848e-02 2.281301766633987427e-01
-5.083938241004943848e-01 -3.607007861137390137e-01 -7.212371230125427246e-01
1.133957028388977051e+00 6.173527240753173828e-01 -1.363665580749511719e+00
9.730219244956970215e-01 -4.459815472364425659e-02 1.669718027114868164e-01
1.687648415565490723e+00 7.444702982902526855e-01 7.820451259613037109e-01
1.781678676605224609e+00 6.417874693870544434e-01 -9.510211646556854248e-02
1.011203289031982422e+00 -1.019422039389610291e-01 -6.118646860122680664e-01
-1.539002180099487305e+00 1.159301027655601501e-01 -1.473515152931213379e+00
-1.480854868888854980e+00 2.533188462257385254e-01 -1.288950920104980469e+00
4.382152855396270752e-01 4.181701540946960449e-01 1.374610066413879395e+00
5.087112188339233398e-01 -1.252853870391845703e+00 -4.702056944370269775e-01
-2.389178425073623657e-01 1.117997288703918457e+00 -6.675016134977340698e-02
-1.791251659393310547e+00 1.173613190650939941e+00 -4.326535463333129883e-01
-1.744143009185791016e+00 9.937771558761596680e-01 -1.106498241424560547e+00
1.788716673851013184e+00 6.915825605392456055e-01 -2.551312148571014404e-01
-7.806262969970703125e-01 -3.107805252075195312e-01 2.786326780915260315e-02
-1.745207309722900391e+00 8.949832916259765625e-01 -1.117501974105834961e+00
-1.585970163345336914e+00 5.399936065077781677e-02 -1.972621917724609375e+00
-7.731142640113830566e-01 4.118993580341339111e-01 -1.201381325721740723e+00
-1.544897437095642090e+00 -1.293180733919143677e-01 -2.072015285491943359e+00
-5.274543762207031250e-01 3.290934860706329346e-01 -1.448375582695007324e+00
-4.710566103458404541e-01 9.620938450098037720e-02 6.216207053512334824e-03
-4.420468509197235107e-01 -4.142947196960449219e-01 6.189219355583190918e-01
8.557496070861816406e-01 1.048185586929321289e+00 2.742857858538627625e-02
-9.824589639902114868e-02 7.439166307449340820e-02 -7.250275015830993652e-01
1.129438877105712891e+00 -3.902428597211837769e-02 -1.063730120658874512e-01
1.532852172851562500e+00 4.862022995948791504e-01 1.143744587898254395e+00
-1.989336013793945312e+00 1.260253340005874634e-01 -1.176523089408874512e+00
-1.071713805198669434e+00 -4.628912806510925293e-01 1.822541505098342896e-01
-6.039921641349792480e-01 6.505106687545776367e-01 -1.812669187784194946e-01
-5.369619131088256836e-01 3.196674287319183350e-01 7.318972796201705933e-02
-1.384526938199996948e-01 5.127839446067810059e-01 -1.502354908734560013e-02
1.480718255043029785e-01 7.881306111812591553e-02 -5.890751481056213379e-01
1.892279386520385742e-01 -2.385992407798767090e-01 1.361960619688034058e-01
-1.384695172309875488e+00 -2.466835230588912964e-01 1.262080788612365723e+00
-1.278335899114608765e-01 3.372152447700500488e-01 2.196905314922332764e-01
-9.684558510780334473e-01 7.930076122283935547e-01 7.696358561515808105e-01
-1.735629588365554810e-01 -1.191250443458557129e+00 -1.572194337844848633e+00
-1.435475200414657593e-01 -1.084284931421279907e-01 -1.003089904785156250e+00
3.966578543186187744e-01 1.317147135734558105e+00 4.450679570436477661e-02
-3.766183257102966309e-01 3.385618031024932861e-01 1.254099965095520020e+00
1.337160449475049973e-02 2.403785884380340576e-01 3.602840602397918701e-01
7.111085057258605957e-01 -2.181856483221054077e-01 1.124724030494689941e+00
-3.642900288105010986e-02 -6.488698720932006836e-02 -5.432274341583251953e-01
1.231611013412475586e+00 -3.844001293182373047e-01 -6.732302308082580566e-01
1.226519942283630371e+00 -3.806642889976501465e-01 -6.766314506530761719e-01
6.899812221527099609e-01 9.192386865615844727e-01 -3.260491192340850830e-01
-1.115913152694702148e+00 5.669092535972595215e-01 2.866329550743103027e-01
2.115807682275772095e-01 -7.396259307861328125e-01 -6.949473023414611816e-01
-1.026381254196166992e+00 -1.292821764945983887e-01 3.054769635200500488e-01
-1.160308197140693665e-01 -5.700052976608276367e-01 5.095768570899963379e-01
6.073758602142333984e-01 5.006430149078369141e-01 -6.877738237380981445e-01
-2.304297387599945068e-01 4.503713250160217285e-01 -2.837391495704650879e-01
6.672906875610351562e-01 1.275770068168640137e+00 -2.837078087031841278e-02
-1.207455992698669434e+00 7.917501330375671387e-01 8.184044361114501953e-01
9.201905131340026855e-01 -2.300855666399002075e-01 6.146888807415962219e-02
8.345096707344055176e-01 3.570622801780700684e-01 -9.176962971687316895e-01
5.808309912681579590e-01 1.404556483030319214e-01 -5.222163200378417969e-01
6.150749325752258301e-02 7.723884582519531250e-01 -7.598938345909118652e-01
-5.591446906328201294e-02 -7.633324265480041504e-01 8.509010076522827148e-01
-3.713040351867675781e-01 -9.296596050262451172e-02 -1.375493526458740234e+00
-1.768924951553344727e+00 1.197721838951110840e+00 -5.440282821655273438e-01
8.589729666709899902e-01 4.030057787895202637e-01 -1.107229351997375488e+00
-4.700557887554168701e-02 7.157772183418273926e-01 -8.106644153594970703e-01
8.417090177536010742e-01 -5.139167886227369308e-03 -1.220437169075012207e+00
-5.634703636169433594e-01 2.380020320415496826e-01 -1.004081845283508301e+00
-1.211048141121864319e-01 9.583250284194946289e-01 2.564740478992462158e-01
6.509100794792175293e-01 3.067178130149841309e-01 4.601117596030235291e-02
1.469194769859313965e+00 -4.316611215472221375e-02 -3.425223529338836670e-01
6.943324804306030273e-01 -4.539239108562469482e-01 -6.714930534362792969e-01
1.025544404983520508e+00 -9.898695349693298340e-01 -1.304455399513244629e+00
-6.972510367631912231e-02 1.236559271812438965e+00 5.525326728820800781e-01
2.778976261615753174e-01 1.417458534240722656e+00 -1.913511604070663452e-01
7.289197444915771484e-01 1.360390186309814453e-01 -1.315715014934539795e-01
-1.267821192741394043e+00 1.426849365234375000e+00 9.646835178136825562e-02
3.005025684833526611e-01 5.998293161392211914e-01 -3.169206082820892334e-01
7.926234006881713867e-01 3.160043358802795410e-01 -4.703476130962371826e-01
1.355598330497741699e+00 -1.158921718597412109e+00 -1.158064603805541992e-02
5.592436790466308594e-01 1.648270487785339355e+00 2.037307471036911011e-01
9.065504372119903564e-02 -6.046801805496215820e-02 -8.014590479433536530e-03
-1.057392001152038574e+00 5.293974280357360840e-01 3.090464174747467041e-01
-5.000334382057189941e-01 1.569887876510620117e+00 5.999369025230407715e-01
3.648932278156280518e-01 1.112276315689086914e-01 -1.045536160469055176e+00
1.067825198173522949e+00 5.383043885231018066e-01 -6.424047946929931641e-01
7.247826457023620605e-01 -2.943091094493865967e-01 -7.861403226852416992e-01
9.726445078849792480e-01 -1.497832983732223511e-01 2.710421681404113770e-01
1.244899630546569824e+00 4.384992122650146484e-01 1.840018928050994873e-01
-1.967703998088836670e-01 -1.160315036773681641e+00 -7.113612294197082520e-01
1.491399645805358887e+00 -6.547393798828125000e-01 -7.735725641250610352e-01
1.492660164833068848e+00 -6.528189182281494141e-01 -7.674954533576965332e-01
1.645536184310913086e+00 -9.902485609054565430e-01 -7.621146440505981445e-01
1.650008559226989746e+00 -1.030897974967956543e+00 -7.825995683670043945e-01
1.780475854873657227e+00 8.977689743041992188e-01 3.599593937397003174e-01
1.147206902503967285e+00 6.591377854347229004e-01 2.850890755653381348e-01
7.413643598556518555e-01 -3.813078105449676514e-01 -2.821812964975833893e-02
-8.802661895751953125e-01 -3.096236884593963623e-01 -2.045738697052001953e-01
1.239701151847839355e+00 -4.224104583263397217e-01 -9.067731499671936035e-01
1.229071855545043945e+00 -3.944789767265319824e-01 -8.937336206436157227e-01
2.488568067550659180e+00 -1.378933906555175781e+00 -4.004763066768646240e-02
2.330053329467773438e+00 -9.263066053390502930e-01 2.715203762054443359e-01
1.561079081147909164e-02 -4.809510707855224609e-01 -7.097441554069519043e-01
7.621186971664428711e-01 -7.676955461502075195e-01 3.220838308334350586e-01
7.312903404235839844e-01 -1.793577820062637329e-01 -7.113062143325805664e-01
1.147158503532409668e+00 -6.857600212097167969e-01 -9.149993658065795898e-01
8.960525393486022949e-01 1.561270952224731445e-01 -5.217784047126770020e-01
7.515921592712402344e-01 1.093105196952819824e+00 9.400576353073120117e-01
-7.140799760818481445e-01 4.720787405967712402e-01 -7.523144483566284180e-01
2.191591709852218628e-01 6.475680470466613770e-01 -3.605126142501831055e-01
1.184159040451049805e+00 1.352587461471557617e+00 4.022397398948669434e-01
5.186010003089904785e-01 8.921509981155395508e-01 -3.392532169818878174e-01
1.320038199424743652e+00 1.843838542699813843e-01 -2.461715601384639740e-02
6.199079155921936035e-01 1.177723884582519531e+00 1.087675690650939941e+00
-9.236944317817687988e-01 6.857513189315795898e-01 -6.333244442939758301e-01
2.634139358997344971e-01 1.298033356666564941e+00 -1.042820811271667480e+00
-7.235747575759887695e-01 1.705400824546813965e+00 -1.008490547537803650e-01
-7.159557938575744629e-01 1.645985007286071777e+00 -1.447585374116897583e-01
1.549906611442565918e+00 -8.520178198814392090e-01 -8.907771110534667969e-01
1.319194436073303223e+00 1.907475739717483521e-01 -1.629294604063034058e-01
1.673451781272888184e+00 1.369931995868682861e-01 -5.655820369720458984e-01
1.606982588768005371e+00 3.717532455921173096e-01 -4.025646150112152100e-01
1.310035586357116699e+00 1.853891134262084961e+00 1.748097300529479980e+00
-6.071208715438842773e-01 -8.191376924514770508e-01 -4.668592214584350586e-01
1.900643944740295410e+00 -3.629412949085235596e-01 -3.618658185005187988e-01
1.331245422363281250e+00 -2.259271442890167236e-01 -3.574292957782745361e-01
-1.091873884201049805e+00 4.510732293128967285e-01 -3.462207913398742676e-01
-3.001077566295862198e-03 7.649396061897277832e-01 2.648304961621761322e-02
9.536124467849731445e-01 4.160880744457244873e-01 2.592238783836364746e-01
1.354375004768371582e+00 2.631939016282558441e-02 -5.341619253158569336e-01
-1.855158090591430664e+00 -4.555644690990447998e-01 8.716520071029663086e-01
3.072206079959869385e-01 3.969854414463043213e-01 -1.470572203397750854e-01
1.602287888526916504e+00 4.997451901435852051e-01 4.446909129619598389e-01
1.741396069526672363e+00 1.904811710119247437e-01 1.954305469989776611e-01
1.312381148338317871e+00 -2.432671040296554565e-01 -6.920770406723022461e-01
8.243651390075683594e-01 1.088873386383056641e+00 -2.822408676147460938e-01
7.734158039093017578e-01 5.888448357582092285e-01 -3.261336982250213623e-01
1.184162259101867676e+00 6.460858583450317383e-01 2.502068877220153809e-02
1.442285478115081787e-01 2.542597949504852295e-01 -5.662974715232849121e-01
1.836464405059814453e+00 2.521076500415802002e-01 -5.780751109123229980e-01
1.670729637145996094e+00 -3.047876816708594561e-04 -4.502734243869781494e-01
5.144832730293273926e-01 1.060397148132324219e+00 1.205391213297843933e-01
1.036183953285217285e+00 9.653104841709136963e-02 -5.638990402221679688e-01
4.390075802803039551e-01 -2.731435894966125488e-01 2.803741693496704102e-01
1.444985032081604004e+00 3.299332857131958008e-01 -1.994358748197555542e-01
-1.147748604416847229e-01 6.907816529273986816e-01 3.297854065895080566e-01
1.028717637062072754e+00 9.409727901220321655e-02 2.562195956707000732e-01
1.382306933403015137e+00 3.289862349629402161e-02 -4.931186437606811523e-01
1.375405550003051758e+00 1.448781043291091919e-01 -5.962716341018676758e-01
9.329226613044738770e-01 -7.145231962203979492e-01 -1.491505801677703857e-01
1.477271676063537598e+00 -1.134598478674888611e-01 -2.542528212070465088e-01
-1.320615172386169434e+00 -2.072844356298446655e-01 -1.673353314399719238e+00
-6.623642444610595703e-01 1.496830821037292480e+00 -1.345602422952651978e-01
-7.954303026199340820e-01 1.115039110183715820e+00 6.082124114036560059e-01
4.323784112930297852e-01 8.043109178543090820e-01 -2.848373726010322571e-02
1.046369075775146484e-01 -6.239674687385559082e-01 -2.487550824880599976e-01
3.191532194614410400e-01 3.228460550308227539e-01 -1.027489662170410156e+00
1.843636989593505859e+00 -9.079571962356567383e-01 -7.964270114898681641e-01
6.250298619270324707e-01 2.714713513851165771e-01 1.692689955234527588e-01
8.210830688476562500e-01 -1.992192119359970093e-02 -4.931690096855163574e-01
8.058771491050720215e-01 9.962208867073059082e-01 8.533357083797454834e-02
-6.462313532829284668e-01 -1.246257662773132324e+00 6.077594757080078125e-01
2.750565111637115479e-01 8.429958224296569824e-01 -1.166978240013122559e+00
9.024472236633300781e-01 -1.995060741901397705e-01 -7.181534171104431152e-01
1.439866662025451660e+00 -3.821832314133644104e-02 1.320944428443908691e-01
7.581788897514343262e-01 3.216554522514343262e-01 1.752365380525588989e-01
6.755029559135437012e-01 -3.445273637771606445e-01 -9.992570877075195312e-01
6.831666231155395508e-01 -3.510294258594512939e-01 -9.987311363220214844e-01
1.572272419929504395e+00 4.254194796085357666e-01 -4.094322398304939270e-02
1.487947940826416016e+00 4.651679098606109619e-01 -6.063777580857276917e-02
-1.542961746454238892e-01 2.475968599319458008e-01 -1.426884680986404419e-01
1.544198632240295410e+00 -2.316158032044768333e-03 -8.005357980728149414e-01
1.555314183235168457e+00 1.635089963674545288e-01 -6.579301357269287109e-01
-8.546867221593856812e-02 4.733921587467193604e-01 -1.008021116256713867e+00
-2.821686863899230957e-01 3.839859068393707275e-01 -1.069663643836975098e+00
-7.098640501499176025e-02 2.559031248092651367e-01 -8.473685383796691895e-01
1.317294389009475708e-01 -7.680529356002807617e-02 -7.469940185546875000e-01
1.346602320671081543e+00 -1.054730787873268127e-01 -8.559494018554687500e-01
-1.042755126953125000e+00 8.260386586189270020e-01 5.100905895233154297e-01
-9.458561539649963379e-01 1.343929022550582886e-01 -1.656245738267898560e-01
-1.220853090286254883e+00 1.230307102203369141e+00 1.003665924072265625e+00
-5.847620368003845215e-01 5.919097661972045898e-01 3.078172206878662109e-01
-1.016588211059570312e+00 6.475632786750793457e-01 3.513171374797821045e-01
-1.511582851409912109e+00 -3.076678216457366943e-01 7.519423961639404297e-01
4.417841136455535889e-01 -1.059556245803833008e+00 -1.661729663610458374e-01
4.735572934150695801e-01 -1.707183241844177246e+00 -8.728146553039550781e-01
1.585194587707519531e+00 -8.174217343330383301e-01 -7.527664899826049805e-01
1.545602321624755859e+00 -1.274143606424331665e-01 -7.653842866420745850e-02
3.031802177429199219e-01 -2.513349056243896484e-01 -9.771640300750732422e-01
4.766487479209899902e-01 -4.997613281011581421e-02 6.535564064979553223e-01
1.251406669616699219e+00 -1.900990754365921021e-01 1.442038297653198242e+00
1.467067122459411621e+00 -8.916434645652770996e-01 -8.397920727729797363e-01
1.469744920730590820e+00 -8.963178396224975586e-01 -8.415020108222961426e-01
1.402886986732482910e+00 -8.490011692047119141e-01 -8.267268538475036621e-01
1.796129703521728516e+00 -1.078545451164245605e+00 -7.518768310546875000e-01
1.612058281898498535e+00 -9.117499589920043945e-01 -9.053805470466613770e-01
9.388938546180725098e-01 -5.991337895393371582e-01 -6.770554184913635254e-01
1.336420416831970215e+00 1.794298887252807617e-01 -4.902541041374206543e-01
6.266435980796813965e-01 -9.707256555557250977e-01 -1.138082027435302734e+00
5.199026465415954590e-01 -9.873532652854919434e-01 -1.747687697410583496e+00
2.105025053024291992e+00 -8.192096948623657227e-01 -3.461692631244659424e-01
7.241930961608886719e-01 -1.112607121467590332e+00 4.751489683985710144e-02
3.288572430610656738e-01 -1.692116856575012207e-01 6.582651138305664062e-01
8.443648219108581543e-01 8.850284218788146973e-01 8.134748339653015137e-01
1.597234129905700684e+00 -6.724820733070373535e-01 -3.928360641002655029e-01
1.053104758262634277e+00 3.205505311489105225e-01 -3.080788254737854004e-01
1.109659075736999512e+00 8.508327603340148926e-01 2.557956576347351074e-01
1.375443935394287109e+00 -8.343905210494995117e-01 -9.080823063850402832e-01
6.107323169708251953e-01 -9.967967867851257324e-01 -3.799825012683868408e-01
1.382500290870666504e+00 -7.260446548461914062e-01 -3.667863607406616211e-01
1.939179778099060059e+00 -9.847109913825988770e-01 -7.771650552749633789e-01
2.099934816360473633e+00 -8.984550237655639648e-01 -7.390989065170288086e-01
-7.282388210296630859e-01 1.002546548843383789e-01 7.095723152160644531e-01
-1.376117914915084839e-01 9.083393216133117676e-02 -1.046613693237304688e+00
2.016488075256347656e+00 -6.191839575767517090e-01 -5.523000359535217285e-01
7.750903367996215820e-01 3.315037190914154053e-01 -4.439402818679809570e-01
8.106877803802490234e-01 -4.125265181064605713e-01 -1.023765444755554199e+00
3.649782836437225342e-01 1.329293608665466309e+00 2.561268806457519531e-01
1.188722372055053711e+00 -3.900598585605621338e-01 1.280648708343505859e+00
2.889426946640014648e-01 -1.721003174781799316e+00 -3.253866434097290039e-01
3.227053284645080566e-01 2.636156417429447174e-02 -4.177507758140563965e-01
7.390552163124084473e-01 5.670869946479797363e-01 -9.691729396581649780e-02
6.705951690673828125e-02 7.198633551597595215e-01 9.324993491172790527e-01
1.312014818191528320e+00 -2.259248942136764526e-01 -7.968689203262329102e-01
-2.720796763896942139e-01 -4.028260707855224609e-01 3.398897945880889893e-01
2.352292239665985107e-01 -1.198062539100646973e+00 -3.389835655689239502e-01
-2.339300140738487244e-02 7.410594224929809570e-01 -4.923567771911621094e-01
2.550096511840820312e-01 3.239822685718536377e-01 6.132624149322509766e-01
-4.038417637348175049e-01 -7.260653972625732422e-01 1.509288996458053589e-01
6.624522805213928223e-01 1.185095310211181641e+00 6.402094960212707520e-01
-5.461728572845458984e-01 3.650642037391662598e-01 -2.956729531288146973e-01
1.178680658340454102e+00 -4.605088755488395691e-02 -2.014340907335281372e-01
2.030547142028808594e+00 4.996817708015441895e-01 -1.903505176305770874e-01
9.940208196640014648e-01 7.355012893676757812e-01 1.461483478546142578e+00
5.973909497261047363e-01 1.525378078222274780e-01 -1.621430218219757080e-01
2.065386325120925903e-01 -3.186266869306564331e-02 -1.315594673156738281e+00
7.394900918006896973e-01 4.015088081359863281e-01 -5.267636775970458984e-01
-1.120121106505393982e-01 4.957970976829528809e-02 3.924367129802703857e-01
-3.061539530754089355e-01 -1.961007714271545410e-01 3.164826631546020508e-01
-7.180090993642807007e-02 -7.983196973800659180e-01 -7.256541252136230469e-01
8.765454590320587158e-02 -1.343570232391357422e+00 -5.011292099952697754e-01
-1.410801768302917480e+00 -2.738856375217437744e-01 -1.078515768051147461e+00
-1.211429759860038757e-01 -7.063557952642440796e-02 -1.971476078033447266e-01
8.257213830947875977e-01 9.823716431856155396e-02 5.416545271873474121e-01
5.896452069282531738e-01 9.133021831512451172e-01 -5.943335294723510742e-01
3.395024836063385010e-01 1.677951097488403320e+00 1.754977554082870483e-01
3.322848081588745117e-01 1.767848730087280273e+00 2.618949413299560547e-01
2.082488775253295898e+00 1.258690834045410156e+00 -6.150362081825733185e-03
1.348582744598388672e+00 -3.655742481350898743e-02 -7.859532833099365234e-01
2.085314273834228516e+00 1.683589100837707520e+00 1.407869309186935425e-01
8.868277668952941895e-01 1.776377916336059570e+00 -4.281097650527954102e-01
1.799681663513183594e+00 2.369158744812011719e+00 1.478123307228088379e+00
2.117050409317016602e+00 1.561276078224182129e+00 2.398300915956497192e-01
1.333671092987060547e+00 -2.910971939563751221e-01 -4.366371035575866699e-01
1.579705357551574707e+00 7.288876175880432129e-02 3.345316648483276367e-02
1.507304310798645020e+00 4.512398540973663330e-01 4.441918730735778809e-01
-3.801223933696746826e-01 1.754482150077819824e+00 2.698455452919006348e-01
1.293795824050903320e+00 5.286556482315063477e-01 -5.340482592582702637e-01
1.241629004478454590e+00 1.042520165443420410e+00 -1.099807769060134888e-01
1.276972770690917969e+00 6.763129830360412598e-01 -4.221797287464141846e-01
1.122414946556091309e+00 -6.538524758070707321e-03 -3.732243478298187256e-01
1.084400296211242676e+00 1.330463051795959473e+00 4.831462204456329346e-01
8.657447695732116699e-01 1.960060447454452515e-01 -5.582028031349182129e-01
8.028736710548400879e-01 8.212116360664367676e-01 5.891224145889282227e-01
8.539391160011291504e-01 -8.992496132850646973e-01 -6.638814806938171387e-01
2.400460243225097656e-01 1.458336353302001953e+00 7.587965726852416992e-01
2.234536111354827881e-01 -8.543264120817184448e-02 9.199386835098266602e-01
-1.516980528831481934e+00 -7.132229804992675781e-01 -6.701968908309936523e-01
-1.438758730888366699e+00 2.438430547714233398e+00 8.079817295074462891e-01
8.575794696807861328e-01 2.533427774906158447e-01 -7.487288117408752441e-01
-6.509861350059509277e-02 6.272907257080078125e-01 -5.453318953514099121e-01
-4.166118204593658447e-01 1.218965530395507812e+00 6.894279718399047852e-01
-1.668165802955627441e+00 9.191203713417053223e-01 2.535606026649475098e-01
-1.628316521644592285e+00 2.965745210647583008e+00 9.839300513267517090e-01
-1.621910810470581055e+00 2.891567945480346680e+00 9.186527729034423828e-01
-6.481372117996215820e-01 9.817450046539306641e-01 7.796939462423324585e-02
-1.677668929100036621e+00 1.282357096672058105e+00 -6.183208823204040527e-01
-1.138191580772399902e+00 3.033955693244934082e-01 -9.661626219749450684e-01
-1.593777656555175781e+00 3.942593932151794434e-01 -1.105580329895019531e+00
-3.211771547794342041e-01 1.577068090438842773e+00 -1.517216414213180542e-01
-1.594793677330017090e+00 1.655678272247314453e+00 -3.228388428688049316e-01
-9.375334978103637695e-01 5.431218743324279785e-01 -7.590700387954711914e-01
-6.240955591201782227e-01 -5.979056283831596375e-02 -8.985111117362976074e-01
-8.638507127761840820e-01 7.354387640953063965e-01 -7.635788917541503906e-01
1.179160594940185547e+00 6.051725745201110840e-01 -2.532065380364656448e-03
1.252305746078491211e+00 1.629867404699325562e-01 -3.571838140487670898e-01
9.039088487625122070e-01 -5.454083681106567383e-01 -1.316073179244995117e+00
-3.136623203754425049e-01 8.908251523971557617e-01 -4.523268043994903564e-01
8.275598287582397461e-01 4.707378447055816650e-01 -6.273080110549926758e-01
1.252086877822875977e+00 -9.263951182365417480e-01 -1.133961319923400879e+00
3.525945544242858887e-01 3.775258362293243408e-02 -6.889754533767700195e-01
8.596057891845703125e-01 1.543194413185119629e+00 8.176693320274353027e-01
1.860086172819137573e-01 5.862860679626464844e-01 -6.285694837570190430e-01
-1.039422154426574707e+00 1.192984223365783691e+00 5.666922330856323242e-01
1.145213127136230469e+00 5.953654050827026367e-01 3.301463648676872253e-02
-6.457744836807250977e-01 3.399525582790374756e-01 -1.136913657188415527e+00
6.127496361732482910e-01 6.549324989318847656e-01 -3.094924688339233398e-01
8.342621326446533203e-01 1.210794806480407715e+00 -1.487700790166854858e-01
9.319120645523071289e-01 9.240642189979553223e-01 3.254702985286712646e-01
2.614673078060150146e-01 -9.946534037590026855e-02 -1.070577740669250488e+00
1.144944071769714355e+00 1.055814862251281738e+00 5.253843069076538086e-01
-2.137053310871124268e-01 4.871918857097625732e-01 -2.740558087825775146e-01
1.500971674919128418e+00 7.091182470321655273e-02 -4.634891152381896973e-01
-7.855921387672424316e-01 1.253521144390106201e-01 -1.822541356086730957e-01
-4.183359816670417786e-02 -2.306533604860305786e-01 -4.671282172203063965e-01
1.883058190345764160e+00 6.731109023094177246e-01 -1.410249918699264526e-01
1.799379944801330566e+00 1.149329900741577148e+00 2.565671205520629883e-01
1.978660345077514648e+00 6.167400479316711426e-01 -1.355475932359695435e-01
1.096273541450500488e+00 1.105055093765258789e+00 -1.813634186983108521e-01
5.406289100646972656e-01 1.409258008003234863e+00 1.069143880158662796e-02
-5.307103991508483887e-01 -1.101344153285026550e-01 -5.628260374069213867e-01
4.508947432041168213e-01 1.733906030654907227e+00 -1.853405982255935669e-01
1.810163140296936035e+00 1.552337765693664551e+00 7.902997136116027832e-01
1.627395868301391602e+00 1.095450520515441895e+00 9.211968779563903809e-01
1.631462126970291138e-01 -1.560869216918945312e-01 5.624810233712196350e-02
-3.574663773179054260e-02 7.944056987762451172e-01 1.528789997100830078e+00
1.765612006187438965e+00 2.631944119930267334e-01 -1.197273135185241699e+00
9.679988622665405273e-01 2.335884869098663330e-01 1.637644693255424500e-02
-3.155759572982788086e-01 -7.008907198905944824e-01 -2.171698659658432007e-01
6.912658214569091797e-01 7.739054411649703979e-02 4.651130139827728271e-01
4.205191135406494141e-01 2.069210261106491089e-01 8.036078214645385742e-01
-1.379163026809692383e+00 7.201678156852722168e-01 -9.323804378509521484e-01
-1.350727677345275879e+00 1.150618910789489746e+00 -9.017810225486755371e-01
-1.344839453697204590e+00 1.117868900299072266e+00 -9.268966913223266602e-01
-1.302299022674560547e+00 -5.970886945724487305e-01 9.602985978126525879e-01
-1.573721408843994141e+00 1.638785243034362793e+00 -2.423705011606216431e-01
2.700660228729248047e-01 1.095063805580139160e+00 1.641354262828826904e-01
1.740719079971313477e-01 1.527764201164245605e+00 1.040165543556213379e+00
-3.614827096462249756e-01 -1.356141716241836548e-01 -6.214357614517211914e-01
-1.077924072742462158e-01 4.683988392353057861e-01 1.845630854368209839e-01
2.060897648334503174e-01 9.271650314331054688e-01 5.906434059143066406e-01
-1.104514360427856445e+00 1.657159805297851562e+00 -3.955549001693725586e-01
-1.116129517555236816e+00 1.722759962081909180e+00 -3.511466681957244873e-01
-1.117416977882385254e+00 1.743255853652954102e+00 -3.324629068374633789e-01
3.474846482276916504e-01 8.539505004882812500e-01 3.708449006080627441e-02
-1.772273421287536621e+00 1.882708631455898285e-02 -1.950903534889221191e+00
-8.893639445304870605e-01 -2.023797035217285156e+00 -1.380575448274612427e-01
-6.187021732330322266e-01 6.477508544921875000e-01 -6.479775309562683105e-01
-1.745979189872741699e+00 -1.985050886869430542e-01 -2.167542695999145508e+00
-1.795814037322998047e+00 -4.954889044165611267e-02 -2.041828632354736328e+00
-3.205077052116394043e-01 8.585067987442016602e-01 1.180691599845886230e+00
-4.036325812339782715e-01 1.162680864334106445e+00 -4.439825937151908875e-02
-8.284231424331665039e-01 1.235750794410705566e+00 1.076017141342163086e+00
-5.534226298332214355e-01 1.575654864311218262e+00 -5.592919588088989258e-01
-1.743293106555938721e-01 1.697499454021453857e-01 8.133955001831054688e-01
-9.264823794364929199e-02 -3.837996125221252441e-01 -1.092915058135986328e+00
-8.408701419830322266e-01 1.161292642354965210e-01 -1.693444728851318359e+00
-1.820921301841735840e+00 1.427142024040222168e+00 -9.811653941869735718e-02
-7.028304338455200195e-01 1.946217119693756104e-01 -1.523092150688171387e+00
-1.288918972015380859e+00 -9.683974385261535645e-01 -5.706596970558166504e-01
-1.349223732948303223e+00 -1.029077172279357910e+00 -6.177307367324829102e-01
6.334733366966247559e-01 6.292669177055358887e-01 1.304721474647521973e+00
-6.962683796882629395e-01 -5.849448442459106445e-01 3.655054569244384766e-01
-1.320080637931823730e+00 -1.051596045494079590e+00 -6.306861042976379395e-01
-1.264269828796386719e+00 -1.256333112716674805e+00 -7.404024004936218262e-01
-1.009854316711425781e+00 -1.725012063980102539e+00 -1.009485721588134766e+00
1.187964320182800293e+00 -1.412584424018859863e+00 -6.484686732292175293e-01
4.774072468280792236e-01 9.798011779785156250e-01 3.801260590553283691e-01
-6.911341547966003418e-01 -1.844183206558227539e-01 -1.580049514770507812e+00
-1.646396815776824951e-01 -1.253850013017654419e-01 9.215387105941772461e-01
2.546191215515136719e+00 6.615871787071228027e-01 9.918448925018310547e-01
2.571689605712890625e+00 5.799058079719543457e-01 9.289241433143615723e-01
2.594194650650024414e+00 2.720152437686920166e-01 6.790069341659545898e-01
2.508516788482666016e+00 1.006773471832275391e+00 1.296066403388977051e+00
2.653246879577636719e+00 5.464005470275878906e-02 5.045012831687927246e-01
2.602991819381713867e+00 2.800744175910949707e-01 6.949173212051391602e-01
2.575225114822387695e+00 4.748824238777160645e-01 8.337305784225463867e-01
4.409602582454681396e-01 -1.588473469018936157e-01 -8.802502751350402832e-01
1.180573105812072754e+00 -3.664996027946472168e-01 1.275400519371032715e+00
4.519560337066650391e-01 -6.399409770965576172e-01 -3.813413679599761963e-01
-1.231821656227111816e+00 -1.682866811752319336e-01 1.215295076370239258e+00
-6.472164988517761230e-01 -3.209636509418487549e-01 -7.362582683563232422e-01
-6.913960576057434082e-01 9.492136240005493164e-01 8.797530531883239746e-01
-6.297407746315002441e-01 4.383934736251831055e-01 4.006842672824859619e-01
-6.822562217712402344e-01 4.102037250995635986e-01 3.832742869853973389e-01
-7.760805487632751465e-01 7.474370598793029785e-01 6.652648448944091797e-01
-8.463669419288635254e-01 5.548036098480224609e-01 6.200563311576843262e-01
-4.492899775505065918e-01 4.608607590198516846e-01 8.387545347213745117e-01
-8.310205340385437012e-01 4.525040090084075928e-01 7.939189672470092773e-01
-9.920812845230102539e-01 1.336764693260192871e+00 8.754215240478515625e-01
1.999278813600540161e-01 -1.045197173953056335e-01 -9.274224042892456055e-01
-7.427054643630981445e-01 8.796942234039306641e-01 -5.817135795950889587e-02
-2.490113496780395508e+00 4.600870907306671143e-01 -1.040701746940612793e+00
-9.278575330972671509e-02 -4.674899876117706299e-01 -1.941978633403778076e-01
1.288980841636657715e+00 -1.013705059885978699e-01 9.865589141845703125e-01
