8.445079922676086426e-01 -1.533474326133728027e-01 -8.206871747970581055e-01
6.473969668149948120e-02 -1.246972799301147461e+00 -2.027401328086853027e-01
-1.466278672218322754e+00 1.631138443946838379e+00 6.514015607535839081e-03
-1.578422933816909790e-01 -7.802755236625671387e-01 1.194755434989929199e+00
-3.347587585449218750e-01 1.287854075431823730e+00 7.380783557891845703e-01
4.827502071857452393e-01 8.150426745414733887e-01 2.610107660293579102e-01
7.151164412498474121e-01 4.663152992725372314e-01 -9.056228399276733398e-01
1.220373630523681641e+00 -2.827947735786437988e-01 1.772242486476898193e-01
-3.149981796741485596e-01 -3.021242320537567139e-01 5.708300471305847168e-01
-3.347498178482055664e-01 6.877893805503845215e-01 7.022374272346496582e-01
-9.838536977767944336e-01 1.038750052452087402e+00 1.390570849180221558e-01
-5.979059934616088867e-01 6.868076920509338379e-01 2.071355581283569336e-01
1.456340670585632324e+00 1.016455531120300293e+00 9.547501802444458008e-01
-9.416972286999225616e-03 2.244032174348831177e-01 5.842621326446533203e-01
1.089820146560668945e+00 4.519730061292648315e-02 6.142493486404418945e-01
-3.754978477954864502e-01 3.715396523475646973e-01 1.899359375238418579e-01
1.174166440963745117e+00 1.208597570657730103e-01 -1.332938224077224731e-01
1.079885005950927734e+00 1.536177039146423340e+00 9.557762145996093750e-01
2.427355051040649414e+00 1.166017055511474609e+00 1.443966269493103027e+00
-4.776146709918975830e-01 -7.040573358535766602e-01 -1.502794146537780762e+00
6.939363479614257812e-01 -7.517550587654113770e-01 -5.074278116226196289e-01
-8.478117585182189941e-01 1.820395141839981079e-02 -5.833893418312072754e-01
-1.240451216697692871e+00 7.142751812934875488e-01 -1.462745573371648788e-02
-1.264325380325317383e+00 6.927527189254760742e-01 -4.827808961272239685e-02
-1.740152835845947266e+00 1.184162974357604980e+00 -1.178178861737251282e-01
-8.365134596824645996e-01 1.332438468933105469e+00 4.376867413520812988e-01
4.807011485099792480e-01 2.703574299812316895e-01 7.326549291610717773e-01
4.213826358318328857e-01 -3.737678825855255127e-01 -2.347428947687149048e-01
4.812744557857513428e-01 1.592936217784881592e-01 1.422412633895874023e+00
-9.288582205772399902e-01 5.891887545585632324e-01 2.915170490741729736e-01
6.862370967864990234e-01 -1.966347455978393555e+00 1.028904169797897339e-01
-2.361567765474319458e-01 1.320695877075195312e+00 1.600314259529113770e+00
-6.123257279396057129e-01 -6.106804609298706055e-01 -4.913685321807861328e-01
1.038262769579887390e-01 -1.438569068908691406e+00 -5.761676430702209473e-01
1.164592981338500977e+00 3.891675174236297607e-01 1.009226083755493164e+00
-9.212843328714370728e-02 -2.249446868896484375e+00 -6.386907696723937988e-01
2.748224437236785889e-01 -3.384783864021301270e-01 6.134543418884277344e-01
-1.147070765495300293e+00 2.705121338367462158e-01 -1.203616037964820862e-01
-7.187155485153198242e-01 5.162097141146659851e-02 7.753372937440872192e-02
7.402007579803466797e-01 1.405796885490417480e+00 3.034058511257171631e-01
1.015615105628967285e+00 -3.387643396854400635e-01 -6.095547676086425781e-01
1.552055180072784424e-01 6.010882258415222168e-01 8.968042135238647461e-01
-1.490454077720642090e+00 1.107644081115722656e+00 1.175281926989555359e-01
1.134196162223815918e+00 -7.397927641868591309e-01 -1.187262058258056641e+00
-5.380342602729797363e-01 1.000721931457519531e+00 -5.764102935791015625e-01
-1.160993099212646484e+00 3.813963830471038818e-01 -2.163571357727050781e+00
1.102804914116859436e-01 -4.236062765121459961e-01 3.701572418212890625e-01
-1.150595426559448242e+00 5.862318873405456543e-01 4.889260604977607727e-02
-1.616850346326828003e-01 6.736550927162170410e-01 6.341450810432434082e-01
-1.397974252700805664e+00 -3.968884646892547607e-01 -9.674001336097717285e-01
3.119320869445800781e-01 9.383837580680847168e-01 -6.970336437225341797e-01
-5.021215677261352539e-01 3.648199737071990967e-01 -6.227547526359558105e-01
-5.733540058135986328e-01 2.979725897312164307e-01 -8.952413797378540039e-01
2.845568954944610596e-01 1.174828037619590759e-01 1.405080080032348633e+00
-7.951881885528564453e-01 -1.014709845185279846e-01 -8.890066295862197876e-02
-5.259371399879455566e-01 2.625071704387664795e-01 -4.289772734045982361e-02
2.400176785886287689e-02 3.330782055854797363e-01 -1.171102747321128845e-01
3.920064494013786316e-02 -2.016548961400985718e-01 6.644678711891174316e-01
-1.402596235275268555e-01 9.515651464462280273e-01 9.702190756797790527e-01
-1.410961896181106567e-01 9.513135552406311035e-01 9.713756442070007324e-01
-1.400492787361145020e-01 9.520882964134216309e-01 9.707746505737304688e-01
-3.073473572731018066e-01 1.038152694702148438e+00 9.246143698692321777e-01
-3.077895939350128174e-01 1.035817861557006836e+00 9.280979633331298828e-01
-5.929481238126754761e-02 1.271793484687805176e+00 1.144304156303405762e+00
-1.097763404250144958e-01 1.277457475662231445e+00 1.132828235626220703e+00
8.237347602844238281e-01 6.946026682853698730e-01 1.449913501739501953e+00
9.656201601028442383e-01 5.689942836761474609e-01 1.480731010437011719e+00
-9.596890211105346680e-01 -1.582928001880645752e-02 -3.605771362781524658e-01
-1.220350265502929688e+00 4.177764952182769775e-01 6.222623586654663086e-01
-1.270025968551635742e+00 1.957686662673950195e+00 7.584007382392883301e-01
-5.440585017204284668e-01 2.468316853046417236e-01 5.133881568908691406e-01
8.324963450431823730e-01 9.896418452262878418e-01 1.308271169662475586e+00
7.411683201789855957e-01 1.063315629959106445e+00 1.299954771995544434e+00
-9.684001207351684570e-01 2.144673109054565430e+00 7.730001807212829590e-01
-1.001332521438598633e+00 2.203609943389892578e+00 7.603924274444580078e-01
2.227008491754531860e-01 3.087230622768402100e-01 9.091399908065795898e-01
2.030807584524154663e-01 4.149300456047058105e-01 9.537316560745239258e-01
-1.537218213081359863e+00 2.388327598571777344e+00 6.109000444412231445e-01
-1.702803373336791992e-01 5.500819087028503418e-01 8.661508560180664062e-01
-9.285388141870498657e-02 6.733748316764831543e-01 6.417262554168701172e-01
-4.571545124053955078e-01 2.815966904163360596e-01 5.832086801528930664e-01
-5.355994701385498047e-01 3.370658457279205322e-01 5.682280659675598145e-01
5.883204340934753418e-01 -3.534505069255828857e-01 4.249929189682006836e-01
5.452767014503479004e-01 2.966609001159667969e-01 1.023994088172912598e+00
-1.027989089488983154e-01 1.158480525016784668e+00 9.661975502967834473e-01
-4.368976131081581116e-02 1.096206545829772949e+00 9.781851172447204590e-01
-1.085969567298889160e+00 3.323219418525695801e-01 9.457023441791534424e-02
1.074341893196105957e+00 8.010868430137634277e-01 -4.812964797019958496e-01
-4.924146458506584167e-02 5.309150815010070801e-01 4.611407816410064697e-01
1.881239563226699829e-01 -1.329808235168457031e+00 8.230618238449096680e-01
-1.742894500494003296e-01 6.624186038970947266e-01 9.071517586708068848e-01
-3.276610374450683594e-01 7.181535959243774414e-01 8.013682961463928223e-01
2.490683794021606445e-01 9.212971329689025879e-01 1.116439700126647949e+00
1.241098403930664062e+00 -4.186097532510757446e-03 1.319995164871215820e+00
-2.661192417144775391e-01 1.125551700592041016e+00 9.733435511589050293e-01
3.862461149692535400e-01 -3.401722908020019531e-01 7.116229534149169922e-01
4.838342592120170593e-02 -5.793291330337524414e-01 2.740278244018554688e-01
-8.061341047286987305e-01 4.069786965847015381e-01 1.753512769937515259e-01
1.111863851547241211e+00 4.581376016139984131e-01 1.623494744300842285e+00
1.449796557426452637e+00 1.789973229169845581e-01 1.699491977691650391e+00
-4.897215403616428375e-03 2.266272544860839844e+00 1.580178380012512207e+00
-3.383573517203330994e-02 2.287032127380371094e+00 1.574732899665832520e+00
-2.952982783317565918e-01 1.201911926269531250e+00 9.300853610038757324e-01
-2.971629202365875244e-01 1.211337089538574219e+00 9.305424690246582031e-01
4.757069796323776245e-02 7.061060667037963867e-01 1.048420429229736328e+00
3.715508580207824707e-01 4.277399182319641113e-01 1.118127226829528809e+00
-3.801701664924621582e-01 1.509199380874633789e+00 1.145168662071228027e+00
-1.851972043514251709e-01 1.380834698677062988e+00 1.137796759605407715e+00
-1.177017450332641602e+00 2.203789949417114258e+00 1.266420602798461914e+00
-6.952660083770751953e-01 9.584699273109436035e-01 6.714454293251037598e-01
-7.234849929809570312e-01 1.002225518226623535e+00 6.600733399391174316e-01
-2.009674757719039917e-01 4.966567754745483398e-01 7.269906401634216309e-01
-2.675100564956665039e-01 3.889335989952087402e-01 6.405623555183410645e-01
1.227065682411193848e+00 -3.101151883602142334e-01 8.271299600601196289e-01
-2.545153498649597168e-01 3.701522946357727051e-02 -1.142675757408142090e+00
1.215013414621353149e-01 4.795573055744171143e-01 2.079986184835433960e-01
2.245812118053436279e-01 1.072558045387268066e+00 8.587728738784790039e-01
-2.220152411609888077e-03 6.763922572135925293e-01 9.190952181816101074e-01
4.635963141918182373e-01 1.662997007369995117e+00 1.383554339408874512e+00
3.411897718906402588e-01 1.678189516067504883e+00 1.310299873352050781e+00
4.660787582397460938e-01 1.590128302574157715e+00 1.343286395072937012e+00
-7.957180142402648926e-01 4.251185655593872070e-01 1.466512680053710938e-01
-5.497122406959533691e-01 -1.809843897819519043e+00 1.727861046791076660e+00
2.010462433099746704e-01 1.995160877704620361e-01 -4.726950228214263916e-01
2.162523418664932251e-01 1.999765187501907349e-01 5.032621026039123535e-01
2.860781550407409668e-01 1.290742278099060059e+00 1.250215530395507812e+00
7.961931824684143066e-01 7.089715003967285156e-01 1.301836133003234863e+00
5.687528252601623535e-01 1.193822145462036133e+00 1.405590295791625977e+00
-3.078174591064453125e-01 3.701924085617065430e-01 3.225593566894531250e-01
1.739068888127803802e-02 3.192909955978393555e-01 8.442991971969604492e-01
-5.037417411804199219e-01 3.438310325145721436e-01 5.053663849830627441e-01
-5.293975472450256348e-01 3.673887252807617188e-01 4.977760016918182373e-01
-2.512104213237762451e-01 1.120742678642272949e+00 1.333358436822891235e-01
6.115583181381225586e-01 1.768721342086791992e-01 1.018333673477172852e+00
1.006780713796615601e-01 2.974349558353424072e-01 2.557485401630401611e-01
2.795532047748565674e-01 -9.880809783935546875e-01 1.147949934005737305e+00
-1.795238852500915527e-01 1.123640775680541992e+00 1.006399035453796387e+00
-1.080230176448822021e-01 1.051621198654174805e+00 1.008633136749267578e+00
4.077356755733489990e-01 -5.671492815017700195e-01 8.311406970024108887e-01
8.979805707931518555e-01 3.004365600645542145e-02 7.260872721672058105e-01
6.244279742240905762e-01 3.087160885334014893e-01 -1.215125173330307007e-01
8.594175577163696289e-01 -2.701826691627502441e-01 5.813317894935607910e-01
2.672437131404876709e-01 -4.818067252635955811e-01 8.224313259124755859e-01
-2.934339344501495361e-01 5.878869295120239258e-01 -1.088591575622558594e+00
-6.632753014564514160e-01 1.466963291168212891e-01 -6.475385427474975586e-01
-3.931242227554321289e-01 1.394508033990859985e-02 -1.998055428266525269e-01
6.457206606864929199e-01 2.299104332923889160e-01 1.013566374778747559e+00
4.049310684204101562e-01 8.373238444328308105e-01 1.057618021965026855e+00
-7.429472208023071289e-01 4.261294603347778320e-01 1.762975305318832397e-01
8.262325525283813477e-01 -1.805193871259689331e-01 7.599391341209411621e-01
-1.662108600139617920e-01 5.942006707191467285e-01 4.517884254455566406e-01
-6.071271300315856934e-01 1.252526164054870605e+00 6.147576570510864258e-01
-8.644334077835083008e-01 2.807720899581909180e-01 1.184290274977684021e-02
6.465450525283813477e-01 1.761289387941360474e-01 1.004307746887207031e+00
2.240356057882308960e-01 -7.120499610900878906e-01 -3.314999639987945557e-01
-5.243515595793724060e-02 8.597201704978942871e-01 2.323105573654174805e+00
3.005475103855133057e-01 -4.219503998756408691e-01 -1.660615324974060059e+00
-6.748746633529663086e-01 -2.221342772245407104e-01 -5.307928919792175293e-01
8.285166025161743164e-01 2.101120799779891968e-01 1.131929159164428711e+00
7.844003438949584961e-01 2.500268220901489258e-01 1.126884698867797852e+00
5.679912567138671875e-01 -5.986774563789367676e-01 4.274489283561706543e-01
-1.595958352088928223e+00 6.176793575286865234e-01 7.540323138236999512e-01
-9.319201111793518066e-01 4.527731239795684814e-01 7.695873081684112549e-02
-1.277143239974975586e+00 9.108694791793823242e-01 6.049432978034019470e-02
3.138931989669799805e-01 8.053370565176010132e-02 1.001960039138793945e+00
-5.343389511108398438e-01 5.896491408348083496e-01 1.132912278175354004e+00
4.626894891262054443e-01 1.391978502273559570e+00 1.416457653045654297e+00
4.714416265487670898e-01 1.384018778800964355e+00 1.417712569236755371e+00
4.422749876976013184e-01 1.317694067955017090e+00 1.404762148857116699e+00
1.161180853843688965e+00 7.063720226287841797e-01 1.563142061233520508e+00
-7.355011701583862305e-01 2.286980897188186646e-01 3.077646493911743164e-01
-4.407426714897155762e-01 7.826548814773559570e-01 1.448276042938232422e+00
8.286834359169006348e-01 1.298905491828918457e+00 1.621386408805847168e+00
8.264379501342773438e-01 1.304065346717834473e+00 1.632822036743164062e+00
5.190833657979965210e-02 1.579470038414001465e+00 1.248386383056640625e+00
3.313108533620834351e-02 1.612171053886413574e+00 1.244211673736572266e+00
-8.918350338935852051e-01 1.093623414635658264e-01 3.959353864192962646e-01
-2.889661490917205811e-01 -5.212294459342956543e-01 -2.723334431648254395e-01
6.402944773435592651e-02 1.833791613578796387e+00 1.279978394508361816e+00
8.930779695510864258e-01 1.129643559455871582e+00 1.433840394020080566e+00
-4.959586858749389648e-01 4.714153110980987549e-01 3.715559095144271851e-02
5.170758962631225586e-01 -9.557631611824035645e-02 1.002829313278198242e+00
1.374459981918334961e+00 -1.556493341922760010e-01 1.635388374328613281e+00
9.705660343170166016e-01 9.268192648887634277e-01 1.154918789863586426e+00
3.622582554817199707e-01 4.570477604866027832e-01 8.442990183830261230e-01
-7.120360136032104492e-01 8.164108395576477051e-01 5.069040060043334961e-01
-9.868310689926147461e-01 -1.474916100502014160e+00 -6.810160279273986816e-01
-1.422901988029479980e+00 -9.898360967636108398e-01 -7.059126496315002441e-01
-4.832123517990112305e-01 -1.812178492546081543e-01 4.349044859409332275e-01
-1.529279947280883789e+00 -1.240956783294677734e+00 -9.659534096717834473e-01
-4.815980494022369385e-01 1.332719683647155762e+00 5.416440963745117188e-01
-1.263311386108398438e+00 -9.498753547668457031e-01 -5.344011783599853516e-01
-9.371049702167510986e-02 -2.370864868164062500e+00 -5.180628299713134766e-01
-1.140314936637878418e+00 1.474005818367004395e+00 -2.251538336277008057e-01
2.113406509160995483e-01 9.091282486915588379e-01 1.044642090797424316e+00
-2.386571407318115234e+00 -5.339750051498413086e-01 -9.262570142745971680e-01
-1.241813659667968750e+00 -1.631667852401733398e+00 -7.652871608734130859e-01
-1.672039508819580078e+00 -1.356132268905639648e+00 -8.726519346237182617e-01
-7.983837723731994629e-01 -1.941057443618774414e+00 -6.579304337501525879e-01
1.209986329078674316e+00 -1.753512620925903320e-01 4.663291275501251221e-01
4.391740262508392334e-01 -1.322661757469177246e+00 -2.803562581539154053e-01
2.851754724979400635e-01 -5.269502475857734680e-02 1.195922568440437317e-01
3.987329900264739990e-01 1.568752765655517578e+00 6.373797059059143066e-01
8.351377248764038086e-01 6.827062964439392090e-01 1.359896510839462280e-01
5.842887610197067261e-02 -3.352235853672027588e-01 3.876401782035827637e-01
2.177422791719436646e-01 -1.883024334907531738e+00 -5.110234618186950684e-01
5.347412228584289551e-01 1.350411623716354370e-01 9.501563906669616699e-01
-2.426724880933761597e-01 -2.205009013414382935e-01 4.017926752567291260e-01
-1.475248485803604126e-01 -2.497684061527252197e-01 5.519562400877475739e-04
-8.293079733848571777e-01 -3.115054965019226074e-01 -4.547944664955139160e-01
3.191289305686950684e-01 -1.187460729852318764e-03 -2.936981916427612305e-01
1.467937827110290527e-01 -6.249898076057434082e-01 -5.358203873038291931e-02
-9.852856993675231934e-01 -2.739101648330688477e-01 6.711089611053466797e-01
1.694752812385559082e+00 -6.631374359130859375e-02 1.213706135749816895e+00
4.044154882431030273e-01 -1.230436861515045166e-01 1.420353293418884277e+00
8.110823035240173340e-01 -4.078610241413116455e-01 1.382957577705383301e+00
-9.619411826133728027e-01 -2.317021489143371582e-01 1.220907866954803467e-01
6.355864405632019043e-01 -6.823830604553222656e-01 -4.119701385498046875e-01
1.193036913871765137e+00 -7.975322008132934570e-01 -2.454266250133514404e-01
5.801395326852798462e-02 -5.906237363815307617e-01 1.243987441062927246e+00
3.068949282169342041e-01 -2.163000851869583130e-01 -1.275900244712829590e+00
2.384608536958694458e-01 -1.268247961997985840e-01 4.087590575218200684e-01
3.614171445369720459e-01 -5.286664962768554688e-01 1.596627950668334961e+00
-8.054013848304748535e-01 1.149691700935363770e+00 5.393397212028503418e-01
-8.005537390708923340e-01 1.150946497917175293e+00 5.387640595436096191e-01
-4.440793693065643311e-01 1.000347733497619629e-01 6.109031438827514648e-01
-3.873087763786315918e-01 -7.104430794715881348e-01 -2.001601457595825195e+00
-5.133544802665710449e-01 3.619568347930908203e-01 2.148873805999755859e-01
-1.997120678424835205e-01 6.484025120735168457e-01 1.106942534446716309e+00
-3.984572589397430420e-01 -1.668404638767242432e-01 -6.760252267122268677e-02
1.619354188442230225e-01 -5.946204066276550293e-02 3.632968962192535400e-01
-6.816455721855163574e-01 -5.300894379615783691e-01 2.026360481977462769e-01
-6.787984371185302734e-01 3.157395124435424805e-01 5.709973573684692383e-01
-9.939092993736267090e-01 4.609457552433013916e-01 4.042557775974273682e-01
-2.081762552261352539e-01 -3.029463291168212891e-01 -3.537371456623077393e-01
9.064358472824096680e-02 1.883681118488311768e-01 1.055259466171264648e+00
-7.201599478721618652e-01 7.507411390542984009e-02 5.096801519393920898e-01
-1.093808054924011230e+00 1.742442846298217773e+00 1.047458887100219727e+00
-8.059348464012145996e-01 2.260077595710754395e-01 3.094620704650878906e-01
-1.813015937805175781e-01 -1.894491076469421387e+00 4.780690670013427734e-01
7.658312320709228516e-01 4.720809161663055420e-01 1.718262955546379089e-02
-7.976292371749877930e-01 2.579751908779144287e-01 5.849375128746032715e-01
8.006256818771362305e-01 -1.430298566818237305e+00 5.645681619644165039e-01
1.394553661346435547e+00 -1.024791240692138672e+00 1.195868134498596191e+00
-8.712588548660278320e-01 -8.450250625610351562e-01 1.287309825420379639e-02
1.192354917526245117e+00 4.182159602642059326e-01 1.008158087730407715e+00
-3.046674430370330811e-01 1.286085486412048340e+00 9.969756007194519043e-01
1.125492975115776062e-01 6.543002724647521973e-01 9.525764584541320801e-01
-1.074723362922668457e+00 9.377250671386718750e-01 5.943086147308349609e-01
-5.315570160746574402e-02 -3.078996241092681885e-01 8.586611151695251465e-01
-7.059946656227111816e-02 3.201552927494049072e-01 1.530770540237426758e+00
3.258261978626251221e-01 -8.943615108728408813e-02 9.704392403364181519e-02
-9.210332632064819336e-01 4.769062995910644531e-01 6.050405502319335938e-01
1.092882752418518066e-01 -3.037433922290802002e-01 1.299245953559875488e-01
-7.722285389900207520e-01 -8.374131470918655396e-02 -2.666394924744963646e-03
8.416122794151306152e-01 -2.928589582443237305e-01 8.840159177780151367e-01
5.338098406791687012e-01 9.673593938350677490e-02 -1.168897986412048340e+00
-9.828448891639709473e-01 -4.332468211650848389e-01 -2.705467864871025085e-02
-4.934587776660919189e-01 -5.143771767616271973e-01 1.132581904530525208e-01
3.397191166877746582e-01 4.813218414783477783e-01 9.298946857452392578e-01
-7.104057073593139648e-01 4.023526310920715332e-01 4.095361828804016113e-01
-9.636236429214477539e-01 -1.796587705612182617e-01 2.362370789051055908e-01
-6.026782393455505371e-01 -5.599119067192077637e-01 2.321387231349945068e-01
-2.123652219772338867e+00 8.297570943832397461e-01 -1.789053976535797119e-01
-1.176705598831176758e+00 5.476202964782714844e-01 -5.878285169601440430e-01
-8.571943640708923340e-01 -2.308571785688400269e-01 6.529115885496139526e-02
2.900767028331756592e-01 -2.641805112361907959e-01 -6.364394426345825195e-01
-9.462546706199645996e-01 1.489831447601318359e+00 6.083904504776000977e-01
-9.449603557586669922e-01 1.483948469161987305e+00 6.010078191757202148e-01
-5.181053876876831055e-01 1.457071542739868164e+00 7.281444072723388672e-01
-4.165850877761840820e-01 1.296241998672485352e+00 6.927741765975952148e-01
7.890702784061431885e-02 1.215786576271057129e+00 1.278826594352722168e+00
-1.867188662290573120e-01 5.301869288086891174e-02 3.500484824180603027e-01
2.015229463577270508e+00 -2.854208648204803467e-01 4.588907659053802490e-01
1.060759663581848145e+00 -8.552034497261047363e-01 1.295367956161499023e+00
-1.045841336250305176e+00 1.239544987678527832e+00 5.180916786193847656e-01
-1.039592385292053223e+00 1.235538125038146973e+00 5.198084712028503418e-01
6.416015625000000000e-01 1.570282220840454102e+00 1.191485762596130371e+00
7.998730540275573730e-01 1.365513563156127930e+00 1.229229569435119629e+00
-7.419806718826293945e-01 2.387331724166870117e-01 4.829768538475036621e-01
7.260667085647583008e-01 1.096061393618583679e-01 -2.037569761276245117e+00
1.296183705329895020e+00 -5.171187520027160645e-01 1.029451727867126465e+00
6.184662580490112305e-01 -8.053201250731945038e-03 7.497789263725280762e-01
-7.489423155784606934e-01 7.491443753242492676e-01 4.547022581100463867e-01
4.215597212314605713e-01 4.415062367916107178e-01 1.075179696083068848e+00
-3.158167302608489990e-01 1.518030315637588501e-01 5.112509727478027344e-01
7.815856337547302246e-01 -7.543555498123168945e-01 -2.712063789367675781e-01
-1.100654527544975281e-01 -9.010283946990966797e-01 1.114278361201286316e-01
-6.483553647994995117e-01 1.807262599468231201e-01 4.853344857692718506e-01
1.004538461565971375e-01 2.081101179122924805e+00 -6.572672128677368164e-01
1.018558621406555176e+00 -3.025127351284027100e-01 -7.705709934234619141e-01
-9.735703468322753906e-02 -1.050513014197349548e-01 3.034138083457946777e-01
8.796843290328979492e-01 -2.720392942428588867e-01 -1.718727648258209229e-01
-8.509618639945983887e-01 -1.191146731376647949e+00 -1.221485286951065063e-01
-1.892358809709548950e-01 -1.764391422271728516e+00 2.858543023467063904e-02
3.441490828990936279e-01 3.448951840400695801e-01 9.752779603004455566e-01
8.878137171268463135e-02 1.070569992065429688e+00 1.223259806632995605e+00
3.543891608715057373e-01 4.976184964179992676e-01 1.121244907379150391e+00
3.066333532333374023e-01 6.374545693397521973e-01 1.172559261322021484e+00
-8.421326279640197754e-01 2.999228239059448242e-01 -2.120755910873413086e-01
-8.740881085395812988e-01 7.759546637535095215e-01 9.783736616373062134e-02
7.903950810432434082e-01 -8.834275603294372559e-02 4.240246713161468506e-01
8.681413531303405762e-01 6.802763938903808594e-01 1.007853269577026367e+00
2.649279534816741943e-01 4.047088325023651123e-01 1.994173526763916016e+00
9.621151685714721680e-01 -4.719866216182708740e-01 6.519687771797180176e-01
2.829459607601165771e-01 -1.087546825408935547e+00 1.911211460828781128e-01
1.086866855621337891e+00 -7.330857515335083008e-01 9.148111343383789062e-01
-1.401881426572799683e-01 -5.027611255645751953e-01 1.028106957674026489e-01
6.617395877838134766e-01 1.319735884666442871e+00 9.222386479377746582e-01
2.396303713321685791e-01 6.466450095176696777e-01 5.266472101211547852e-01
-5.029086470603942871e-01 1.354984760284423828e+00 3.657304644584655762e-01
-4.129455387592315674e-01 7.037840485572814941e-01 6.381894350051879883e-01
-5.195248723030090332e-01 -9.168358892202377319e-02 1.181529313325881958e-01
-4.882529675960540771e-01 6.013348102569580078e-01 7.832477688789367676e-01
-3.989661931991577148e-01 -2.624022029340267181e-02 2.266508340835571289e-01
-1.116126496344804764e-02 -1.218272447586059570e-01 4.614728391170501709e-01
5.940182209014892578e-01 3.877444565296173096e-01 -4.470282047986984253e-02
1.364638209342956543e-01 7.320619821548461914e-01 9.860413074493408203e-01
-4.500982165336608887e-01 8.196748495101928711e-01 5.746028423309326172e-01
-5.048446059226989746e-01 3.428616747260093689e-02 -5.243691802024841309e-01
-8.030984401702880859e-01 2.656021714210510254e-01 -6.356816291809082031e-01
-3.895215392112731934e-01 -1.168757438659667969e+00 -1.800240576267242432e-01
4.227013289928436279e-01 1.768521070480346680e-01 -2.415286004543304443e-01
-5.397212505340576172e-01 -1.184312328696250916e-01 5.891907215118408203e-01
-7.818397283554077148e-01 9.385930299758911133e-01 5.590955018997192383e-01
-1.428833901882171631e-01 8.508061766624450684e-01 9.328229427337646484e-01
4.036763012409210205e-01 -1.043413951992988586e-01 -3.952572122216224670e-02
-2.962926030158996582e-01 4.947767257690429688e-01 -1.206461310386657715e+00
7.593637704849243164e-01 1.618518680334091187e-01 6.460155248641967773e-01
6.415248513221740723e-01 -3.675097823143005371e-01 6.556146144866943359e-01
8.243744075298309326e-02 -5.569542646408081055e-01 5.011957883834838867e-01
6.971308588981628418e-01 7.003239393234252930e-01 4.940750300884246826e-01
-5.568938851356506348e-01 5.628123283386230469e-01 -1.116947293281555176e+00
1.491873621940612793e+00 2.975472509860992432e-01 -7.170431613922119141e-01
-1.490533053874969482e-01 8.616771101951599121e-01 1.142915368080139160e+00
-4.588770568370819092e-01 5.776813626289367676e-01 5.321869254112243652e-01
-9.772118926048278809e-01 -7.358266115188598633e-01 -9.787424802780151367e-01
-1.543263792991638184e+00 7.607934474945068359e-01 -2.199627086520195007e-02
-5.793099291622638702e-03 -2.591316401958465576e-01 -6.110978126525878906e-01
-2.718853652477264404e-01 1.429696679115295410e+00 -1.634817570447921753e-01
-9.772711396217346191e-01 9.508334994316101074e-01 3.306798636913299561e-01
3.895890340209007263e-02 1.094971179962158203e+00 7.864290475845336914e-01
5.819013118743896484e-01 7.445921301841735840e-01 9.282832741737365723e-01
-1.274665117263793945e+00 9.165616631507873535e-01 1.506890803575515747e-01
-1.289478421211242676e+00 9.252876639366149902e-01 1.487550735473632812e-01
1.097380146384239197e-01 9.250645637512207031e-01 1.036386609077453613e+00
-6.963293254375457764e-02 9.551310539245605469e-01 9.214182496070861816e-01
-3.109802603721618652e-01 -2.829627692699432373e-01 3.645579516887664795e-02
-9.851499795913696289e-01 1.430202007293701172e+00 7.890558838844299316e-01
-1.151538729667663574e+00 1.671539306640625000e+00 7.931184172630310059e-01
-3.297346457839012146e-02 7.426475733518600464e-02 9.972746372222900391e-01
-3.456059098243713379e-01 -3.500216305255889893e-01 5.476042628288269043e-01
4.996038079261779785e-01 -1.512477755546569824e+00 3.408352136611938477e-01
6.329466700553894043e-01 6.372185796499252319e-02 1.394727587699890137e+00
-1.178923010826110840e+00 1.406563282012939453e+00 6.177164316177368164e-01
-8.360084891319274902e-01 -5.620699524879455566e-01 -6.563879847526550293e-01
-6.731107831001281738e-01 -6.890093088150024414e-01 -6.182147860527038574e-01
-1.569748818874359131e-01 -1.353075981140136719e+00 2.763504683971405029e-01
5.727545619010925293e-01 -2.916108965873718262e-01 2.139129340648651123e-01
-2.613018453121185303e-01 -9.782509803771972656e-01 -5.358834862709045410e-01
1.244190454483032227e+00 -2.870954573154449463e-01 6.381381154060363770e-01
-2.389268018305301666e-02 -8.664946556091308594e-01 1.258414864540100098e+00
-2.515441179275512695e-01 6.244385838508605957e-01 -8.168819546699523926e-01
-8.280751705169677734e-01 1.537955760955810547e+00 5.962089896202087402e-01
1.288741588592529297e+00 8.877184987068176270e-01 -4.489028453826904297e-01
-9.332222342491149902e-01 4.103750288486480713e-01 4.011552929878234863e-01
1.697151511907577515e-01 -1.560476273298263550e-01 -9.658955335617065430e-01
-1.462537646293640137e-01 5.982784032821655273e-01 7.108131051063537598e-01
-1.075662374496459961e+00 1.631788730621337891e+00 4.958333671092987061e-01
-1.070580840110778809e+00 1.630285263061523438e+00 4.954259097576141357e-01
-1.045180559158325195e+00 1.542509794235229492e+00 4.708715081214904785e-01
-9.532755613327026367e-01 1.922372698783874512e+00 6.394410729408264160e-01
-1.060097217559814453e+00 1.782417893409729004e+00 5.999822020530700684e-01
1.113823950290679932e-01 1.322896927595138550e-01 6.063060164451599121e-01
-1.356358170509338379e+00 6.078109145164489746e-01 -4.462133944034576416e-01
1.535843729972839355e+00 1.990218833088874817e-02 8.933188319206237793e-01
-2.385252863168716431e-01 -1.265313774347305298e-01 -5.826485753059387207e-01
6.322993636131286621e-01 1.053929924964904785e+00 1.057950496673583984e+00
4.516464173793792725e-01 1.227983117103576660e+00 -2.607220709323883057e-01
-8.272909522056579590e-01 5.356839299201965332e-01 9.901328086853027344e-01
1.639592528343200684e+00 1.642241179943084717e-01 1.252875089645385742e+00
8.867855072021484375e-01 4.885843396186828613e-01 9.267048835754394531e-01
-1.404986739158630371e+00 1.720701932907104492e+00 4.413657188415527344e-01
-1.022231698036193848e+00 4.251472055912017822e-01 -1.398438066244125366e-01
4.210140109062194824e-01 7.826175540685653687e-02 7.099443674087524414e-01
1.373913139104843140e-02 2.029452770948410034e-01 5.160951614379882812e-01
-1.117943882942199707e+00 6.425392031669616699e-01 -1.525971591472625732e-01
4.135365188121795654e-01 -1.673283278942108154e-01 4.908402264118194580e-01
-1.223601549863815308e-01 1.330011248588562012e+00 9.758602976799011230e-01
-3.648478090763092041e-01 5.205073356628417969e-01 -3.625659644603729248e-01
-6.335183978080749512e-01 -2.494841814041137695e-02 -1.414683818817138672e+00
-4.700849577784538269e-02 1.248277306556701660e+00 9.806878566741943359e-01
-1.029132604598999023e+00 2.752129137516021729e-01 7.608444988727569580e-02
-1.233274459838867188e+00 5.296763777732849121e-01 4.708550870418548584e-02
-8.833850622177124023e-01 4.334904551506042480e-01 2.529766559600830078e-01
7.343707084655761719e-01 -7.108650207519531250e-01 1.568348109722137451e-01
-1.322803646326065063e-01 -4.499619007110595703e-01 -7.435958385467529297e-01
-3.627173304557800293e-01 6.084757447242736816e-01 2.152156531810760498e-01
-5.971616506576538086e-01 -6.483492851257324219e-01 -3.806850612163543701e-01
-1.037334918975830078e+00 -6.671801209449768066e-01 -6.700332760810852051e-01
-1.634685158729553223e+00 1.882794648408889771e-01 -3.561953306198120117e-01
8.213462680578231812e-02 4.812469184398651123e-01 9.309901297092437744e-02
-5.652200579643249512e-01 9.815631434321403503e-03 3.789730072021484375e-01
-7.657325863838195801e-01 1.145177364349365234e+00 -5.842649936676025391e-01
-1.221691608428955078e+00 8.610579371452331543e-01 4.297709763050079346e-01
1.146503806114196777e+00 5.192453265190124512e-01 -7.472262978553771973e-01
-1.913346529006958008e+00 6.293180584907531738e-01 -3.843095302581787109e-01
-2.285043150186538696e-02 -7.004544138908386230e-01 3.038368821144104004e-01
5.075303912162780762e-01 -2.223908454179763794e-01 -8.089251816272735596e-02
-4.886904656887054443e-01 2.923564314842224121e-01 7.122933268547058105e-01
9.975060820579528809e-02 -8.903427422046661377e-02 3.993322253227233887e-01
9.786776304244995117e-01 -6.234735846519470215e-01 4.721550941467285156e-01
5.449624061584472656e-01 -7.762246131896972656e-01 1.158166229724884033e-01
-7.699491381645202637e-01 -1.035734057426452637e+00 -7.526127696037292480e-01
-3.163490891456604004e-01 -9.868752956390380859e-01 1.609772294759750366e-01
-1.232060909271240234e+00 5.307465791702270508e-02 7.033997029066085815e-02
-1.256061315536499023e+00 3.308693766593933105e-01 1.080705165863037109e+00
1.497783422470092773e+00 3.266434669494628906e-01 9.562991857528686523e-01
-1.291476249694824219e+00 3.179843425750732422e-01 -5.781459212303161621e-01
6.459795236587524414e-01 -1.556127786636352539e+00 -1.354436516761779785e+00
-2.502585947513580322e-01 -5.104951560497283936e-02 -8.276746273040771484e-01
3.315731585025787354e-01 -1.159490585327148438e+00 4.157352447509765625e-01
1.228059008717536926e-01 -7.240176796913146973e-01 6.865895986557006836e-01
-4.659966379404067993e-02 -5.733718872070312500e-01 6.482431292533874512e-01
1.172331929206848145e+00 1.960553927347064018e-03 1.969340682029724121e+00
-1.455380439758300781e+00 -9.844605624675750732e-02 -2.505034506320953369e-01
1.315665841102600098e+00 -1.088002696633338928e-01 2.213718414306640625e+00
-1.161635637283325195e+00 8.127024173736572266e-01 7.370932102203369141e-01
1.088268280029296875e+00 -6.108765006065368652e-01 1.830833077430725098e+00
7.586164772510528564e-02 9.742736816406250000e-01 1.742602467536926270e+00
3.825287520885467529e-01 9.714841246604919434e-01 9.514421820640563965e-01
6.938999295234680176e-01 2.400912344455718994e-02 5.316689014434814453e-01
9.261372089385986328e-01 2.133709378540515900e-02 6.595872640609741211e-01
-1.727691441774368286e-01 -1.059070348739624023e+00 2.698740065097808838e-01
-4.722759127616882324e-02 3.891330659389495850e-01 9.484842419624328613e-01
-3.619236648082733154e-01 6.616188883781433105e-01 8.762797713279724121e-01
-2.786583006381988525e-01 5.882771611213684082e-01 8.996791839599609375e-01
-3.869881629943847656e-01 6.596024036407470703e-01 6.794378161430358887e-01
-8.529113531112670898e-01 -7.720223069190979004e-02 -8.702630400657653809e-01
-1.906994879245758057e-01 1.956471800804138184e-02 7.295499444007873535e-01
6.960513442754745483e-02 -1.642809271812438965e+00 -1.021447777748107910e+00
4.974017441272735596e-01 8.709792494773864746e-01 5.853747949004173279e-02
1.628397226333618164e+00 -1.406482815742492676e+00 5.004081726074218750e-01
-2.920478284358978271e-01 -1.376470565795898438e+00 -4.997112154960632324e-01
-4.034908115863800049e-01 -4.199483096599578857e-01 -7.305563986301422119e-02
-1.624239236116409302e-01 -1.952325820922851562e+00 -1.029003262519836426e-01
-1.454051613807678223e+00 -5.063179135322570801e-01 -5.715342760086059570e-01
-4.104336500167846680e-01 9.513848423957824707e-01 3.728104531764984131e-01
-5.436566472053527832e-01 -2.763848006725311279e-01 2.526495456695556641e-01
-7.136294841766357422e-01 -7.462080121040344238e-01 -3.681545555591583252e-01
-8.830927014350891113e-01 -1.677421689033508301e+00 -2.693927884101867676e-01
-4.845681190490722656e-01 -2.035091876983642578e+00 -1.971451193094253540e-01
-2.551970779895782471e-01 -1.283015370368957520e+00 -1.900770962238311768e-01
3.153954744338989258e-01 -5.921331048011779785e-01 9.748367071151733398e-01
-1.406229853630065918e+00 -4.919712543487548828e-01 2.441322803497314453e-01
-1.097715735435485840e+00 2.327403724193572998e-01 6.518143415451049805e-01
-8.485276699066162109e-01 -1.736582636833190918e+00 -4.212924540042877197e-01
5.106540918350219727e-01 -2.604299068450927734e+00 3.615565001964569092e-01
-1.726285219192504883e+00 -1.777323931455612183e-01 -1.149397969245910645e+00
7.836699485778808594e-01 -5.228897333145141602e-01 1.124266982078552246e+00
8.237536996603012085e-02 -1.591627478599548340e+00 -1.615307033061981201e-01
-5.751507282257080078e-01 8.483098745346069336e-01 6.382817029953002930e-01
-3.387054204940795898e-01 5.856690406799316406e-01 6.638804078102111816e-01
-1.174558997154235840e+00 8.141459226608276367e-01 4.060096442699432373e-01
-8.926268815994262695e-01 5.617801547050476074e-01 4.686061739921569824e-01
-2.638987600803375244e-01 -4.096695408225059509e-02 5.843178033828735352e-01
-1.043846368789672852e+00 4.372205734252929688e-01 2.848946154117584229e-01
7.398454546928405762e-01 9.161484837532043457e-01 1.488284587860107422e+00
-8.600654602050781250e-01 1.127333879470825195e+00 2.101604640483856201e-01
6.613208651542663574e-01 -3.508421480655670166e-01 9.161611795425415039e-01
6.533544659614562988e-01 -4.558310508728027344e-01 -7.062637209892272949e-01
-1.406533718109130859e-01 3.536820411682128906e-01 6.985184550285339355e-01
2.166492864489555359e-02 7.730161398649215698e-02 7.937865853309631348e-01
9.898540377616882324e-02 1.166043058037757874e-01 7.042535543441772461e-01
-1.245174407958984375e+00 7.805821895599365234e-01 9.153754264116287231e-02
5.427815914154052734e-01 -2.187770903110504150e-01 7.946836352348327637e-01
3.598608449101448059e-02 -2.732670605182647705e-01 5.800203084945678711e-01
-2.227579653263092041e-01 6.637958288192749023e-01 7.448632717132568359e-01
5.619282722473144531e-01 -1.180753350257873535e+00 3.487882316112518311e-01
-1.248187303543090820e+00 1.744705557823181152e+00 7.222960591316223145e-01
-5.995655655860900879e-01 -9.762385487556457520e-01 5.346356034278869629e-01
5.799362063407897949e-01 -1.192800998687744141e-01 -1.262805581092834473e+00
8.222597837448120117e-01 3.365614712238311768e-01 1.324147820472717285e+00
3.692007958889007568e-01 1.248305439949035645e+00 1.510518193244934082e+00
1.471486538648605347e-01 7.201291322708129883e-01 1.078388929367065430e+00
8.820654749870300293e-01 3.182804882526397705e-01 1.521231293678283691e+00
2.226091027259826660e-01 6.883822083473205566e-01 1.216304540634155273e+00
-4.798086732625961304e-02 -9.089447259902954102e-01 4.694616198539733887e-01
1.517577171325683594e+00 -1.353870034217834473e-01 2.913388013839721680e-01
1.112975716590881348e+00 -2.305503487586975098e-01 1.044014334678649902e+00
2.085527181625366211e+00 7.331935763359069824e-01 -2.175735831260681152e-01
-5.389262437820434570e-01 -1.485301017761230469e+00 -1.032432556152343750e+00
-9.893240034580230713e-02 8.045721650123596191e-01 9.317119717597961426e-01
4.178918302059173584e-01 -1.315879970788955688e-01 8.578459620475769043e-01
-1.280274242162704468e-01 -2.463703304529190063e-01 -5.293154716491699219e-01
-9.103489518165588379e-01 -1.026758074760437012e+00 7.449429035186767578e-01
-7.511642575263977051e-01 -6.721899509429931641e-01 -3.228886127471923828e-01
6.814246177673339844e-01 -7.018150091171264648e-01 -5.169019103050231934e-01
-2.757644839584827423e-02 -1.992998957633972168e+00 -4.213859736919403076e-01
-2.177553027868270874e-01 -2.028994321823120117e+00 -3.924628496170043945e-01
-2.281279414892196655e-01 -2.030204772949218750e+00 -3.918543457984924316e-01
9.037819504737854004e-01 -1.928973555564880371e+00 5.560455918312072754e-01
-2.772115767002105713e-01 6.956799030303955078e-01 4.940128326416015625e-01
2.331406474113464355e-01 -6.339389085769653320e-01 8.423786759376525879e-01
8.676873445510864258e-01 -9.019334912300109863e-01 6.676201820373535156e-01
-2.974736690521240234e-01 3.121050596237182617e-01 8.925702571868896484e-01
8.192395567893981934e-01 -3.230195343494415283e-01 -2.273909300565719604e-01
1.073679804801940918e+00 -1.147006392478942871e+00 4.452944993972778320e-01
1.512912809848785400e-01 -1.965866446495056152e+00 -1.736471205949783325e-01
2.563761770725250244e-01 -2.055707216262817383e+00 -1.434952616691589355e-01
4.349257647991180420e-01 -2.189550399780273438e+00 -8.834678679704666138e-02
-5.713111758232116699e-01 -1.598144650459289551e+00 -3.797802627086639404e-01
-2.202515602111816406e+00 -1.205956101417541504e+00 -1.236313104629516602e+00
-9.525637626647949219e-01 1.142046809196472168e+00 3.738482594490051270e-01
2.323114871978759766e-01 -3.435339629650115967e-01 8.649327158927917480e-01
-2.148392915725708008e+00 -1.237018346786499023e+00 -1.212180256843566895e+00
-1.439930081367492676e+00 -1.712623119354248047e+00 -1.014668107032775879e+00
-9.718918800354003906e-01 3.997209370136260986e-01 7.462109327316284180e-01
-8.694236278533935547e-01 -1.232143878936767578e+00 -5.543986335396766663e-02
-5.348907709121704102e-01 -1.472410857677459717e-01 -2.314977496862411499e-01
-4.109523892402648926e-01 -1.407714366912841797e+00 4.332408308982849121e-01
-8.276227712631225586e-01 -1.318381786346435547e+00 1.047622561454772949e+00
6.643788814544677734e-01 4.676437079906463623e-01 -2.485597431659698486e-01
-1.710188031196594238e+00 -1.327986121177673340e+00 -8.792248964309692383e-01
-5.668346881866455078e-01 -2.047401905059814453e+00 -5.266782641410827637e-01
-1.894693851470947266e+00 -8.265196084976196289e-01 -6.569687724113464355e-01
4.871986210346221924e-01 -1.162218451499938965e+00 -7.591310143470764160e-01
2.567299306392669678e-01 -1.049307823181152344e+00 -8.670541644096374512e-01
-1.293540239334106445e+00 -3.763461410999298096e-01 7.805636525154113770e-01
-8.416598290205001831e-02 6.444150209426879883e-01 7.336681485176086426e-01
7.243388146162033081e-02 -9.542433619499206543e-01 -9.869095087051391602e-01
7.424220442771911621e-01 -1.335668563842773438e+00 -6.960842609405517578e-01
8.634771108627319336e-01 -1.413713097572326660e+00 -6.491290926933288574e-01
-4.858319163322448730e-01 -9.663388729095458984e-01 -6.292940378189086914e-01
1.930915862321853638e-01 -2.009113579988479614e-01 3.144560158252716064e-01
-3.915717601776123047e-01 3.260949552059173584e-01 6.279527544975280762e-01
8.976726531982421875e-01 -1.380831480026245117e+00 1.283164262771606445e+00
1.690364003181457520e+00 7.501985430717468262e-01 1.532026767730712891e+00
1.311038017272949219e+00 1.000900268554687500e+00 1.418659687042236328e+00
1.653292655944824219e+00 7.784879803657531738e-01 1.534189105033874512e+00
1.346167087554931641e+00 1.031070113182067871e+00 1.446836829185485840e+00
1.542605638504028320e+00 8.102127909660339355e-01 1.459353685379028320e+00
1.362999916076660156e+00 9.790400862693786621e-01 1.440254926681518555e+00
1.611361384391784668e+00 8.392166495323181152e-01 1.532091736793518066e+00
-5.929763317108154297e-01 -1.186891496181488037e-01 -1.248327136039733887e+00
2.780015766620635986e-01 6.529330611228942871e-01 -1.218988522887229919e-01
6.374880075454711914e-01 -1.296921849250793457e+00 5.660048127174377441e-01
-1.888376623392105103e-01 2.213830314576625824e-02 8.481839299201965332e-01
-2.833186984062194824e-01 -4.507444500923156738e-01 6.042085289955139160e-01
3.835801780223846436e-01 -1.472810745239257812e+00 -7.914002239704132080e-02
2.156968861818313599e-01 -1.325285553932189941e+00 -1.167308911681175232e-01
3.053189814090728760e-01 -1.344884991645812988e+00 -6.607053428888320923e-02
4.310565590858459473e-01 -1.562495708465576172e+00 -8.129313588142395020e-02
2.832615971565246582e-01 -1.414133667945861816e+00 -1.443331837654113770e-01
3.036999143660068512e-02 -1.132580637931823730e+00 -2.591910958290100098e-01
6.105006933212280273e-01 -1.756857156753540039e+00 -1.802083700895309448e-01
-4.832897782325744629e-01 -9.252038002014160156e-01 -2.754248976707458496e-01
-6.453719139099121094e-01 9.991318583488464355e-01 5.862516164779663086e-01
-2.226146757602691650e-01 1.033541798591613770e+00 -8.377935737371444702e-02
-1.126006841659545898e+00 6.188974380493164062e-01 5.037963986396789551e-01
-1.075481176376342773e+00 6.240106225013732910e-01 6.547341942787170410e-01
5.507877469062805176e-01 -6.498803496360778809e-01 -1.342679560184478760e-01
