7.621425986289978027e-01 -4.555474221706390381e-01 -3.162561655044555664e-01
3.700047135353088379e-01 -9.856214374303817749e-02 -1.125918745994567871e+00
1.743433475494384766e+00 1.222360879182815552e-01 5.839625373482704163e-02
3.291997015476226807e-01 -2.756238877773284912e-01 -1.321799010038375854e-01
2.635766863822937012e-01 1.063057303428649902e+00 1.466350317001342773e+00
3.610018491744995117e-01 -1.024036288261413574e+00 9.000173211097717285e-01
4.380322694778442383e-01 5.248400568962097168e-01 -1.185811281204223633e+00
-1.789522767066955566e-01 6.975458264350891113e-01 -1.295502901077270508e+00
7.072559595108032227e-01 3.078624904155731201e-01 -2.621752023696899414e-01
1.037126779556274414e+00 -3.497102856636047363e-02 -3.580527305603027344e-01
9.862456321716308594e-01 4.341734051704406738e-01 6.277622282505035400e-02
1.005231022834777832e+00 4.270442426204681396e-01 8.209013193845748901e-02
2.668277740478515625e+00 1.781857609748840332e+00 -1.076088786125183105e+00
-9.999814033508300781e-01 7.929093390703201294e-02 9.900774359703063965e-01
-7.582962512969970703e-01 6.781643629074096680e-02 2.886841893196105957e-01
7.110989838838577271e-02 4.272694885730743408e-01 -4.934839904308319092e-01
-8.840149641036987305e-01 -8.009347915649414062e-01 -2.782326936721801758e-01
2.402762651443481445e+00 2.372435331344604492e+00 -1.878138422966003418e+00
2.777520418167114258e+00 1.712923407554626465e+00 -9.417847990989685059e-01
5.592013597488403320e-01 1.532248854637145996e+00 -9.464317560195922852e-01
-1.334181308746337891e+00 -9.737725853919982910e-01 7.669974565505981445e-01
3.358691036701202393e-01 -4.758129715919494629e-01 2.110989764332771301e-03
5.418061017990112305e-01 2.133383601903915405e-01 2.064016759395599365e-01
2.486205250024795532e-01 4.984671473503112793e-01 -2.427300065755844116e-01
7.547248601913452148e-01 5.183725953102111816e-01 1.286768764257431030e-01
1.555451631546020508e+00 -7.622272521257400513e-02 5.140101313591003418e-01
1.498697638511657715e+00 5.934802442789077759e-02 4.042128920555114746e-01
-4.548844397068023682e-01 4.899309575557708740e-01 -7.245508432388305664e-01
-1.578246116638183594e+00 5.760517120361328125e-01 4.084223806858062744e-01
-1.541986968368291855e-02 9.206364154815673828e-01 -1.745117664337158203e+00
-6.881676912307739258e-01 -3.680256903171539307e-01 -8.690578937530517578e-01
-9.139015078544616699e-01 -2.360451519489288330e-01 2.562989890575408936e-01
-4.383399486541748047e-01 -9.677287340164184570e-01 7.655951380729675293e-01
3.313857316970825195e-01 -5.495029091835021973e-01 4.574832916259765625e-01
1.291073709726333618e-01 -8.688475489616394043e-01 1.347858160734176636e-01
-1.638368666172027588e-01 3.741700351238250732e-01 3.071513772010803223e-02
-7.465046644210815430e-01 -2.230329215526580811e-01 -5.388247966766357422e-01
1.066164255142211914e+00 2.502155900001525879e-01 7.194702625274658203e-01
4.511263668537139893e-01 1.249637901782989502e-01 3.107395172119140625e-01
3.531439304351806641e-01 -1.129262566566467285e+00 -1.027607023715972900e-01
1.301746726036071777e+00 1.774794578552246094e+00 -2.023978829383850098e-01
1.399068951606750488e+00 1.013495564460754395e+00 -2.312449216842651367e-01
9.383805394172668457e-01 1.349441707134246826e-01 6.959871947765350342e-02
7.654430270195007324e-01 9.618238806724548340e-01 2.498153150081634521e-01
7.465159296989440918e-01 3.539874553680419922e-01 7.525963187217712402e-01
2.755563855171203613e-01 -7.031179070472717285e-01 -8.900424242019653320e-01
6.979929804801940918e-01 1.603863388299942017e-01 -1.598668396472930908e-01
-5.242430567741394043e-01 -2.111685127019882202e-01 -5.416148304939270020e-01
4.742368757724761963e-01 2.058929502964019775e-01 -4.328637719154357910e-01
6.376621723175048828e-01 2.115612775087356567e-01 -5.838207006454467773e-01
-7.543926239013671875e-01 -2.333371713757514954e-02 -1.043330073356628418e+00
3.011219203472137451e-02 -1.582257896661758423e-01 4.340937593951821327e-04
-6.070821881294250488e-01 4.463092684745788574e-01 -1.810944557189941406e+00
-8.515360355377197266e-01 -5.006088018417358398e-01 9.970183968544006348e-01
-3.266567289829254150e-01 6.248243451118469238e-01 7.919541597366333008e-01
4.475517868995666504e-01 7.714956998825073242e-01 1.038758635520935059e+00
-6.875086426734924316e-01 2.468313276767730713e-01 2.907409667968750000e-01
1.584373354911804199e+00 -6.882995963096618652e-01 8.933740854263305664e-01
1.396812915802001953e+00 1.510793864727020264e-01 -4.851981699466705322e-01
1.401012420654296875e+00 1.549493968486785889e-01 -4.876823723316192627e-01
1.400872230529785156e+00 1.559317111968994141e-01 -4.883622527122497559e-01
1.421515583992004395e+00 1.570085585117340088e-01 -4.051147699356079102e-01
1.417139410972595215e+00 1.589837819337844849e-01 -4.019127190113067627e-01
1.677182435989379883e+00 4.761985838413238525e-01 -6.361654996871948242e-01
1.546234011650085449e+00 5.584329962730407715e-01 -7.806587219238281250e-01
2.427762746810913086e+00 -6.681820154190063477e-01 3.181239962577819824e-01
1.634749293327331543e+00 3.610405921936035156e-01 -1.118575811386108398e+00
5.990343540906906128e-02 1.429357230663299561e-01 -8.253341317176818848e-01
-4.898098111152648926e-01 -5.503622293472290039e-01 -2.212287187576293945e-01
1.495835185050964355e+00 7.523597031831741333e-02 -1.659399271011352539e-01
1.324904203414916992e+00 -1.110391020774841309e-01 -1.448152810335159302e-01
1.975080847740173340e+00 4.485357403755187988e-01 -6.442135572433471680e-01
1.958706855773925781e+00 4.307418167591094971e-01 -6.345161199569702148e-01
1.581513762474060059e+00 9.586207270622253418e-01 -6.153892278671264648e-01
1.692590236663818359e+00 8.516784310340881348e-01 -4.569303691387176514e-01
1.022719144821166992e+00 -2.246816605329513550e-01 -4.492672979831695557e-01
7.219085097312927246e-01 2.079781740903854370e-01 -1.029494762420654297e+00
2.057441711425781250e+00 3.898781836032867432e-01 4.209149777889251709e-01
1.486850142478942871e+00 4.225836396217346191e-01 -1.102433279156684875e-01
1.166167736053466797e+00 4.155179262161254883e-01 -3.027248978614807129e-01
5.269491076469421387e-01 -6.132897734642028809e-01 -2.444854825735092163e-01
7.260832190513610840e-01 -8.277587294578552246e-01 8.121448755264282227e-02
9.354810714721679688e-01 -1.908538639545440674e-01 -3.595480322837829590e-01
-7.818155288696289062e-01 -7.195451259613037109e-01 -1.025748997926712036e-02
1.797495841979980469e+00 1.822039633989334106e-01 -2.762972116470336914e-01
1.794930934906005859e+00 1.484107077121734619e-01 -2.666477262973785400e-01
9.296276569366455078e-01 1.060277372598648071e-01 5.713075399398803711e-01
-6.604261398315429688e-01 1.082602858543395996e+00 -2.481807023286819458e-01
7.443604469299316406e-01 2.936214804649353027e-01 -9.838180541992187500e-01
3.422570526599884033e-01 -1.511517524719238281e+00 -4.732423722743988037e-01
1.282327055931091309e+00 -1.648994088172912598e-01 -2.158452868461608887e-01
1.191840410232543945e+00 -1.680396497249603271e-02 -2.033686637878417969e-01
5.662903785705566406e-01 -9.199176728725433350e-02 -1.128226399421691895e+00
1.412855029106140137e+00 -4.491699039936065674e-01 -7.756212353706359863e-02
1.144533157348632812e+00 -1.512930989265441895e+00 5.193557739257812500e-01
4.589635431766510010e-01 -1.625976562500000000e-01 -8.053956627845764160e-01
-1.356256306171417236e-01 -1.028927803039550781e+00 -2.710905075073242188e-01
-5.457795411348342896e-02 -1.011188268661499023e+00 -2.376009523868560791e-01
2.294758081436157227e+00 -1.157201290130615234e+00 8.480814099311828613e-02
2.189726829528808594e+00 -7.670491933822631836e-01 -2.918610870838165283e-01
2.113041877746582031e+00 9.133101701736450195e-01 -1.063982963562011719e+00
2.075489759445190430e+00 1.032428860664367676e+00 -1.180352330207824707e+00
1.405764341354370117e+00 3.532606363296508789e-01 -5.833435654640197754e-01
1.385340690612792969e+00 3.777424395084381104e-01 -6.260883212089538574e-01
1.304153323173522949e+00 5.891783908009529114e-02 -5.348094105720520020e-01
1.105930209159851074e+00 2.187794595956802368e-01 -8.283237814903259277e-01
1.781805634498596191e+00 4.609444141387939453e-01 -5.310628414154052734e-01
1.665517926216125488e+00 5.025668740272521973e-01 -7.006403207778930664e-01
2.106890678405761719e+00 1.731456816196441650e-02 3.073736429214477539e-01
1.035960674285888672e+00 2.024020552635192871e-01 -3.982599079608917236e-01
1.060930728912353516e+00 2.215961068868637085e-01 -3.766606748104095459e-01
6.357548832893371582e-01 -4.182792007923126221e-01 -7.116566300392150879e-01
1.887906193733215332e-01 2.464377731084823608e-01 -1.654093742370605469e+00
2.026550769805908203e+00 -5.109855532646179199e-01 4.517312347888946533e-01
4.051416218280792236e-01 8.616783618927001953e-01 -1.958402633666992188e+00
5.417364239692687988e-01 1.949841380119323730e-01 -1.333201050758361816e+00
6.828957200050354004e-01 1.394343137741088867e+00 -2.138462305068969727e+00
1.282841086387634277e+00 -1.281151473522186279e-01 -3.646637201309204102e-01
1.896312475204467773e+00 7.591348886489868164e-01 -1.039834260940551758e+00
1.717980384826660156e+00 1.153768301010131836e+00 -1.537865757942199707e+00
1.776444196701049805e+00 6.137343049049377441e-01 -1.007121443748474121e+00
-7.282467484474182129e-01 1.328655004501342773e+00 -8.238610029220581055e-01
1.651866316795349121e+00 -4.409964382648468018e-01 3.022101819515228271e-01
3.869681954383850098e-01 3.930168449878692627e-01 -5.028261542320251465e-01
1.402814030647277832e+00 4.166868329048156738e-01 -8.677892088890075684e-01
1.418092370033264160e+00 1.174853563308715820e+00 -1.798883199691772461e+00
1.531542658805847168e+00 3.471285998821258545e-01 -9.891419410705566406e-01
1.505857110023498535e+00 6.722151041030883789e-01 -1.300593614578247070e+00
1.301615118980407715e+00 5.221911668777465820e-01 -8.653375506401062012e-02
1.061327815055847168e+00 -3.475604057312011719e-01 -2.530793845653533936e-01
6.995733976364135742e-01 -7.892558574676513672e-01 1.620461791753768921e-02
4.247039556503295898e-01 -5.491279363632202148e-01 -4.256268143653869629e-01
5.844473242759704590e-01 1.185319781303405762e+00 1.619959771633148193e-01
-5.577806830406188965e-01 -5.895701050758361816e-01 -1.054588794708251953e+00
1.590249687433242798e-01 3.600487858057022095e-02 -1.412763714790344238e+00
1.591137647628784180e-01 -7.584573030471801758e-01 1.647338271141052246e+00
1.465049982070922852e+00 1.624510586261749268e-01 -4.269269406795501709e-01
1.424403071403503418e+00 2.272557020187377930e-01 -4.952334463596343994e-01
9.517628550529479980e-01 -1.105580210685729980e+00 1.973258852958679199e-01
-8.610877990722656250e-01 -2.119101762771606445e+00 -4.267831742763519287e-01
4.979224801063537598e-01 2.847773134708404541e-01 2.050667762756347656e+00
-1.344291269779205322e-01 -7.869902253150939941e-01 -5.452164411544799805e-01
-8.439589738845825195e-01 8.828598856925964355e-01 2.403792440891265869e-01
5.133018493652343750e-01 -3.569394052028656006e-01 -1.108851790428161621e+00
7.125419378280639648e-01 -1.043125465512275696e-01 6.273930072784423828e-01
-1.251767396926879883e+00 5.537961125373840332e-01 3.409184515476226807e-01
1.121446728706359863e+00 -3.052464425563812256e-01 -5.499417781829833984e-01
1.379771947860717773e+00 -4.320441484451293945e-01 -2.087664902210235596e-01
-8.655970543622970581e-02 5.918719172477722168e-01 -2.154172182083129883e+00
-5.710593461990356445e-01 -1.906581073999404907e-01 -8.741325139999389648e-01
5.382877588272094727e-01 -3.604777753353118896e-01 -9.225026965141296387e-01
-3.726190030574798584e-01 -2.838733196258544922e-01 9.748069643974304199e-01
7.663644552230834961e-01 -3.220694363117218018e-01 -4.720033407211303711e-01
1.152007699012756348e+00 -4.063656926155090332e-01 -4.451529085636138916e-01
8.086636662483215332e-01 1.124150395393371582e+00 -8.537011742591857910e-01
-1.599378734827041626e-01 2.472698539495468140e-01 -6.501622200012207031e-01
-9.194476529955863953e-03 -1.786733716726303101e-01 -1.403830945491790771e-01
5.353119373321533203e-01 1.845963858067989349e-02 5.595726966857910156e-01
1.296515941619873047e+00 -3.677224218845367432e-01 -5.129155516624450684e-01
1.264189720153808594e+00 -3.462166786193847656e-01 -5.702233314514160156e-01
7.530122995376586914e-01 1.707124561071395874e-01 2.756551206111907959e-01
8.720818161964416504e-01 -2.231962531805038452e-01 -1.430627554655075073e-01
4.344489872455596924e-01 -1.466807574033737183e-01 -4.662524759769439697e-01
1.286167263984680176e+00 -1.185520052909851074e+00 1.007995486259460449e+00
7.219542860984802246e-01 -8.642445802688598633e-01 2.635055966675281525e-02
-8.696305751800537109e-02 3.812780380249023438e-01 7.159107923507690430e-01
1.974136948585510254e+00 7.714030742645263672e-01 -1.044650197029113770e+00
1.980605483055114746e+00 7.600771784782409668e-01 -1.022661089897155762e+00
1.713251233100891113e+00 1.461038291454315186e-01 -1.297905087471008301e+00
2.074618101119995117e+00 -1.565168648958206177e-01 -7.443037033081054688e-01
1.451878696680068970e-01 -8.158704042434692383e-01 -1.191380977630615234e+00
2.506306886672973633e+00 6.521465778350830078e-01 -4.809118807315826416e-01
2.322244405746459961e+00 5.986354351043701172e-01 -8.915228247642517090e-01
2.221057891845703125e+00 6.990851759910583496e-01 -1.032808899879455566e+00
1.836884498596191406e+00 9.759359955787658691e-01 -1.062780022621154785e+00
1.842828631401062012e+00 9.460363984107971191e-01 -1.023670673370361328e+00
8.730846643447875977e-01 2.504099905490875244e-01 -9.911410510540008545e-02
-1.462898015975952148e+00 1.554010868072509766e+00 1.505151689052581787e-01
2.270575761795043945e+00 3.235429823398590088e-01 -5.638058185577392578e-01
1.383478522300720215e+00 7.413558959960937500e-01 -1.609261393547058105e+00
9.996687173843383789e-01 -1.215279400348663330e-01 -5.292308926582336426e-01
1.168073296546936035e+00 3.732844442129135132e-02 -7.070758938789367676e-01
-4.060159623622894287e-01 -1.155843377113342285e+00 -9.297756552696228027e-01
1.417980074882507324e+00 9.473904222249984741e-02 -7.985830903053283691e-01
1.314344048500061035e+00 -6.740224361419677734e-01 -7.368584275245666504e-01
1.021244287490844727e+00 -1.161820366978645325e-01 -7.695059478282928467e-02
-1.037773609161376953e+00 -5.951437354087829590e-01 5.722147226333618164e-01
-1.460130929946899414e+00 -5.726233720779418945e-01 1.864506304264068604e-01
6.240077018737792969e-01 -6.991945505142211914e-01 4.092462062835693359e-01
4.398277997970581055e-01 2.104515790939331055e+00 1.562841832637786865e-01
3.023200929164886475e-01 3.101530075073242188e-01 -4.285967946052551270e-01
-1.341312885284423828e+00 -9.611720442771911621e-01 -4.401272162795066833e-02
-1.449877738952636719e+00 -6.954998970031738281e-01 3.932879269123077393e-01
6.781118512153625488e-01 5.659096240997314453e-01 -4.087527096271514893e-02
5.202645659446716309e-01 -1.965100616216659546e-01 -5.076162815093994141e-01
-1.481039404869079590e+00 -8.117544651031494141e-01 5.293053984642028809e-01
-6.053880453109741211e-01 -7.176765203475952148e-01 1.190285682678222656e+00
-1.450131177902221680e+00 -2.679018974304199219e-01 -2.459783405065536499e-01
-1.018532991409301758e+00 -1.133500456809997559e+00 1.359606504440307617e+00
1.001890063285827637e+00 -3.324861228466033936e-01 -1.581164002418518066e-01
-1.890954971313476562e-01 3.076311349868774414e-01 -3.120034001767635345e-02
-2.967154979705810547e-01 1.516739130020141602e-01 -1.521273970603942871e+00
1.204731941223144531e+00 5.228901747614145279e-03 1.491431146860122681e-01
-1.085498556494712830e-01 5.922887325286865234e-01 8.045033812522888184e-01
3.324591815471649170e-01 1.627027034759521484e+00 -1.313756108283996582e+00
-3.440270721912384033e-01 -1.842292696237564087e-01 -8.258150815963745117e-01
6.889317035675048828e-01 -7.576442360877990723e-01 -1.538105458021163940e-01
9.734761714935302734e-01 -9.280020594596862793e-01 7.824941277503967285e-01
3.401827514171600342e-01 6.626454740762710571e-02 -1.415091603994369507e-01
-1.414807885885238647e-01 -7.685393095016479492e-02 1.197508335113525391e+00
4.435093104839324951e-01 -1.272561788558959961e+00 8.542098999023437500e-01
-5.283188819885253906e-01 -6.124781370162963867e-01 -4.685609042644500732e-01
5.254499316215515137e-01 1.253262877464294434e+00 -3.802896738052368164e-01
-4.980250895023345947e-01 -6.092566847801208496e-01 -8.301300406455993652e-01
-1.437459468841552734e+00 -6.531161069869995117e-01 4.830741584300994873e-01
6.944633126258850098e-01 4.811060428619384766e-01 -6.604485511779785156e-01
5.523805618286132812e-01 2.887135744094848633e-01 -6.623340845108032227e-01
2.109742611646652222e-01 8.615468740463256836e-01 1.585925459861755371e+00
-5.541524291038513184e-01 -7.516990303993225098e-01 -7.792639136314392090e-01
-1.473581045866012573e-01 -4.909877479076385498e-01 -7.401956319808959961e-01
9.332714676856994629e-01 6.425117701292037964e-02 2.651933431625366211e-01
-5.934053100645542145e-03 7.330726981163024902e-01 3.783002197742462158e-01
1.219747588038444519e-02 -8.657079935073852539e-02 1.763801217079162598e+00
1.212666273117065430e+00 1.439287960529327393e-01 -1.410491019487380981e-01
1.213862538337707520e+00 1.513072550296783447e-01 -1.437139064073562622e-01
7.799214124679565430e-01 -1.146849155426025391e+00 2.795931398868560791e-01
2.238422632217407227e-01 -1.158603191375732422e+00 1.901111798360943794e-03
-8.003361821174621582e-01 -1.929378658533096313e-01 -6.192874908447265625e-01
6.503738462924957275e-02 -1.155817151069641113e+00 1.266934722661972046e-01
-1.180797815322875977e+00 -6.921850442886352539e-01 -9.310294687747955322e-02
1.041510462760925293e+00 1.816975116729736328e+00 -1.452803254127502441e+00
9.076950140297412872e-03 5.111474990844726562e-01 -1.220902130007743835e-01
6.360727548599243164e-01 -1.060454130172729492e+00 6.295207142829895020e-02
-4.729708433151245117e-01 -1.317133784294128418e+00 -7.153263688087463379e-01
4.973189830780029297e-01 3.879086971282958984e-01 -1.874957829713821411e-01
7.492329478263854980e-01 -7.798251509666442871e-01 -6.533729434013366699e-01
1.147452235221862793e+00 -1.742926001548767090e+00 9.400077462196350098e-01
9.294232130050659180e-01 -1.177436232566833496e+00 -5.134761929512023926e-01
-1.705512046813964844e+00 -1.162194252014160156e+00 -6.224439144134521484e-01
-9.644682407379150391e-01 -7.674230933189392090e-01 -4.579348117113113403e-02
-3.807995319366455078e-01 1.004695057868957520e+00 -2.111437469720840454e-01
-7.178840637207031250e-01 -1.015119254589080811e-01 -2.161409378051757812e+00
3.752914071083068848e-02 -1.405174970626831055e+00 -4.373757541179656982e-01
2.000292688608169556e-01 -9.579376578330993652e-01 -8.924267888069152832e-01
-1.818178147077560425e-01 -1.247383117675781250e+00 2.521004378795623779e-01
-1.241648316383361816e+00 -6.754259467124938965e-01 -4.962808489799499512e-01
8.493090867996215820e-01 -4.416070580482482910e-01 -5.985528230667114258e-01
1.504757404327392578e+00 5.795232653617858887e-01 -7.880749106407165527e-01
3.635641634464263916e-01 -1.562250852584838867e-01 -6.202960610389709473e-01
-7.982093095779418945e-01 -1.382227301597595215e+00 -3.006407320499420166e-01
2.498216368257999420e-02 -9.949119687080383301e-01 3.843694627285003662e-01
5.639516115188598633e-01 -4.954884052276611328e-01 -2.198762446641921997e-01
1.074851751327514648e+00 -1.222035169601440430e+00 3.535472452640533447e-01
1.971812248229980469e-01 -2.494827359914779663e-01 1.009369939565658569e-01
1.169209122657775879e+00 -3.426975011825561523e-01 1.871373057365417480e-01
-6.602581739425659180e-01 -7.802431583404541016e-01 -9.460365772247314453e-01
-1.285458803176879883e-01 9.600872993469238281e-01 3.561733663082122803e-01
2.395578324794769287e-01 -1.272271752357482910e+00 2.064990065991878510e-02
-5.455855727195739746e-01 5.825531482696533203e-01 5.394927784800529480e-02
1.268475532531738281e+00 -3.363647265359759331e-03 -1.492055535316467285e+00
-1.050539851188659668e+00 -1.907978057861328125e+00 5.137990713119506836e-01
-5.709297060966491699e-01 -1.437590479850769043e+00 -5.768916010856628418e-01
1.274177908897399902e+00 -1.235325336456298828e+00 6.626276373863220215e-01
-2.141032516956329346e-01 -1.415573358535766602e+00 -3.537634015083312988e-01
4.399507045745849609e-01 -8.510794639587402344e-01 1.101249217987060547e+00
-7.504306435585021973e-01 -1.276886165142059326e-01 -1.143090963363647461e+00
-7.308713793754577637e-01 4.607895761728286743e-02 1.505522429943084717e-01
1.467972517013549805e+00 3.394163846969604492e-01 -1.232026591897010803e-01
1.466897964477539062e+00 3.419297337532043457e-01 -1.168148741126060486e-01
1.455966711044311523e+00 8.499990105628967285e-01 -8.861673623323440552e-02
1.491073727607727051e+00 5.938271284103393555e-01 1.442546397447586060e-01
-2.685011923313140869e-01 -7.122493982315063477e-01 -4.430618584156036377e-01
1.686687350273132324e+00 -4.143335223197937012e-01 1.944684833288192749e-01
-2.262135036289691925e-02 -9.382138848304748535e-01 -7.560889720916748047e-01
-1.052926063537597656e+00 5.600740909576416016e-01 -7.243908643722534180e-01
1.262955069541931152e+00 5.053319036960601807e-02 1.569474488496780396e-02
1.293372750282287598e+00 2.386019378900527954e-02 6.254481524229049683e-02
2.121837854385375977e+00 1.160541534423828125e+00 -6.900490522384643555e-01
2.124325037002563477e+00 7.630243301391601562e-01 -4.154838919639587402e-01
1.046006679534912109e+00 3.005895018577575684e-01 -4.376232624053955078e-01
-4.703776538372039795e-01 8.968647122383117676e-01 -1.566183328628540039e+00
1.121942162513732910e+00 4.489549398422241211e-01 -7.195238471031188965e-01
1.630500555038452148e-01 -6.235043406486511230e-01 -5.651689767837524414e-01
9.344400763511657715e-01 -4.150962829589843750e-01 8.224288374185562134e-02
5.164952874183654785e-01 -4.540478289127349854e-01 1.614158153533935547e-01
8.197419643402099609e-01 -3.819649815559387207e-01 -1.646744757890701294e-01
-3.091743290424346924e-01 -8.795339465141296387e-01 4.278962314128875732e-01
-4.109276533126831055e-01 -5.685692429542541504e-01 -6.634632945060729980e-01
9.772521257400512695e-01 -1.390653014183044434e+00 7.559488415718078613e-01
-1.951931565999984741e-01 -4.859399497509002686e-01 -1.876201480627059937e-01
1.367403566837310791e-02 -9.381211400032043457e-01 2.456779964268207550e-02
8.188124895095825195e-01 5.588871836662292480e-01 -7.191123962402343750e-01
-4.218875765800476074e-01 9.630108252167701721e-03 -1.398102402687072754e+00
-1.235791206359863281e+00 -1.700570940971374512e+00 -4.659784436225891113e-01
-5.925113558769226074e-01 -1.952381253242492676e+00 3.562713563442230225e-01
9.623377919197082520e-01 1.004824042320251465e+00 -1.167624235153198242e+00
9.832254648208618164e-01 4.819561839103698730e-01 -7.324234247207641602e-01
1.245689392089843750e+00 -4.029330015182495117e-01 -3.356787860393524170e-01
1.626158118247985840e+00 -6.014930009841918945e-01 7.518042623996734619e-02
-7.276310324668884277e-01 -7.801538705825805664e-01 -1.870727896690368652e+00
1.321892857551574707e+00 -3.892150521278381348e-01 -8.310879468917846680e-01
1.143419384956359863e+00 -3.097407519817352295e-01 -1.031708240509033203e+00
1.662987351417541504e+00 9.309083223342895508e-02 -3.413051068782806396e-01
-2.845156192779541016e-01 8.540008664131164551e-01 7.218223810195922852e-02
-1.163426637649536133e+00 2.922762334346771240e-01 7.991740703582763672e-01
6.766883134841918945e-01 -6.190112233161926270e-01 -1.522350013256072998e-01
-1.228496193885803223e+00 -2.704083919525146484e-01 -1.088126301765441895e+00
8.719123899936676025e-02 -4.413372874259948730e-01 -5.317383408546447754e-01
-9.387295246124267578e-01 -1.909381598234176636e-01 -6.948781013488769531e-01
1.062881708145141602e+00 1.127725124359130859e+00 -2.033150672912597656e+00
9.791886210441589355e-01 1.426805555820465088e-01 -1.219672679901123047e+00
1.227728366851806641e+00 -4.821228384971618652e-01 4.095650613307952881e-01
1.817582100629806519e-01 -2.404223978519439697e-01 -7.437685132026672363e-01
1.557279467582702637e+00 -8.676587603986263275e-03 2.452465891838073730e-02
5.817791819572448730e-01 6.190285831689834595e-02 -5.084243416786193848e-01
4.821625947952270508e-01 -1.541049331426620483e-01 -4.094815254211425781e-01
5.243777036666870117e-01 4.325118958950042725e-01 -8.910713791847229004e-01
1.813830614089965820e+00 -3.202062547206878662e-01 1.705744862556457520e-02
1.727584242820739746e+00 -2.043565660715103149e-01 -2.860016524791717529e-01
-1.024029850959777832e+00 -6.384836435317993164e-01 -2.046731472015380859e+00
-3.457742631435394287e-01 4.360794126987457275e-01 1.504037141799926758e+00
-9.392205476760864258e-01 4.391331970691680908e-01 -1.956996880471706390e-02
-8.229006528854370117e-01 -2.368505001068115234e+00 1.313677191734313965e+00
3.353112339973449707e-01 -1.065567374229431152e+00 -3.317362964153289795e-01
1.100173830986022949e+00 -1.041550636291503906e+00 -2.113494724035263062e-01
1.051583886146545410e+00 -1.663750559091567993e-01 -1.003686666488647461e+00
9.402621984481811523e-01 -1.443095952272415161e-01 -7.752803564071655273e-01
-6.839769482612609863e-01 -8.171780109405517578e-01 4.609147012233734131e-01
-3.193754255771636963e-01 3.751470148563385010e-01 8.338066935539245605e-01
-3.861799538135528564e-01 -4.425775259733200073e-02 -1.004795193672180176e+00
6.251279711723327637e-01 6.236169338226318359e-01 -5.996667146682739258e-01
7.569519877433776855e-01 1.186902672052383423e-01 -7.419082522392272949e-01
8.415613770484924316e-01 -1.096551299095153809e+00 5.574077367782592773e-01
3.974529504776000977e-01 -3.398291766643524170e-01 -1.559574306011199951e-01
-5.308591723442077637e-01 -4.149667918682098389e-01 -4.683060050010681152e-01
1.448518276214599609e+00 7.268387079238891602e-02 5.265894532203674316e-01
3.036664426326751709e-01 -7.676199078559875488e-02 -3.189342617988586426e-01
6.574946045875549316e-01 -1.041357517242431641e-01 4.308772981166839600e-01
1.949579566717147827e-01 6.368566155433654785e-01 1.079609751701354980e+00
-1.206128522753715515e-01 -3.629388213157653809e-01 8.024227023124694824e-01
9.853463768959045410e-01 -2.752996981143951416e-01 1.726262122392654419e-01
1.086105585098266602e+00 -3.059527575969696045e-01 -2.579070329666137695e-01
1.492033839225769043e+00 -2.963206768035888672e-01 4.421081021428108215e-02
8.586326837539672852e-01 -3.424514234066009521e-01 3.886410593986511230e-01
8.060310482978820801e-01 -3.129686117172241211e-01 3.174957633018493652e-01
8.698131442070007324e-01 2.171952277421951294e-01 -1.179040908813476562e+00
9.492965340614318848e-01 2.675589174032211304e-02 -9.761607646942138672e-01
9.799796938896179199e-01 -1.619312316179275513e-01 -2.757363617420196533e-01
1.412786245346069336e+00 -3.054508566856384277e-01 1.047835350036621094e-01
1.149956703186035156e+00 3.591420352458953857e-01 -6.353976130485534668e-01
1.141266822814941406e+00 -2.612437307834625244e-01 2.563177049160003662e-02
9.126440286636352539e-01 6.361368894577026367e-01 -8.342722058296203613e-01
1.639744043350219727e-01 -5.141860246658325195e-01 -7.358968853950500488e-01
-9.930942654609680176e-01 -1.268178701400756836e+00 -1.042514324188232422e+00
1.127886176109313965e+00 -3.421421051025390625e-01 1.648766547441482544e-01
-1.167587995529174805e+00 -3.611528277397155762e-01 -9.449353814125061035e-01
-1.042533159255981445e+00 -4.884626567363739014e-01 -6.868666410446166992e-01
-2.143944948911666870e-01 -1.223230212926864624e-01 -8.039084076881408691e-01
-2.332710325717926025e-01 -8.681226968765258789e-01 2.454786598682403564e-01
-6.132400631904602051e-01 -8.126214146614074707e-01 5.662859231233596802e-02
-2.859894335269927979e-01 6.570656299591064453e-01 1.742713004350662231e-01
-4.018885493278503418e-01 3.514403104782104492e-01 -2.664844393730163574e-01
7.688236236572265625e-01 2.585641145706176758e-01 3.179063796997070312e-01
1.366152763366699219e+00 6.681849956512451172e-01 -4.819816350936889648e-01
7.074041366577148438e-01 1.914337575435638428e-01 1.349373608827590942e-01
-2.106034755706787109e-01 1.100793123245239258e+00 4.386155009269714355e-01
6.749475002288818359e-01 2.392350435256958008e-01 -9.050863236188888550e-02
5.813785791397094727e-01 -8.672007322311401367e-01 7.472210526466369629e-01
1.396808981895446777e+00 5.681664943695068359e-01 -2.321351319551467896e-01
1.390449881553649902e+00 5.737453699111938477e-01 -2.403946518898010254e-01
1.327323317527770996e+00 5.145868062973022461e-01 -2.257986366748809814e-01
1.783065199851989746e+00 3.645989596843719482e-01 9.944900125265121460e-02
1.506244301795959473e+00 4.950480461120605469e-01 -1.736611276865005493e-01
5.377182960510253906e-01 1.492012381553649902e+00 -1.657451391220092773e+00
-3.056161999702453613e-01 1.567104160785675049e-01 -4.490071833133697510e-01
4.468176662921905518e-01 -1.041333675384521484e+00 -4.821548983454704285e-02
6.170966625213623047e-01 -6.210985034704208374e-02 -5.063108205795288086e-01
1.572935342788696289e+00 5.528088212013244629e-01 -8.287882208824157715e-01
-3.122438192367553711e-01 1.261812597513198853e-01 -1.581250429153442383e-01
6.463305950164794922e-01 -5.532275438308715820e-01 -1.999568007886409760e-02
1.450824379920959473e+00 -9.111844748258590698e-02 -4.598529934883117676e-01
1.433289289474487305e+00 1.180809140205383301e+00 -1.533831834793090820e+00
1.414465188980102539e+00 -5.185835957527160645e-01 -3.072791993618011475e-01
-1.426073312759399414e+00 -2.991660833358764648e-01 1.448332965373992920e-01
4.174598157405853271e-01 1.409418433904647827e-01 -9.605976343154907227e-01
1.556604743003845215e+00 1.487896442413330078e+00 -1.122888803482055664e+00
1.052477240562438965e+00 1.471698999404907227e+00 -1.642323851585388184e+00
2.481807470321655273e-01 2.611365616321563721e-01 -1.590474247932434082e+00
1.661799311637878418e+00 6.774716973304748535e-01 -7.650560736656188965e-01
3.272295892238616943e-01 -1.097398638725280762e+00 -3.782158493995666504e-01
9.595043659210205078e-01 -7.598773241043090820e-01 4.943980574607849121e-01
1.606503009796142578e+00 7.163176536560058594e-01 -8.363837599754333496e-01
5.733888149261474609e-01 -1.473776698112487793e-01 2.185560530051589012e-03
3.511969745159149170e-01 -7.285721302032470703e-01 2.457541078329086304e-01
8.684555292129516602e-01 7.408707141876220703e-01 -4.235071539878845215e-01
1.929300874471664429e-01 -6.781274080276489258e-01 -9.686328768730163574e-01
1.151963949203491211e+00 -7.964160442352294922e-01 2.047913819551467896e-01
-4.151290655136108398e-01 -9.196394681930541992e-01 -4.320857524871826172e-01
-1.472537815570831299e-01 -6.365892887115478516e-01 -1.093427538871765137e+00
4.565090835094451904e-01 6.919541209936141968e-02 4.039238020777702332e-02
7.900678366422653198e-02 -2.382571250200271606e-01 -3.133528828620910645e-01
-3.819655179977416992e-01 4.119821358472108841e-03 1.013770222663879395e+00
8.118293285369873047e-01 1.162797510623931885e-01 1.852257847785949707e-01
-3.720324337482452393e-01 8.241172879934310913e-02 -6.685332059860229492e-01
-7.520957589149475098e-01 3.040501847863197327e-02 -1.092651367187500000e+00
-5.894743204116821289e-01 -8.947849273681640625e-01 -9.972569346427917480e-02
5.338368415832519531e-01 6.041853427886962891e-01 -8.618350327014923096e-02
-1.133410573005676270e+00 -1.058195680379867554e-01 1.090330779552459717e-01
6.689734291285276413e-03 -6.125139594078063965e-01 1.975188851356506348e-01
1.110532641410827637e+00 6.845527291297912598e-01 -4.322561025619506836e-01
8.403577804565429688e-01 -1.507398605346679688e+00 1.313894510269165039e+00
4.696891009807586670e-01 3.292370438575744629e-01 1.301604270935058594e+00
7.802104949951171875e-01 9.278767555952072144e-02 8.087325096130371094e-01
-2.032032251358032227e+00 -2.348527014255523682e-01 -6.256361305713653564e-02
-3.791524469852447510e-01 8.282597064971923828e-01 -6.352912783622741699e-01
4.417475685477256775e-02 7.612429261207580566e-01 -3.920786976814270020e-01
-7.176186442375183105e-01 2.892962694168090820e-01 9.936486184597015381e-02
4.556936621665954590e-01 4.151238799095153809e-01 -1.407266378402709961e+00
-8.542268276214599609e-01 -1.836784601211547852e+00 -6.555355191230773926e-01
-5.639961957931518555e-01 -3.722824454307556152e-01 -9.178126454353332520e-01
-7.097795605659484863e-02 1.662772446870803833e-01 6.854553818702697754e-01
1.538609992712736130e-02 -5.714643001556396484e-01 3.675609827041625977e-01
8.820720016956329346e-02 -1.377793073654174805e+00 -2.522947788238525391e-01
3.342562019824981689e-01 -1.513276219367980957e+00 7.804384827613830566e-02
1.657091379165649414e+00 -7.221462726593017578e-01 -6.556010842323303223e-01
-4.347728788852691650e-01 2.179834693670272827e-01 7.123819589614868164e-01
1.335854411125183105e+00 -1.032903432846069336e+00 -9.776181578636169434e-01
6.397183537483215332e-01 -6.004698872566223145e-01 -8.668355941772460938e-01
2.158617496490478516e+00 8.673730492591857910e-01 -1.387144207954406738e+00
1.763994693756103516e+00 8.588691800832748413e-02 -1.162297368049621582e+00
7.975261211395263672e-01 5.785658024251461029e-03 -8.630815148353576660e-01
1.937374919652938843e-01 7.769489884376525879e-01 -2.048346281051635742e+00
1.273901939392089844e+00 2.240068912506103516e-01 -7.024806737899780273e-01
-3.464976847171783447e-01 -1.661928653717041016e+00 8.488719165325164795e-02
8.429547548294067383e-01 -4.034635424613952637e-02 -8.989883661270141602e-01
1.018416166305541992e+00 -5.563231706619262695e-01 -3.332552313804626465e-01
1.059122800827026367e+00 -6.404735445976257324e-01 -2.365620732307434082e-01
7.011263966560363770e-01 -2.326113283634185791e-01 -3.345676362514495850e-01
-9.821411967277526855e-01 -7.758795022964477539e-01 1.381284832954406738e+00
7.596566081047058105e-01 -8.160849213600158691e-01 -2.248189598321914673e-01
3.815951049327850342e-01 1.902281790971755981e-01 8.757115602493286133e-01
1.000552058219909668e+00 4.482107460498809814e-01 -2.999841272830963135e-01
1.066972851753234863e+00 -1.161083579063415527e+00 -1.904189772903919220e-02
2.095608115196228027e-01 7.193978130817413330e-02 -3.145414590835571289e-01
-6.108180284500122070e-01 3.691475987434387207e-01 7.447344660758972168e-01
-1.134379148483276367e+00 -2.223159551620483398e+00 2.296901494264602661e-01
-5.075100660324096680e-01 -1.217983126640319824e+00 8.140630088746547699e-03
7.875859737396240234e-01 -2.462057918310165405e-01 4.503810778260231018e-02
-1.653849959373474121e+00 -9.617217779159545898e-01 -5.945002436637878418e-01
-2.741358280181884766e-01 -8.953435420989990234e-01 3.291829824447631836e-01
-1.347447633743286133e+00 -2.629234552383422852e+00 2.274551093578338623e-01
-1.155725479125976562e+00 -2.750905036926269531e+00 5.129857063293457031e-01
-9.562782049179077148e-01 -8.416311740875244141e-01 -6.983068585395812988e-01
-6.718085408210754395e-01 -8.450335264205932617e-01 -2.912599742412567139e-01
-1.606876254081726074e+00 -1.492912769317626953e+00 -5.630034804344177246e-01
7.350282073020935059e-01 -2.782984256744384766e+00 1.811383366584777832e+00
-1.200297117233276367e+00 -6.150032281875610352e-01 -6.775534152984619141e-01
-8.266628980636596680e-01 -2.623717069625854492e+00 7.928706407546997070e-01
-1.073482036590576172e-01 -1.762440443038940430e+00 4.286509156227111816e-01
-9.121353626251220703e-01 2.010549008846282959e-01 -4.185205698013305664e-01
-1.218902707099914551e+00 -1.043374061584472656e+00 -6.309565901756286621e-01
1.733077049255371094e+00 -4.678317606449127197e-01 4.414426684379577637e-01
1.327983140945434570e+00 -5.472978353500366211e-01 2.071122229099273682e-01
7.403179407119750977e-01 -8.935223221778869629e-01 9.567349404096603394e-02
6.426451206207275391e-01 9.835380315780639648e-02 -3.413513302803039551e-01
7.530032098293304443e-02 8.819370865821838379e-01 -1.686996340751647949e+00
4.803439974784851074e-01 -8.610042333602905273e-01 2.768889665603637695e-01
6.802925467491149902e-01 -1.176498174667358398e+00 -4.871813654899597168e-01
-3.325258791446685791e-01 2.940576076507568359e-01 -1.236059963703155518e-01
-8.973852992057800293e-01 -1.012274861335754395e+00 1.355820000171661377e-01
-6.239219903945922852e-01 -2.280420958995819092e-01 4.904197156429290771e-01
8.551545143127441406e-01 -2.827043831348419189e-01 -3.294319808483123779e-01
6.408841609954833984e-01 -1.147026181221008301e+00 -1.758273392915725708e-01
1.508544236421585083e-01 -3.455788195133209229e-01 -1.234457850456237793e+00
-1.395987868309020996e+00 -1.122662186622619629e+00 -1.969532012939453125e+00
8.357968330383300781e-01 -6.075194478034973145e-01 -9.683412313461303711e-02
1.369118213653564453e+00 -2.442531138658523560e-01 7.183138281106948853e-02
9.732807278633117676e-01 -8.922894001007080078e-01 2.704177200794219971e-01
-9.503318667411804199e-01 -5.516753196716308594e-01 -1.435206651687622070e+00
1.130694627761840820e+00 -3.040352761745452881e-01 -3.889814317226409912e-01
-5.988767147064208984e-01 -1.171544343233108521e-01 1.194127440452575684e+00
-3.375532627105712891e-01 -4.423658251762390137e-01 -3.400545120239257812e-01
1.819710135459899902e+00 -5.977647304534912109e-01 -5.132218003273010254e-01
1.242254018783569336e+00 -4.803650677204132080e-01 -1.095270752906799316e+00
1.699726462364196777e+00 -1.145464405417442322e-01 -1.025856614112854004e+00
2.045635223388671875e+00 -5.188991427421569824e-01 -1.727012991905212402e-01
2.063094377517700195e+00 -3.088846504688262939e-01 -1.255616843700408936e-01
1.797704339027404785e+00 -1.045432329177856445e+00 5.306795355863869190e-05
9.826133400201797485e-02 7.324038743972778320e-01 -1.797836184501647949e+00
1.133605167269706726e-01 -8.440326154232025146e-02 -2.407149791717529297e+00
-1.231529474258422852e+00 -8.795329928398132324e-02 6.704319119453430176e-01
4.809713363647460938e-02 6.828639507293701172e-01 -9.729598462581634521e-02
7.891592383384704590e-01 -9.408719539642333984e-01 -1.345034122467041016e+00
3.039576411247253418e-01 -7.234818935394287109e-01 -1.743948936462402344e+00
-3.400014936923980713e-01 1.095038771629333496e+00 -7.493705153465270996e-01
-8.082246780395507812e-01 4.064670503139495850e-01 1.182967662811279297e+00
-3.284834325313568115e-01 -2.837045192718505859e-01 9.955770969390869141e-01
-8.386445641517639160e-01 5.629720687866210938e-01 7.648293972015380859e-01
-1.781370282173156738e+00 -1.173026800155639648e+00 -7.312465310096740723e-01
-1.465242981910705566e+00 -1.718018174171447754e+00 -1.319065690040588379e-01
-1.456918597221374512e+00 -1.729093432426452637e+00 -1.190241277217864990e-01
-4.636497795581817627e-01 -4.117166996002197266e-01 -2.686379551887512207e-01
-2.023907661437988281e+00 -8.980237841606140137e-01 -1.487603664398193359e+00
-3.375374376773834229e-01 -9.324302077293395996e-01 7.857317328453063965e-01
-2.891073822975158691e-01 -1.084833383560180664e+00 7.777779698371887207e-01
4.136294722557067871e-01 2.447034791111946106e-02 -4.886313676834106445e-01
2.666737735271453857e-01 -1.398960202932357788e-01 5.022801756858825684e-01
-1.884501129388809204e-01 3.713437616825103760e-01 5.484669208526611328e-01
-1.142257571220397949e+00 -2.015532970428466797e+00 -1.096502020955085754e-01
-1.135900139808654785e+00 -2.043002367019653320e+00 -1.000829041004180908e-01
-1.315270066261291504e+00 -1.989479899406433105e+00 -3.283484578132629395e-01
-4.302822649478912354e-01 -2.292438000440597534e-01 8.026242852210998535e-01
-1.461854338645935059e+00 -1.616336584091186523e+00 1.138635754585266113e+00
6.826613545417785645e-01 -7.934561371803283691e-01 -2.078000903129577637e-01
2.951036989688873291e-01 8.040404319763183594e-01 -1.272452175617218018e-01
-1.659267783164978027e+00 -1.026817440986633301e+00 5.221244096755981445e-01
-1.174460530281066895e+00 -7.462016344070434570e-01 7.333557009696960449e-01
-2.940339744091033936e-01 -7.942367196083068848e-01 -3.483320772647857666e-01
-5.162202119827270508e-01 -9.159304499626159668e-01 1.030477404594421387e+00
-1.100701838731765747e-01 -4.119418859481811523e-01 4.412361383438110352e-01
-1.146414782851934433e-02 1.896250396966934204e-01 -8.213033676147460938e-01
-1.081630945205688477e+00 -3.400633111596107483e-02 5.227534770965576172e-01
4.426984190940856934e-01 4.235562682151794434e-01 -7.062810659408569336e-01
-1.092228293418884277e+00 -1.075572848320007324e+00 5.774363875389099121e-01
-1.687993854284286499e-01 -2.129328727722167969e+00 2.060719728469848633e+00
-1.796475499868392944e-01 -7.146456241607666016e-01 6.554630398750305176e-01
-1.700356245040893555e+00 1.069543242454528809e+00 -2.083268165588378906e+00
-1.754728078842163086e+00 9.009410738945007324e-01 -1.992118597030639648e+00
-5.693595483899116516e-02 -1.775851696729660034e-01 -5.153228044509887695e-01
-2.127703726291656494e-01 1.200368523597717285e+00 -1.082915544509887695e+00
-1.971171736717224121e+00 1.120439648628234863e+00 -2.487231492996215820e+00
-1.806108117103576660e+00 1.220494389533996582e+00 -2.343156337738037109e+00
-1.897795557975769043e+00 1.334765911102294922e+00 -2.578105449676513672e+00
-2.357356846332550049e-01 1.221271827816963196e-01 -1.743728071451187134e-01
-4.716913104057312012e-01 -1.216697245836257935e-01 8.993593454360961914e-01
1.072296574711799622e-01 -1.159217238426208496e+00 -1.070686504244804382e-01
-1.025024890899658203e+00 1.415039598941802979e-01 7.504706382751464844e-01
2.018166303634643555e+00 4.720085263252258301e-01 -1.105500340461730957e+00
2.158673524856567383e+00 4.835257530212402344e-01 -1.010856270790100098e+00
2.380809307098388672e+00 1.799033433198928833e-01 -5.829950571060180664e-01
2.309442758560180664e+00 7.941359281539916992e-02 -5.429641604423522949e-01
2.341709613800048828e+00 3.475305140018463135e-01 -7.594245672225952148e-01
2.322439432144165039e+00 2.204327583312988281e-01 -6.531881690025329590e-01
2.193408250808715820e+00 3.201121091842651367e-01 -8.465389013290405273e-01
8.450017571449279785e-01 -8.355126380920410156e-01 1.347076416015625000e+00
-1.794423311948776245e-01 -1.179182767868041992e+00 -1.053749918937683105e+00
2.533673644065856934e-01 1.070036888122558594e-01 -5.258614197373390198e-02
1.781896114349365234e+00 1.062615156173706055e+00 -1.585675030946731567e-01
-1.145931839942932129e+00 -1.423130184412002563e-01 5.879576504230499268e-02
-6.069846749305725098e-01 -5.353534817695617676e-01 -3.700689077377319336e-01
-1.662412285804748535e-01 -6.119871735572814941e-01 7.228296995162963867e-02
-9.157963395118713379e-01 -3.618738353252410889e-01 -8.151149153709411621e-01
-6.258502006530761719e-01 -4.957211017608642578e-01 -3.575299680233001709e-01
-6.338382959365844727e-01 -4.415179193019866943e-01 -3.261758983135223389e-01
3.024135902523994446e-02 -1.077706456184387207e+00 8.879280090332031250e-01
-7.953945994377136230e-01 -1.202644482254981995e-01 -6.830132007598876953e-01
-6.912439465522766113e-01 -6.171030402183532715e-01 -3.697988688945770264e-01
4.795148074626922607e-01 2.416643872857093811e-02 -4.869446754455566406e-01
-1.897683888673782349e-01 -3.174836933612823486e-02 6.099953651428222656e-01
-1.842131763696670532e-01 -2.811852693557739258e-01 -2.693317532539367676e-01
-2.170953989028930664e+00 -9.501168727874755859e-01 1.612969875335693359e+00
-9.215770959854125977e-01 -1.693460464477539062e+00 6.043484210968017578e-01
