2.619749307632446289e-01 5.210963487625122070e-01 1.530303806066513062e-01 -1.807474941015243530e-01 1.403134614229202271e-01
6.801566481590270996e-02 1.954991459846496582e+00 -2.355172634124755859e-01 5.345426201820373535e-01 -1.025648832321166992e+00
6.054996848106384277e-01 -6.732470542192459106e-02 -5.681387782096862793e-01 1.786591410636901855e+00 -4.761606752872467041e-01
-1.484993398189544678e-01 -1.556123614311218262e+00 -1.093658059835433960e-01 1.850980281829833984e+00 4.966586455702781677e-02
5.284988135099411011e-02 4.592595398426055908e-01 3.340441882610321045e-01 1.000173687934875488e+00 -3.542767763137817383e-01
-1.438861340284347534e-01 1.383181065320968628e-01 8.835309743881225586e-01 4.665296673774719238e-01 -6.459411978721618652e-01
-1.871853023767471313e-01 1.553710848093032837e-01 -1.771043539047241211e-01 1.474893093109130859e+00 -6.182017326354980469e-01
-2.203764766454696655e-01 1.422923207283020020e-01 7.882387042045593262e-01 4.548149108886718750e-01 -6.703591346740722656e-01
-1.370183348655700684e+00 1.056001901626586914e+00 5.326928496360778809e-01 -1.459510445594787598e+00 -4.608973860740661621e-01
4.119168221950531006e-01 9.921303987503051758e-01 8.057432770729064941e-01 9.538815170526504517e-02 3.734974563121795654e-01
1.284638524055480957e+00 1.778209567070007324e+00 1.137929260730743408e-01 -1.090679049491882324e+00 -1.433102786540985107e-01
4.917865991592407227e-01 1.209576964378356934e+00 8.849678039550781250e-01 -6.812946796417236328e-01 -1.227531075477600098e+00
1.761015355587005615e-01 2.914812564849853516e+00 2.502823114395141602e+00 -1.482655644416809082e+00 -1.853861093521118164e+00
5.375540852546691895e-01 -3.368026316165924072e-01 -1.403434753417968750e+00 -1.733292192220687866e-01 3.786335587501525879e-01
-4.400645196437835693e-01 8.619033694267272949e-01 -7.266178727149963379e-01 7.360990643501281738e-01 1.475059390068054199e+00
1.213423609733581543e+00 1.027943491935729980e+00 -1.378624200820922852e+00 8.458930253982543945e-01 -8.069824576377868652e-01
1.204524397850036621e+00 3.373492062091827393e-01 -6.915670633316040039e-01 -6.404972076416015625e-01 4.397714138031005859e-01
1.095253229141235352e+00 2.298708200454711914e+00 -3.046794831752777100e-01 -3.079618811607360840e-01 -1.686861991882324219e+00
7.376497983932495117e-02 1.014457702636718750e+00 -7.889331877231597900e-02 -4.964806437492370605e-01 -2.804334402084350586e+00
3.206372559070587158e-01 6.988795995712280273e-01 5.030816420912742615e-02 4.487484395503997803e-01 8.807238340377807617e-01
-1.116593405604362488e-01 -1.493599176406860352e+00 5.650985836982727051e-01 9.513149857521057129e-01 -4.280593693256378174e-01
9.887018203735351562e-01 -1.364830017089843750e+00 -4.471790511161088943e-03 -5.176208019256591797e-01 1.716874688863754272e-01
4.654304981231689453e-01 1.192046284675598145e+00 1.612218618392944336e+00 1.017544388771057129e+00 -4.976564645767211914e-01
3.302818536758422852e-01 8.595837950706481934e-01 1.385093331336975098e+00 1.011385560035705566e+00 -5.822426080703735352e-01
4.936914145946502686e-01 5.908735394477844238e-01 7.367434501647949219e-01 1.381052136421203613e+00 -4.420630335807800293e-01
-2.576405182480812073e-02 7.220002412796020508e-01 9.623319506645202637e-01 4.685156345367431641e-01 -3.970348238945007324e-01
2.316222190856933594e-01 7.149736881256103516e-01 5.029445290565490723e-01 7.267926931381225586e-01 -1.434340476989746094e-01
5.514826178550720215e-01 1.752428114414215088e-01 4.730262458324432373e-01 -1.714208722114562988e+00 8.521656394004821777e-01
-5.101217627525329590e-01 -6.749941110610961914e-01 4.894055128097534180e-01 -9.924537688493728638e-02 -9.729477763175964355e-02
-5.771532058715820312e-01 -5.239490047097206116e-02 6.574190258979797363e-01 8.527686595916748047e-01 -1.099320769309997559e+00
-6.534066796302795410e-01 6.982986330986022949e-01 1.204350352287292480e+00 2.613796293735504150e-01 -9.993555545806884766e-01
1.105696201324462891e+00 1.197531938552856445e+00 4.348140954971313477e-01 -1.285870432853698730e+00 -1.135828375816345215e+00
-8.901414275169372559e-01 -4.269009232521057129e-01 1.481327295303344727e+00 6.165992617607116699e-01 1.239778041839599609e+00
-6.340020298957824707e-01 4.438120424747467041e-01 1.422736048698425293e+00 1.323793053627014160e+00 9.277111291885375977e-01
3.341114521026611328e-01 -1.019601464271545410e+00 6.177445128560066223e-02 8.135049939155578613e-01 -1.259293198585510254e+00
8.035355210304260254e-01 -7.472796440124511719e-01 4.206378459930419922e-01 9.602059423923492432e-02 -8.790658712387084961e-01
-1.100900024175643921e-01 7.461292147636413574e-01 1.395668983459472656e+00 -1.955781817436218262e+00 2.934431731700897217e-01
4.525355696678161621e-01 1.009923338890075684e+00 1.469023227691650391e+00 1.045057415962219238e+00 -4.428905546665191650e-01
8.157673478126525879e-01 1.541049718856811523e+00 1.397230982780456543e+00 7.157189249992370605e-01 2.915697544813156128e-02
4.548486471176147461e-01 5.918945670127868652e-01 -2.913742959499359131e-01 -4.166348576545715332e-01 2.639783620834350586e-01
1.331695556640625000e+00 1.136610507965087891e+00 -2.710914909839630127e-01 2.088258504867553711e+00 -1.850625395774841309e+00
1.505409330129623413e-01 -1.124492287635803223e-01 -1.414210349321365356e-01 1.894764780998229980e+00 -6.767520904541015625e-01
-3.011598587036132812e-01 -2.978076934814453125e-01 1.620444953441619873e-01 1.077982306480407715e+00 -1.081515669822692871e+00
-5.273060202598571777e-01 2.805530130863189697e-01 -2.295916900038719177e-02 -1.351089715957641602e+00 -2.543919980525970459e-01
4.981759786605834961e-01 1.189537048339843750e+00 3.241772353649139404e-01 -1.250503212213516235e-01 -5.167357325553894043e-01
1.226619005203247070e+00 -5.170301795005798340e-01 2.505505271255970001e-02 3.217618167400360107e-01 -3.948953747749328613e-01
-9.420010447502136230e-02 6.645626425743103027e-01 1.145050048828125000e+00 5.644198656082153320e-01 -4.074650108814239502e-01
-3.512130379676818848e-01 9.835137128829956055e-01 1.986376643180847168e+00 -1.488373160362243652e+00 -2.530071139335632324e-01
-2.394377440214157104e-01 3.603614866733551025e-01 9.143339395523071289e-01 4.572997689247131348e-01 -6.976667642593383789e-01
-3.856335282325744629e-01 5.079069137573242188e-01 9.615083336830139160e-01 1.531797766685485840e+00 2.556229829788208008e-01
-1.611495614051818848e+00 3.780249953269958496e-01 -9.222545027732849121e-01 -9.055610895156860352e-01 -5.786836147308349609e-01
2.801351547241210938e-01 -1.196784615516662598e+00 4.555370211601257324e-01 1.237512469291687012e+00 2.493534237146377563e-02
5.189834833145141602e-01 2.708031535148620605e-01 -3.138581752777099609e+00 -2.471018075942993164e+00 -1.342738509178161621e+00
8.150861263275146484e-01 -1.097384542226791382e-01 -5.873036384582519531e-01 8.221728354692459106e-02 6.856601834297180176e-01
-1.460954099893569946e-01 2.967817783355712891e-01 1.010426402091979980e+00 -2.317604541778564453e+00 5.897931456565856934e-01
2.672960758209228516e-01 7.809019684791564941e-01 5.917923897504806519e-02 6.550014019012451172e-01 1.565776586532592773e+00
1.248127818107604980e+00 1.246887683868408203e+00 -1.027555584907531738e+00 -1.827394008636474609e+00 -1.003567576408386230e+00
-1.002977013587951660e+00 -1.079395692795515060e-02 6.593134403228759766e-01 -6.016271710395812988e-01 1.947258114814758301e-01
6.600876450538635254e-01 1.339113354682922363e+00 7.374589443206787109e-01 -6.298431009054183960e-02 1.085798501968383789e+00
5.051245689392089844e-01 8.417944908142089844e-01 3.475057184696197510e-01 5.476372689008712769e-02 8.436809778213500977e-01
5.527505278587341309e-01 1.014831542968750000e+00 5.033026933670043945e-01 1.302603725343942642e-02 9.213214516639709473e-01
9.767516255378723145e-01 1.595399856567382812e+00 5.476586818695068359e-01 -8.798147737979888916e-02 1.284928560256958008e+00
7.587835788726806641e-01 1.184280514717102051e+00 4.017473459243774414e-01 -5.682053789496421814e-02 9.878496527671813965e-01
5.513876676559448242e-01 7.094800472259521484e-01 6.438838839530944824e-01 6.395586729049682617e-01 7.665691971778869629e-01
5.790607929229736328e-01 3.902866244316101074e-01 1.823558062314987183e-01 8.699536919593811035e-01 6.971479058265686035e-01
6.207181215286254883e-01 1.128192424774169922e+00 7.574753761291503906e-01 1.625363469123840332e+00 1.697853021323680878e-02
5.696634650230407715e-01 1.531711697578430176e+00 1.356357336044311523e+00 1.243322968482971191e+00 4.657303914427757263e-02
-2.838098704814910889e-01 -1.527428984642028809e+00 -1.279090523719787598e+00 1.049172878265380859e+00 -1.128497123718261719e+00
-2.158218994736671448e-03 2.040553838014602661e-03 1.318590760231018066e+00 4.989685118198394775e-01 -5.974043011665344238e-01
3.490975201129913330e-01 6.238108873367309570e-01 2.213430702686309814e-01 1.983610749244689941e+00 -4.717989265918731689e-01
9.088738560676574707e-01 1.867891192436218262e+00 5.682597756385803223e-01 9.713815450668334961e-01 5.629273653030395508e-01
-3.625824749469757080e-01 -1.056445538997650146e-01 9.289982318878173828e-01 1.600338220596313477e+00 1.814818382263183594e-01
-3.136487677693367004e-02 4.779461622238159180e-01 1.108433842658996582e+00 1.362894415855407715e+00 9.065017104148864746e-01
-4.823659658432006836e-01 1.247909426689147949e+00 1.136975646018981934e+00 -2.204570770263671875e-01 -2.966732978820800781e-01
-6.427517533302307129e-02 1.642598509788513184e+00 9.552763700485229492e-01 -2.439049184322357178e-01 2.024970352649688721e-01
1.032294988632202148e+00 1.842350482940673828e+00 5.275807976722717285e-01 1.344655394554138184e+00 6.497725248336791992e-01
3.316465020179748535e-01 6.863322257995605469e-01 5.210760235786437988e-01 1.894461154937744141e+00 -4.157999157905578613e-01
6.939279437065124512e-01 1.410301446914672852e+00 8.016760349273681641e-01 1.814041137695312500e+00 -6.655557453632354736e-02
-6.932948529720306396e-02 -5.616004467010498047e-01 -6.076855212450027466e-02 2.080380201339721680e+00 -1.108549714088439941e+00
2.263095676898956299e-01 2.014112949371337891e+00 2.339372158050537109e+00 -3.728978708386421204e-02 -3.545156121253967285e-02
6.553592085838317871e-01 1.356390714645385742e+00 1.327976465225219727e+00 1.997897982597351074e+00 -3.609250485897064209e-01
1.064759969711303711e+00 1.671405196189880371e+00 9.908349514007568359e-01 1.953152418136596680e+00 2.188684344291687012e-01
4.545223340392112732e-02 6.981456875801086426e-01 1.041102051734924316e+00 -1.430024623870849609e+00 1.335424929857254028e-01
5.790898203849792480e-01 -1.469114571809768677e-01 -8.204512596130371094e-01 1.715324878692626953e+00 -5.482213497161865234e-01
4.921625554561614990e-01 1.406385064125061035e+00 1.758490920066833496e+00 3.362156748771667480e-01 4.121293127536773682e-01
7.005852460861206055e-01 1.565624475479125977e+00 1.527025580406188965e+00 4.015493690967559814e-01 7.180734872817993164e-01
7.855945825576782227e-01 1.401433944702148438e-01 -1.019315328449010849e-02 2.760005891323089600e-01 7.913159579038619995e-02
-5.272343754768371582e-02 2.665351390838623047e+00 2.167622804641723633e+00 3.326979577541351318e-01 5.290821790695190430e-01
-3.763848543167114258e-02 -7.022276986390352249e-04 8.314030766487121582e-01 -1.190151125192642212e-01 5.871961712837219238e-01
-3.955878615379333496e-01 1.707984358072280884e-01 4.036425948143005371e-01 -1.658888757228851318e-01 5.378624796867370605e-01
7.663086056709289551e-01 1.534226298332214355e+00 8.947865962982177734e-01 7.688910365104675293e-01 6.153098344802856445e-01
6.604442596435546875e-01 1.850112676620483398e+00 1.492088198661804199e+00 2.640579044818878174e-01 6.277989149093627930e-01
4.433073475956916809e-02 -4.950594529509544373e-02 6.064892411231994629e-01 8.919906020164489746e-01 -1.381282210350036621e+00
4.329100251197814941e-01 3.045076727867126465e-01 2.988034784793853760e-01 8.409296870231628418e-01 -7.593047618865966797e-01
2.294604033231735229e-01 -2.414361983537673950e-01 -6.234271079301834106e-02 -2.476143240928649902e-01 5.999621376395225525e-02
7.325240969657897949e-01 -1.154948830604553223e+00 -9.408038854598999023e-01 5.688269138336181641e-01 3.766934871673583984e-01
7.073100209236145020e-01 -1.748600721359252930e+00 -3.008573770523071289e+00 3.867820501327514648e-01 3.148514926433563232e-01
7.819278240203857422e-01 -8.305650949478149414e-01 -1.964043021202087402e+00 1.058561056852340698e-01 5.664382595568895340e-03
3.013226091861724854e-01 2.628312349319458008e+00 3.042547941207885742e+00 2.248925715684890747e-01 1.042123809456825256e-01
2.976360917091369629e-01 1.859671235084533691e+00 1.965877413749694824e+00 8.102935552597045898e-01 -9.950561076402664185e-02
1.689800858497619629e+00 2.884992122650146484e+00 1.687800168991088867e+00 1.723836064338684082e+00 1.934547543525695801e+00
1.571674466133117676e+00 2.344180822372436523e+00 1.203898906707763672e+00 2.120787382125854492e+00 1.698223471641540527e+00
8.097648024559020996e-01 6.456333994865417480e-01 6.371504068374633789e-02 -2.866225540637969971e-01 1.018492102622985840e+00
9.982616901397705078e-01 8.669918775558471680e-01 -1.059642992913722992e-02 -2.634097933769226074e-01 1.268702983856201172e+00
1.591120958328247070e-01 1.119160890579223633e+00 1.552615880966186523e+00 3.920731544494628906e-01 8.684115856885910034e-02
-1.706990003585815430e-01 3.948551416397094727e-01 1.227269649505615234e+00 7.345296740531921387e-01 -5.756291747093200684e-01
8.070728778839111328e-01 -4.620968997478485107e-01 -1.243081569671630859e+00 1.020780801773071289e+00 5.354701280593872070e-01
8.045118451118469238e-01 6.460668444633483887e-01 1.345583647489547729e-01 -5.524618551135063171e-02 7.791721820831298828e-01
4.828240871429443359e-01 1.310391902923583984e+00 1.304393768310546875e+00 2.964751243591308594e+00 -6.367367506027221680e-01
1.436700463294982910e+00 2.327291011810302734e+00 2.960754334926605225e-01 2.518998980522155762e-01 1.182894825935363770e+00
8.674299120903015137e-01 1.041207909584045410e+00 -3.181402981281280518e-01 6.580880880355834961e-01 3.509192466735839844e-01
5.525230169296264648e-01 9.532399177551269531e-01 1.179330468177795410e+00 1.022521257400512695e+00 -1.209948807954788208e-01
8.375087380409240723e-01 8.737064003944396973e-01 4.870927929878234863e-01 1.517393589019775391e+00 4.905925318598747253e-02
6.530277132987976074e-01 5.406175851821899414e-01 -2.265242636203765869e-01 1.310735225677490234e+00 2.159141153097152710e-01
1.601457744836807251e-01 1.277123689651489258e+00 1.510800719261169434e+00 -8.688257932662963867e-01 3.860865235328674316e-01
8.836177587509155273e-01 6.066128015518188477e-01 -2.638657987117767334e-01 1.358689069747924805e+00 -5.940321683883666992e-01
9.743034094572067261e-02 1.660711131989955902e-02 3.782268464565277100e-01 1.034236431121826172e+00 -1.824442297220230103e-01
2.419091016054153442e-01 4.430719912052154541e-01 5.045067667961120605e-01 8.161589503288269043e-01 3.408663272857666016e-01
2.200343310832977295e-01 7.624295949935913086e-01 1.068853497505187988e+00 1.768591046333312988e+00 -4.063397273421287537e-02
2.328414618968963623e-01 1.529484033584594727e+00 1.891914725303649902e+00 1.078223943710327148e+00 1.819688379764556885e-01
2.939671874046325684e-01 1.343942999839782715e+00 1.528598189353942871e+00 1.329408645629882812e+00 2.053631693124771118e-01
2.539468109607696533e-01 2.271666824817657471e-01 9.585208892822265625e-01 1.419883012771606445e+00 6.096405982971191406e-01
4.582619071006774902e-01 2.962583601474761963e-01 -6.440916657447814941e-01 -1.102531552314758301e+00 -1.255602985620498657e-01
-2.070957422256469727e-01 -3.746356070041656494e-02 5.501441955566406250e-01 -6.546865105628967285e-01 -1.243755698204040527e+00
-2.096262216567993164e+00 -6.747476458549499512e-01 1.149302870035171509e-01 1.824630260467529297e+00 2.025407552719116211e+00
2.495907396078109741e-01 7.439879179000854492e-01 1.109917044639587402e+00 1.468782782554626465e+00 -1.632925570011138916e-01
1.319152474403381348e+00 1.732040762901306152e+00 4.329786300659179688e-01 1.501958727836608887e+00 1.267954468727111816e+00
4.633115530014038086e-01 7.157769799232482910e-01 7.096821665763854980e-01 1.589766502380371094e+00 1.324726790189743042e-01
-1.234076857566833496e+00 1.345253586769104004e+00 1.216534495353698730e+00 -1.872892022132873535e+00 -5.950704813003540039e-01
2.936300262808799744e-02 5.877069234848022461e-01 1.135035037994384766e+00 4.713355302810668945e-01 -3.362136185169219971e-01
6.862527132034301758e-01 1.565424203872680664e+00 1.419965147972106934e+00 1.105328440666198730e+00 -7.354655861854553223e-02
9.455389380455017090e-01 1.038859844207763672e+00 2.869360148906707764e-01 1.730639457702636719e+00 9.583423286676406860e-02
-6.069183945655822754e-01 -1.786265075206756592e-01 6.693453341722488403e-02 1.081243872642517090e+00 -6.265962123870849609e-02
-2.121565788984298706e-01 -4.010140001773834229e-01 1.179833531379699707e+00 5.607529878616333008e-01 2.642838656902313232e-01
1.995645463466644287e-01 -1.426880806684494019e-01 -6.886959671974182129e-01 8.477172255516052246e-01 -5.405517816543579102e-01
-1.018842384219169617e-01 3.347665965557098389e-01 2.020734548568725586e+00 8.760887384414672852e-01 -1.029527902603149414e+00
2.927955389022827148e-01 -7.007443159818649292e-02 -1.232768818736076355e-01 9.613607525825500488e-01 2.659879922866821289e-01
8.273380398750305176e-01 1.595054030418395996e+00 8.779983520507812500e-01 -8.701524138450622559e-02 1.394950151443481445e+00
9.624074101448059082e-01 2.409949779510498047e+00 1.983837485313415527e+00 7.872202992439270020e-01 3.259469866752624512e-01
-7.683989405632019043e-01 2.504990668967366219e-03 1.558779835700988770e+00 1.378833055496215820e+00 -1.562634825706481934e+00
2.439547032117843628e-01 9.165952801704406738e-01 3.521671295166015625e-01 6.513184905052185059e-01 -1.700911521911621094e-01
-7.587791085243225098e-01 -5.262730121612548828e-01 2.078977823257446289e+00 -6.356419324874877930e-01 -1.109553456306457520e+00
1.397151589393615723e+00 -8.245069384574890137e-01 -1.545552611351013184e+00 -1.477782487869262695e+00 6.744824647903442383e-01
6.492266058921813965e-02 5.641340017318725586e-01 -9.490501284599304199e-01 -1.226423382759094238e+00 -1.211903393268585205e-01
2.648963034152984619e-01 -1.406437635421752930e+00 1.680405020713806152e+00 -4.146286249160766602e-01 4.486406743526458740e-01
2.054332494735717773e+00 -8.958718776702880859e-01 4.167419970035552979e-01 4.113180935382843018e-01 1.371139883995056152e+00
-2.961638867855072021e-01 1.697893142700195312e+00 2.822502374649047852e+00 8.907621502876281738e-01 8.493045717477798462e-02
-2.515878379344940186e-01 1.218792319297790527e+00 2.849214315414428711e+00 3.457992896437644958e-02 -8.836687356233596802e-02
-1.135065078735351562e+00 5.995984673500061035e-01 1.449176549911499023e+00 -4.035266935825347900e-01 -2.018057107925415039e-01
1.385217905044555664e-01 2.622682154178619385e-01 5.841817259788513184e-01 2.008675225079059601e-02 7.699102759361267090e-01
-2.472168952226638794e-02 -3.560413047671318054e-02 -2.548074424266815186e-01 8.812870979309082031e-01 8.416771888732910156e-01
5.091938972473144531e-01 -3.509970605373382568e-01 -2.529704384505748749e-02 1.347902059555053711e+00 7.031035423278808594e-01
1.333545595407485962e-01 -1.343113183975219727e+00 -2.604193687438964844e-01 1.099777340888977051e+00 2.358217239379882812e+00
-2.074690908193588257e-01 1.257914900779724121e+00 2.018298864364624023e+00 1.246650099754333496e+00 1.043608859181404114e-01
7.150596976280212402e-01 3.201861679553985596e-01 2.061166912317276001e-01 -1.389703154563903809e+00 1.288665890693664551e+00
-9.861687421798706055e-01 -1.157703399658203125e+00 1.671195387840270996e+00 -7.239906787872314453e-01 1.229971289634704590e+00
1.276226758956909180e+00 -2.107568532228469849e-01 -8.335371017456054688e-01 -3.423045575618743896e-01 4.446657299995422363e-01
4.840431213378906250e-01 -1.896696537733078003e-01 9.349136948585510254e-01 -2.346203196793794632e-03 3.522883355617523193e-01
-3.482616543769836426e-01 1.509332656860351562e+00 3.327795267105102539e+00 2.252095222473144531e+00 -5.749602913856506348e-01
-5.500336885452270508e-01 1.446124434471130371e+00 3.611412525177001953e+00 2.210469484329223633e+00 -9.505158066749572754e-01
-8.947117924690246582e-01 7.959617376327514648e-01 1.019959449768066406e+00 -1.311815023422241211e+00 -8.265858292579650879e-01
5.291999578475952148e-01 -1.690453410148620605e+00 -4.559588134288787842e-01 5.035666227340698242e-01 -1.815421283245086670e-01
4.439469873905181885e-01 9.184011816978454590e-01 8.662724494934082031e-01 9.171690344810485840e-01 5.351563096046447754e-01
1.129393950104713440e-01 7.628986835479736328e-01 1.296228170394897461e+00 7.835311293601989746e-01 7.090969383716583252e-02
-6.792746186256408691e-01 -3.832411468029022217e-01 -5.565761923789978027e-01 4.534566402435302734e-01 9.967696666717529297e-01
-1.401312351226806641e+00 5.245441198348999023e-01 3.481516838073730469e-01 2.097509622573852539e+00 -9.984483569860458374e-02
3.118506073951721191e-01 1.610573887825012207e+00 1.592215657234191895e+00 1.622477322816848755e-01 1.099168777465820312e+00
-1.134940981864929199e-01 9.926317334175109863e-01 1.590853810310363770e+00 2.229733169078826904e-01 3.201813101768493652e-01
4.503069519996643066e-01 2.831924259662628174e-01 2.584089040756225586e-01 1.948113799095153809e+00 7.071233354508876801e-03
6.150535941123962402e-01 9.652729034423828125e-01 6.999967098236083984e-01 1.329854846000671387e+00 4.877542853355407715e-01
4.904622435569763184e-01 1.805327832698822021e-01 -1.052758932113647461e+00 9.397100806236267090e-01 -5.448412522673606873e-02
3.070504665374755859e-01 6.490446329116821289e-01 8.465507626533508301e-01 3.465298116207122803e-01 -9.729324281215667725e-02
8.233044296503067017e-02 5.032470226287841797e-01 8.748441934585571289e-01 1.227156162261962891e+00 -2.755995392799377441e-01
7.241852283477783203e-01 1.320673823356628418e+00 5.650466084480285645e-01 8.687394857406616211e-01 7.763322591781616211e-01
2.008586227893829346e-01 1.214491009712219238e+00 1.517428874969482422e+00 6.117567420005798340e-01 6.193822026252746582e-01
2.552359700202941895e-01 1.767698526382446289e+00 2.151577472686767578e+00 2.186013460159301758e-01 7.945143580436706543e-01
3.701696991920471191e-01 -5.432708263397216797e-01 -5.452521443367004395e-01 3.023015260696411133e-01 4.861859679222106934e-01
8.314963579177856445e-01 -9.562466144561767578e-01 -7.108933925628662109e-01 8.290449976921081543e-01 2.547135055065155029e-01
7.831709980964660645e-01 8.231060504913330078e-01 1.188556384295225143e-02 1.545006752014160156e+00 9.761896133422851562e-01
1.871516406536102295e-01 7.608222961425781250e-01 1.142167806625366211e+00 1.094089269638061523e+00 1.640295386314392090e-01
2.444648295640945435e-01 5.748350620269775391e-01 8.280397206544876099e-02 -4.924929514527320862e-02 -1.894427835941314697e-01
9.971699863672256470e-02 5.046529769897460938e-01 6.421683728694915771e-02 7.884768843650817871e-01 3.625055402517318726e-02
-4.542636573314666748e-01 -3.497323691844940186e-01 -5.718703269958496094e-01 -6.588176488876342773e-01 -1.828163303434848785e-02
-6.485816091299057007e-02 2.708140015602111816e-01 -1.050663232803344727e+00 -8.537232875823974609e-01 7.596139907836914062e-01
6.419328451156616211e-01 1.317189812660217285e+00 6.854252219200134277e-01 1.530611038208007812e+00 3.064683377742767334e-01
-1.064488738775253296e-01 -2.294318377971649170e-01 2.429909408092498779e-01 1.218507766723632812e+00 -5.353403687477111816e-01
4.112175405025482178e-01 5.406838655471801758e-02 1.110712051391601562e+00 4.370761215686798096e-01 -1.221565127372741699e+00
1.564588397741317749e-01 -9.787303209304809570e-01 5.519512891769409180e-01 1.460962533950805664e+00 -1.683915376663208008e+00
-5.195755362510681152e-01 3.278009295463562012e-01 -4.023312628269195557e-01 -1.112548112869262695e+00 1.061943769454956055e+00
7.986521720886230469e-01 1.931010127067565918e+00 2.053000926971435547e+00 2.677953988313674927e-02 -1.399509161710739136e-01
1.281576037406921387e+00 1.248150348663330078e+00 -3.331306278705596924e-01 2.675308585166931152e-01 1.086483836174011230e+00
1.574413478374481201e-01 -7.391718029975891113e-02 1.881311386823654175e-01 1.245591491460800171e-01 3.275558948516845703e-01
5.064055323600769043e-01 -1.397681385278701782e-01 5.947594344615936279e-02 -4.596384763717651367e-01 -8.012089133262634277e-01
-7.973820567131042480e-01 9.048454761505126953e-01 1.555396437644958496e+00 1.188723802566528320e+00 1.401383757591247559e+00
2.053976058959960938e-01 -1.180643558502197266e+00 -1.069948673248291016e+00 2.256254434585571289e+00 9.643649309873580933e-02
8.896597623825073242e-01 -7.204437255859375000e-01 1.114668846130371094e-01 6.668996810913085938e-01 -1.112982869148254395e+00
1.037375926971435547e+00 -3.936113119125366211e-01 -3.334394991397857666e-01 -1.355422586202621460e-01 -6.150904297828674316e-01
6.826736330986022949e-01 -3.258439302444458008e-01 5.631827190518379211e-02 -4.976345300674438477e-01 -7.877442240715026855e-01
1.190130949020385742e+00 3.769729137420654297e-01 -1.455953717231750488e-01 -2.343025952577590942e-01 -5.833799242973327637e-01
5.457898378372192383e-01 -1.772342920303344727e-01 -1.560208678245544434e+00 -5.497298240661621094e-01 -3.725917637348175049e-01
-6.295449137687683105e-01 -2.144355058670043945e+00 1.170834898948669434e+00 8.345658779144287109e-01 1.713096052408218384e-01
-1.753752827644348145e+00 4.090428352355957031e-02 6.079333424568176270e-01 -1.837670564651489258e+00 -2.386820316314697266e+00
2.972569167613983154e-01 -4.047936201095581055e-01 1.165226459503173828e+00 1.106959939002990723e+00 -1.299017071723937988e-01
-8.235554695129394531e-01 1.208469346165657043e-01 -1.682979822158813477e+00 -4.853725731372833252e-01 2.213448286056518555e+00
6.278709173202514648e-01 8.779725432395935059e-01 5.383886098861694336e-01 6.967851519584655762e-01 7.920733094215393066e-01
2.811895012855529785e-01 -1.807693362236022949e+00 7.797494530677795410e-01 6.923553347587585449e-01 -1.624217033386230469e+00
4.585183560848236084e-01 -5.781209468841552734e-01 -9.387332201004028320e-01 1.535046845674514771e-01 5.942301750183105469e-01
8.243960142135620117e-01 -8.237330913543701172e-01 1.326530873775482178e-01 -7.707048058509826660e-01 7.315780520439147949e-01
9.766826033592224121e-01 1.599166750907897949e+00 1.277097344398498535e+00 -1.483365893363952637e-01 4.565204679965972900e-01
5.274706482887268066e-01 -4.769113659858703613e-01 -3.635135591030120850e-01 -9.693223237991333008e-01 -1.026989221572875977e+00
3.424495458602905273e-01 -3.819981217384338379e-01 8.226904869079589844e-01 6.321851909160614014e-02 -2.937089204788208008e-01
5.092214941978454590e-01 -3.463037610054016113e-01 -1.071807503700256348e+00 -1.062878370285034180e+00 3.028464019298553467e-01
6.440568566322326660e-01 -1.410714149475097656e+00 2.492951393127441406e+00 1.019202351570129395e+00 1.015665307641029358e-01
1.072777867317199707e+00 -2.281677246093750000e+00 7.861866615712642670e-04 -2.448465108871459961e+00 1.265092134475708008e+00
-2.979896962642669678e-03 1.442444771528244019e-01 2.502021491527557373e-01 -6.144136935472488403e-02 -6.519968807697296143e-02
8.907458186149597168e-01 3.623398840427398682e-01 -1.143669009208679199e+00 6.791882514953613281e-01 1.706735014915466309e+00
1.120836377143859863e+00 1.169986367225646973e+00 -1.141363233327865601e-01 -2.154565572738647461e+00 2.573270797729492188e-01
5.050038546323776245e-02 -3.661192581057548523e-02 3.736542165279388428e-01 -1.175823688507080078e+00 1.211780905723571777e-01
5.726850032806396484e-01 4.014965295791625977e-01 1.940650641918182373e-01 -2.968111038208007812e-01 7.582618594169616699e-01
8.395972847938537598e-01 2.808595895767211914e-01 3.783731758594512939e-01 -1.021260544657707214e-01 7.159965038299560547e-01
2.225097715854644775e-01 3.743117451667785645e-01 9.099381417036056519e-02 1.568045616149902344e+00 -3.604092895984649658e-01
-4.561159312725067139e-01 2.186675667762756348e-01 -4.531791508197784424e-01 1.362824440002441406e+00 -1.263107895851135254e+00
1.452552676200866699e+00 9.031766057014465332e-01 -2.455246597528457642e-01 -8.381472826004028320e-01 -2.505374848842620850e-01
-7.716005295515060425e-02 2.919202111661434174e-02 3.620435595512390137e-01 1.089625597000122070e+00 -2.296394258737564087e-01
-8.887237310409545898e-02 -1.787760481238365173e-02 3.259032964706420898e-01 1.106495380401611328e+00 -2.532927691936492920e-01
5.536205768585205078e-01 8.486267328262329102e-01 7.564980983734130859e-01 1.438128113746643066e+00 -3.250614553689956665e-02
1.648690700531005859e+00 -1.345642089843750000e+00 -9.423662722110748291e-02 6.393094658851623535e-01 -1.215509623289108276e-01
-1.405931353569030762e+00 2.179727315902709961e+00 5.018518567085266113e-01 2.613450400531291962e-02 3.056830763816833496e-01
-8.285173773765563965e-01 -2.862927131354808807e-02 -1.761211156845092773e-01 6.439300179481506348e-01 3.329065740108489990e-01
-3.604783713817596436e-01 -6.491845846176147461e-01 3.151206672191619873e-01 -8.263024687767028809e-02 1.244684532284736633e-01
-5.707954764366149902e-01 -2.441628217697143555e+00 1.664050817489624023e-01 3.818553984165191650e-01 -4.179491996765136719e-01
-7.226177453994750977e-01 -1.516823172569274902e-01 2.309838533401489258e-01 4.048574268817901611e-01 2.477606296539306641e+00
1.372821033000946045e-01 9.969847202301025391e-01 1.678233027458190918e+00 9.943012595176696777e-01 -4.875397682189941406e-01
4.348422288894653320e-01 8.038450479507446289e-01 5.090249180793762207e-01 3.335026279091835022e-02 -3.918225169181823730e-01
4.079688489437103271e-01 1.867352485656738281e+00 -8.449248075485229492e-01 -3.500119149684906006e-01 5.457399487495422363e-01
3.454885184764862061e-01 1.309917569160461426e-01 7.304561883211135864e-02 2.217031717300415039e+00 -6.176283359527587891e-01
-1.501896679401397705e-01 -3.151528537273406982e-01 4.228301942348480225e-01 9.300655722618103027e-01 -6.191272735595703125e-01
5.658891797065734863e-01 5.329178571701049805e-01 2.750613391399383545e-01 1.103438973426818848e+00 3.381240069866180420e-01
-1.088749289512634277e+00 -2.030348777770996094e+00 -5.264261960983276367e-01 -5.474356412887573242e-01 -7.321401238441467285e-01
-7.648138701915740967e-02 1.088445633649826050e-02 1.080173969268798828e+00 9.426556527614593506e-02 -1.237561702728271484e+00
-6.276105046272277832e-01 2.518191374838352203e-02 3.585176467895507812e-01 1.270422190427780151e-01 -2.050787955522537231e-01
5.797802805900573730e-01 1.290991902351379395e+00 1.351199865341186523e+00 -1.950377374887466431e-01 -1.299617439508438110e-02
4.860453307628631592e-01 -5.536390542984008789e-01 -1.502868294715881348e+00 6.795508265495300293e-01 -4.707514345645904541e-01
8.452178239822387695e-01 1.425503492355346680e+00 -5.156487822532653809e-01 1.906623005867004395e+00 -2.533176243305206299e-01
3.262629508972167969e-01 4.373236298561096191e-01 8.384364247322082520e-01 7.723217606544494629e-01 -4.819402098655700684e-01
-1.108962059020996094e+00 -2.024727821350097656e+00 1.530957460403442383e+00 1.635062098503112793e+00 -8.522506058216094971e-02
-1.190417259931564331e-02 6.895996630191802979e-02 1.650812327861785889e-01 1.138490676879882812e+00 -1.306871473789215088e-01
3.563271760940551758e-01 8.349773287773132324e-01 4.620091319084167480e-01 5.568022727966308594e-01 2.474707514047622681e-01
-3.521125018596649170e-01 -3.832951188087463379e-01 6.086036562919616699e-02 1.327568292617797852e+00 -9.364390373229980469e-01
1.676408797502517700e-01 -4.725072085857391357e-01 -7.461423277854919434e-01 3.730450198054313660e-02 5.527632236480712891e-01
2.241522520780563354e-01 1.968221783638000488e+00 1.971349835395812988e+00 2.275072574615478516e+00 6.290903687477111816e-01
4.738242328166961670e-01 1.063162684440612793e+00 2.023566961288452148e+00 -1.218544363975524902e+00 -5.947053432464599609e-01
1.192365169525146484e+00 1.068354725837707520e+00 -1.024765849113464355e+00 -7.446068525314331055e-02 7.633844614028930664e-01
-1.641661524772644043e-01 -1.020264148712158203e+00 -1.657525181770324707e+00 1.200635313987731934e+00 -7.481843829154968262e-01
5.352219939231872559e-01 -6.819642335176467896e-02 -1.304070234298706055e+00 7.251148223876953125e-01 2.123563051223754883e+00
2.406067848205566406e-01 4.935431480407714844e-01 1.765269041061401367e-01 4.214556217193603516e-01 -6.687097549438476562e-01
-9.127064347267150879e-01 9.571269899606704712e-02 -8.469970226287841797e-01 -1.635226011276245117e+00 9.850503802299499512e-01
-2.787658572196960449e-01 5.404408574104309082e-01 1.475529313087463379e+00 6.019085645675659180e-01 -8.385398983955383301e-01
6.298526190221309662e-03 2.168710231781005859e-01 6.273640990257263184e-01 2.693197429180145264e-01 -2.244782596826553345e-01
1.357830047607421875e+00 1.184836983680725098e+00 -5.988363623619079590e-01 2.228819131851196289e-01 3.187930881977081299e-01
-1.062246039509773254e-01 2.748143374919891357e-01 4.082875549793243408e-01 -1.519232749938964844e+00 7.586896419525146484e-01
7.697163820266723633e-01 3.617130815982818604e-01 1.801878958940505981e-01 1.662964820861816406e+00 4.495894312858581543e-01
-1.479045450687408447e-01 6.818096637725830078e-01 1.075800418853759766e+00 5.719850659370422363e-01 -5.315148830413818359e-01
4.846271574497222900e-01 1.037671715021133423e-01 1.622149646282196045e-01 1.386759042739868164e+00 -1.860723048448562622e-01
-2.572186887264251709e-01 1.461387127637863159e-01 -4.537389874458312988e-01 5.212686061859130859e-01 -2.062870115041732788e-01
-1.360600829124450684e+00 2.915327847003936768e-01 -8.901139497756958008e-01 -1.251080870628356934e+00 1.540057539939880371e+00
-1.257940053939819336e+00 -7.478958964347839355e-01 1.139514327049255371e+00 6.748865842819213867e-01 -7.296914458274841309e-01
-9.134355001151561737e-03 2.968852818012237549e-01 8.490946292877197266e-01 1.411525368690490723e+00 -6.715273857116699219e-02
-7.300143688917160034e-02 8.566143512725830078e-01 1.671449422836303711e+00 9.442808032035827637e-01 -5.786867812275886536e-02
7.420927286148071289e-01 1.613342761993408203e+00 8.249544501304626465e-01 9.043681025505065918e-01 5.381050705909729004e-01
3.650332391262054443e-01 1.367390513420104980e+00 1.157462120056152344e+00 8.296213746070861816e-01 6.190746650099754333e-02
-4.721624851226806641e-01 1.749670863151550293e+00 2.967720627784729004e-01 1.026947259902954102e+00 3.262248933315277100e-01
-3.708312753587961197e-03 3.324674665927886963e-01 8.995431065559387207e-01 -1.283483952283859253e-01 -2.984156906604766846e-01
1.394271254539489746e+00 2.067290544509887695e+00 -5.074595287442207336e-02 6.944162249565124512e-01 -4.963830709457397461e-01
1.214286088943481445e+00 1.054632544517517090e+00 5.443402752280235291e-02 -6.712630987167358398e-01 3.963408470153808594e-01
2.488728910684585571e-01 8.194016814231872559e-01 1.207015275955200195e+00 1.472430825233459473e+00 9.863024204969406128e-02
-1.394867803901433945e-02 -2.661910057067871094e-01 3.708242475986480713e-01 2.144047498703002930e+00 -5.920407176017761230e-01
-2.120449990034103394e-01 -4.405308514833450317e-02 7.528601288795471191e-01 1.465781331062316895e+00 -5.133819580078125000e-01
9.353333711624145508e-02 1.300743460655212402e+00 1.803879380226135254e+00 4.967837333679199219e-01 4.266372025012969971e-01
1.242834568023681641e+00 -6.549814343452453613e-01 -1.059367418289184570e+00 -8.619816303253173828e-01 1.395201206207275391e+00
-2.769455015659332275e-01 5.076728463172912598e-01 8.618835806846618652e-01 -1.046431422233581543e+00 -6.768215894699096680e-01
1.175034642219543457e-01 -1.946324408054351807e-01 -2.774575650691986084e-01 1.130478978157043457e+00 -2.316984683275222778e-01
4.740744233131408691e-01 6.603586673736572266e-01 1.048574447631835938e-01 1.391495704650878906e+00 -1.231286451220512390e-01
-2.211377471685409546e-01 3.218879178166389465e-02 3.007170855998992920e-01 1.491809129714965820e+00 -6.812994480133056641e-01
7.152494788169860840e-01 -6.884090900421142578e-01 -7.553746104240417480e-01 1.882796287536621094e+00 4.302860200405120850e-01
-3.515150547027587891e-01 -1.282302588224411011e-01 -7.366429567337036133e-01 -2.249938726425170898e+00 1.036201715469360352e+00
1.778877526521682739e-01 1.365001499652862549e-01 -9.805675595998764038e-02 3.394995927810668945e-01 5.377410054206848145e-01
-5.126865506172180176e-01 -1.314556226134300232e-02 1.717206835746765137e+00 4.959558844566345215e-01 -5.596591830253601074e-01
3.579401969909667969e-01 9.650330543518066406e-01 1.250620961189270020e+00 1.605019330978393555e+00 -3.364965915679931641e-01
5.479170083999633789e-01 3.103803694248199463e-01 2.842787206172943115e-01 4.840707182884216309e-01 4.035701751708984375e-01
5.987005829811096191e-01 8.072920441627502441e-01 1.525921821594238281e+00 -7.599173188209533691e-01 -2.689462602138519287e-01
1.178382039070129395e+00 -7.852801680564880371e-01 7.389250397682189941e-01 1.518917977809906006e-01 -1.733807802200317383e+00
1.144447177648544312e-01 1.624112576246261597e-01 -3.692835867404937744e-01 -3.537305444478988647e-02 4.306040108203887939e-01
3.895084857940673828e-01 5.289542078971862793e-01 8.860871195793151855e-01 2.046281576156616211e+00 -7.860717177391052246e-01
2.016731798648834229e-01 2.713509500026702881e-01 1.024571657180786133e+00 2.109995126724243164e+00 -1.007312178611755371e+00
9.766557067632675171e-02 4.809554219245910645e-01 7.567875385284423828e-01 7.462967634201049805e-01 -5.378269553184509277e-01
6.692406535148620605e-01 7.797083854675292969e-01 1.560409646481275558e-02 1.008739471435546875e+00 9.514958411455154419e-02
5.895904302597045898e-01 1.319494724273681641e+00 1.170594692230224609e+00 1.148837924003601074e+00 1.848228573799133301e-01
4.435029923915863037e-01 1.554664850234985352e+00 1.596386313438415527e+00 7.545694708824157715e-01 1.029916182160377502e-01
1.509448140859603882e-01 7.798827886581420898e-01 3.650061190128326416e-01 1.545657366514205933e-01 3.862494230270385742e-01
1.496134549379348755e-01 3.053254187107086182e-01 6.021181941032409668e-01 1.475486874580383301e+00 -4.081808924674987793e-01
-5.132973194122314453e-02 2.686133384704589844e-01 1.177075743675231934e+00 3.791516721248626709e-01 -2.524085342884063721e-01
2.585141658782958984e-01 3.477544486522674561e-01 2.657939493656158447e-01 1.278859496116638184e+00 -1.564581096172332764e-01
1.710890173912048340e+00 -1.205807685852050781e+00 8.300060629844665527e-01 -1.444145083427429199e+00 6.464524269104003906e-01
-2.987490594387054443e-01 -6.700568795204162598e-01 -2.511521279811859131e-01 -8.074629306793212891e-01 3.955778181552886963e-01
5.884712338447570801e-01 1.099867582321166992e+00 6.226043105125427246e-01 6.994308829307556152e-01 1.101121455430984497e-01
5.431096651591360569e-04 -1.859884113073348999e-01 4.376702904701232910e-01 7.139373421669006348e-01 -6.362723708152770996e-01
2.098813533782958984e+00 -4.448479413986206055e-01 -1.879270374774932861e-01 4.549961984157562256e-01 8.955912590026855469e-01
-8.273053765296936035e-01 -6.116096973419189453e-01 1.760268807411193848e-01 7.562993764877319336e-01 1.445207148790359497e-01
2.546635866165161133e-01 1.054614335298538208e-01 2.424814179539680481e-02 1.065062403678894043e+00 2.792271077632904053e-01
-2.511742115020751953e-01 2.963923513889312744e-01 9.680606126785278320e-01 7.070168852806091309e-02 -1.976838260889053345e-01
4.111472964286804199e-01 1.652697920799255371e-01 1.704285442829132080e-01 1.844072103500366211e+00 -4.866855740547180176e-01
5.319381952285766602e-01 -1.020293403416872025e-02 -1.256716132164001465e+00 8.827106356620788574e-01 1.126514911651611328e+00
-6.856539249420166016e-01 3.742357343435287476e-02 7.240101695060729980e-01 -4.040260612964630127e-02 -6.228079795837402344e-01
-3.377654552459716797e-01 5.584626197814941406e-01 1.528878569602966309e+00 1.659844398498535156e+00 -9.708855152130126953e-01
4.016213715076446533e-01 2.942384779453277588e-01 4.005337357521057129e-01 1.548759341239929199e+00 -3.755685389041900635e-01
-3.191522955894470215e-01 -1.004107117652893066e+00 1.040437668561935425e-01 -8.094545602798461914e-01 1.404731124639511108e-01
8.357268571853637695e-01 1.390050768852233887e+00 6.458631157875061035e-01 1.033919811248779297e+00 4.324319064617156982e-01
5.055416226387023926e-01 9.507431387901306152e-01 2.897970080375671387e-01 1.926905214786529541e-01 2.417668253183364868e-01
-1.709849685430526733e-01 8.369240760803222656e-01 1.198251128196716309e+00 -2.122869342565536499e-01 -2.353564649820327759e-01
5.221674442291259766e-01 1.356901884078979492e+00 3.437773227691650391e+00 6.433314830064773560e-02 1.126595377922058105e+00
8.540524840354919434e-01 -1.086097002029418945e+00 8.743731379508972168e-01 -5.904079079627990723e-01 5.446559786796569824e-01
-2.392129659652709961e+00 -1.873410642147064209e-01 4.985742270946502686e-02 -8.185974508523941040e-02 -1.820022761821746826e-01
-9.285628199577331543e-01 1.081684947013854980e+00 1.353070259094238281e+00 4.819848835468292236e-01 -7.222713232040405273e-01
2.789585664868354797e-02 4.965270310640335083e-02 7.691554427146911621e-01 8.635258674621582031e-01 -2.162023931741714478e-01
1.698890626430511475e-01 1.489502668380737305e+00 2.036626577377319336e+00 -6.794054061174392700e-02 -1.700902581214904785e-01
-6.130709648132324219e-01 1.286327093839645386e-01 1.713678479194641113e+00 -7.960463315248489380e-02 -4.137118458747863770e-01
1.127233862876892090e+00 -9.010656476020812988e-01 5.437187552452087402e-01 6.780408620834350586e-01 -3.199943006038665771e-01
2.203974246978759766e+00 4.180294871330261230e-01 3.937859237194061279e-01 2.141578942537307739e-01 1.786260604858398438e+00
5.109838247299194336e-01 -1.081199288368225098e+00 9.664936661720275879e-01 6.932660937309265137e-01 -9.870431385934352875e-03
-9.518121480941772461e-01 3.213252127170562744e-01 2.999920129776000977e+00 -5.096571445465087891e-01 -1.363106131553649902e+00
-2.637075781822204590e-01 -7.012838721275329590e-01 -2.758262753486633301e-01 -8.828341364860534668e-01 -1.368981480598449707e+00
4.138349294662475586e-01 -4.265456795692443848e-01 -6.483414769172668457e-01 9.530598521232604980e-01 2.743095159530639648e-01
1.101742148399353027e+00 1.196261867880821228e-01 1.522875018417835236e-02 -2.038643509149551392e-01 -7.775884270668029785e-01
2.890967428684234619e-01 1.910306662321090698e-01 6.963343620300292969e-01 2.139918565750122070e+00 1.833083331584930420e-01
-4.405468702316284180e-01 3.596452176570892334e-01 1.640208959579467773e+00 -4.935259819030761719e-01 -9.348095655441284180e-01
2.799437940120697021e-01 5.076213479042053223e-01 8.009092211723327637e-01 5.023437738418579102e-01 -7.862537354230880737e-02
1.459453105926513672e-01 -7.748684883117675781e-01 5.345354080200195312e-01 -2.077471762895584106e-01 -4.901237785816192627e-02
1.733323574066162109e+00 -5.458576083183288574e-01 7.571591436862945557e-02 5.021313205361366272e-03 -8.558188080787658691e-01
9.310410022735595703e-01 -1.140780925750732422e+00 -6.443633437156677246e-01 1.653074860572814941e+00 2.120184183120727539e+00
-3.295501768589019775e-01 2.057201266288757324e-01 3.157715201377868652e-01 1.438904762268066406e+00 -5.699653029441833496e-01
3.274128735065460205e-01 9.259795546531677246e-01 8.630330562591552734e-01 8.033632040023803711e-01 -7.701165974140167236e-02
9.341823458671569824e-01 9.073110818862915039e-01 -2.521188259124755859e-01 1.413894295692443848e+00 5.512942075729370117e-01
-1.557078361511230469e-01 4.613329097628593445e-02 -4.802100360393524170e-01 1.740052700042724609e+00 -3.024641871452331543e-01
-3.407558798789978027e-01 -2.298592329025268555e-01 -5.265476107597351074e-01 1.858255147933959961e+00 -5.810030102729797363e-01
4.134064614772796631e-01 1.045194029808044434e+00 1.328782677650451660e+00 1.640995264053344727e+00 -1.102104634046554565e-01
3.808620274066925049e-01 1.519362807273864746e+00 2.024376630783081055e+00 1.186065554618835449e+00 -5.697211623191833496e-02
-3.165019154548645020e-01 -6.835893988609313965e-01 7.256516814231872559e-01 1.614243268966674805e+00 -1.270515084266662598e+00
1.032798409461975098e+00 4.227694272994995117e-01 -1.294305324554443359e+00 1.911673665046691895e+00 3.113880455493927002e-01
5.847777128219604492e-01 4.530002772808074951e-01 -4.646478295326232910e-01 1.618892073631286621e+00 -3.773660659790039062e-01
6.681834906339645386e-02 2.162750720977783203e+00 -8.863836526870727539e-02 2.086862921714782715e-01 1.122157573699951172e+00
-4.653294384479522705e-02 1.423705220222473145e-01 8.151148557662963867e-01 1.858057454228401184e-02 -4.607949852943420410e-01
1.170843094587326050e-01 5.736679434776306152e-01 1.197449803352355957e+00 2.279940992593765259e-01 6.714582443237304688e-02
-2.189306765794754028e-01 -1.925137192010879517e-01 8.728963136672973633e-01 7.128862142562866211e-01 -8.286262750625610352e-01
8.495433330535888672e-01 1.460988998413085938e+00 1.015116721391677856e-01 7.685882449150085449e-01 2.613230347633361816e-01
4.273857474327087402e-01 6.458743810653686523e-01 9.945002794265747070e-01 3.120346069335937500e+00 -1.789698243141174316e+00
4.474303126335144043e-01 1.724323034286499023e+00 2.130825042724609375e+00 1.900531411170959473e+00 -1.390319824218750000e+00
-5.408873558044433594e-01 -7.038636803627014160e-01 -4.028922021389007568e-01 1.685294032096862793e+00 -1.173292994499206543e+00
1.251807212829589844e-01 -8.332221210002899170e-02 -4.655816256999969482e-01 9.263416528701782227e-01 -1.160500198602676392e-01
1.009902000427246094e+00 1.797090053558349609e+00 1.103999614715576172e+00 2.115638732910156250e+00 -8.491405844688415527e-01
-9.239871501922607422e-01 -1.345792293548583984e+00 -1.013390302658081055e+00 5.372892022132873535e-01 -1.004350781440734863e+00
-6.633965373039245605e-01 -7.104745507240295410e-02 9.675660729408264160e-01 2.786094844341278076e-01 6.145548224449157715e-01
1.048421978950500488e+00 -1.167876273393630981e-01 1.731877774000167847e-01 -3.945404291152954102e-02 1.845332264900207520e+00
-8.763435482978820801e-02 -1.260327994823455811e-01 4.710722565650939941e-01 1.109184622764587402e+00 -3.467015624046325684e-01
1.455688476562500000e+00 8.564243912696838379e-01 -1.402683973312377930e+00 6.334079504013061523e-01 2.194921672344207764e-01
5.076093673706054688e-01 1.957771927118301392e-01 -6.051556468009948730e-01 -1.750145316123962402e+00 3.995319008827209473e-01
4.721330702304840088e-01 1.018204331398010254e+00 -5.277550220489501953e-01 -1.765173971652984619e-01 2.505735456943511963e-01
9.071099162101745605e-01 -1.314159184694290161e-01 2.927274107933044434e-01 -9.184116721153259277e-01 -4.773086607456207275e-01
-1.363853514194488525e-01 -2.348064929246902466e-01 3.620634078979492188e-01 1.171958327293395996e+00 -3.316720128059387207e-01
-2.215717583894729614e-01 -7.112639397382736206e-02 7.185988426208496094e-01 9.889393448829650879e-01 -4.466442763805389404e-01
-5.627337843179702759e-02 6.788128614425659180e-01 1.349118947982788086e+00 7.793669700622558594e-01 -1.316570639610290527e-01
5.945793390274047852e-01 8.199167251586914062e-01 4.880916178226470947e-01 1.241793632507324219e+00 3.646209239959716797e-01
-1.622556746006011963e-01 2.458534091711044312e-01 1.239624500274658203e+00 9.334257245063781738e-01 -5.373783707618713379e-01
4.859474301338195801e-01 1.401996374130249023e+00 1.129460930824279785e+00 2.191792279481887817e-01 1.677828580141067505e-01
1.274380534887313843e-01 -1.487117767333984375e+00 -2.833191454410552979e-01 1.022737741470336914e+00 3.963788449764251709e-01
-1.436053037643432617e+00 5.760425329208374023e-01 1.170756816864013672e+00 -4.917215555906295776e-02 5.932742953300476074e-01
3.331316709518432617e-01 6.783087253570556641e-01 1.285263001918792725e-01 8.563085794448852539e-01 -5.577578544616699219e-01
2.086819261312484741e-01 1.460172057151794434e+00 1.992354273796081543e+00 7.254199385643005371e-01 -2.223470658063888550e-01
-8.704017996788024902e-01 1.172608256340026855e+00 -8.898031115531921387e-01 2.769443392753601074e-02 -6.143359541893005371e-01
-5.117045044898986816e-01 -5.025866627693176270e-01 1.976534537971019745e-02 9.741891026496887207e-01 -1.334750413894653320e+00
1.055284813046455383e-01 7.637267112731933594e-01 9.709425568580627441e-01 1.262448668479919434e+00 -2.170265167951583862e-01
7.801363468170166016e-01 1.557057857513427734e+00 9.064831733703613281e-01 7.089600563049316406e-01 4.371756315231323242e-01
-1.757875204086303711e+00 -3.416616022586822510e-01 1.119480013847351074e+00 -4.716070294380187988e-01 -7.653506994247436523e-01
-2.225282788276672363e-01 6.410973668098449707e-01 1.027929782867431641e+00 -1.518258005380630493e-01 -2.826512157917022705e-01
5.573489069938659668e-01 6.738611459732055664e-01 1.974439322948455811e-01 6.674290299415588379e-01 2.992117702960968018e-01
1.971823573112487793e-01 1.010205268859863281e+00 1.154244661331176758e+00 5.591971278190612793e-01 -8.534418046474456787e-02
5.489420890808105469e-01 1.005743741989135742e+00 4.723253250122070312e-01 -4.393918216228485107e-01 1.024353876709938049e-01
-3.811596035957336426e-01 -7.531879097223281860e-02 1.555241942405700684e+00 -9.657570719718933105e-01 -2.368998974561691284e-01
4.362717866897583008e-01 6.157788038253784180e-01 7.263583540916442871e-01 1.461687207221984863e+00 -8.755124360322952271e-02
-3.131217360496520996e-01 -9.418485760688781738e-01 2.010140717029571533e-01 2.255073748528957367e-02 2.042508363723754883e+00
1.296604514122009277e+00 3.807340562343597412e-01 -2.572498619556427002e-01 -5.826140642166137695e-01 -1.001080155372619629e+00
6.972736716270446777e-01 1.515600204467773438e+00 1.378707051277160645e+00 9.652560949325561523e-01 4.208495318889617920e-01
6.335543394088745117e-01 1.245478034019470215e+00 6.778376102447509766e-01 4.444515407085418701e-01 3.259131908416748047e-01
-3.902057111263275146e-01 -5.900207906961441040e-02 5.610332489013671875e-01 6.162822842597961426e-01 -5.998347997665405273e-01
3.804314732551574707e-01 1.126286625862121582e+00 1.205040574073791504e+00 3.528482913970947266e-01 1.308494359254837036e-01
3.264532610774040222e-02 1.049594402313232422e+00 5.185738205909729004e-01 -1.733652710914611816e+00 7.178255319595336914e-01
-4.540521800518035889e-01 -4.874182045459747314e-01 -1.075130924582481384e-01 7.502996325492858887e-01 7.725463509559631348e-01
-9.421460032463073730e-01 -6.201217770576477051e-01 3.147501647472381592e-01 3.495024740695953369e-01 -8.968939185142517090e-01
3.683429360389709473e-01 4.261228740215301514e-01 5.064496397972106934e-01 -2.158036082983016968e-01 2.496287822723388672e-01
1.149706244468688965e+00 1.383888423442840576e-01 -1.162965655326843262e+00 1.174237966537475586e+00 -9.771771728992462158e-02
1.417618058621883392e-02 7.731318473815917969e-01 2.045018196105957031e+00 -5.107190459966659546e-02 -4.759896099567413330e-01
1.027770712971687317e-01 8.399541974067687988e-01 -6.243800520896911621e-01 1.374349713325500488e+00 8.100298643112182617e-01
-7.215294241905212402e-01 -1.132895231246948242e+00 -5.184486508369445801e-01 3.291578888893127441e-01 -2.481519132852554321e-01
-1.056083813309669495e-01 5.341626405715942383e-01 5.043060779571533203e-01 -5.400918126106262207e-01 1.536706555634737015e-02
4.148164391517639160e-01 6.245979294180870056e-02 -4.082671701908111572e-01 6.474025845527648926e-01 -5.035669803619384766e-01
-3.059793412685394287e-01 -9.895207881927490234e-01 6.552912294864654541e-02 -1.438486337661743164e+00 9.949679970741271973e-01
-8.778009414672851562e-01 6.530450582504272461e-01 2.631130516529083252e-01 7.549530267715454102e-01 1.073729515075683594e+00
5.647253394126892090e-01 -7.536152005195617676e-01 4.438428580760955811e-01 8.986648917198181152e-01 -1.026938557624816895e+00
1.852406501770019531e+00 -1.354964375495910645e+00 2.198888778686523438e+00 1.229771152138710022e-01 -2.593524456024169922e-01
1.604397892951965332e+00 -1.766541838645935059e+00 -9.673734754323959351e-02 7.397192716598510742e-01 -1.404945254325866699e+00
1.700847297906875610e-01 -1.191253423690795898e+00 -1.581530332565307617e+00 -1.118906497955322266e+00 -8.307309746742248535e-01
-1.340384244918823242e+00 -2.835877053439617157e-02 8.054947108030319214e-02 7.335370182991027832e-01 2.360257059335708618e-01
4.862554371356964111e-01 1.923395633697509766e+00 -1.399176359176635742e+00 -4.386388957500457764e-01 2.925858795642852783e-01
-1.470940262079238892e-01 -4.855495691299438477e-01 2.298926562070846558e-01 -4.816827476024627686e-01 -7.933576703071594238e-01
-9.524062275886535645e-01 -9.763742983341217041e-02 -1.690319895744323730e+00 2.464987486600875854e-01 -8.568242788314819336e-01
2.422894090414047241e-01 1.034195065498352051e+00 -6.704742312431335449e-01 -7.574696540832519531e-01 8.047184944152832031e-01
8.132668137550354004e-01 9.842885136604309082e-01 -9.705983400344848633e-01 2.105515301227569580e-01 1.534952402114868164e+00
-1.315580248832702637e+00 -2.027998208999633789e+00 2.963127493858337402e-01 7.651786208152770996e-01 -5.140119194984436035e-01
9.543494582176208496e-01 3.009646236896514893e-01 -1.343649506568908691e+00 7.212825417518615723e-01 -4.983875751495361328e-01
-9.869159460067749023e-01 3.647040426731109619e-01 8.774904161691665649e-02 1.919905543327331543e-01 -3.559331223368644714e-02
2.277550458908081055e+00 -1.401763409376144409e-01 -1.767730832099914551e+00 9.286922812461853027e-01 4.014657735824584961e-01
7.966582775115966797e-01 7.337572574615478516e-01 -4.198270738124847412e-01 -4.512266814708709717e-01 -1.147914290428161621e+00
1.092120781540870667e-01 2.976121902465820312e-01 1.010280728340148926e+00 1.790780901908874512e+00 -1.144032597541809082e+00
4.253183677792549133e-02 3.155691325664520264e-01 1.145786881446838379e+00 1.768492937088012695e+00 -1.241658091545104980e+00
8.394140750169754028e-02 1.428387761116027832e+00 2.225003242492675781e+00 1.510201454162597656e+00 -8.743838071823120117e-01
-7.887817919254302979e-02 -3.939108848571777344e-01 4.461855292320251465e-01 -7.361958026885986328e-01 5.530599355697631836e-01
1.635695248842239380e-01 1.102813482284545898e+00 1.659356474876403809e+00 1.825123548507690430e+00 -1.106561422348022461e+00
5.704840421676635742e-01 9.827439188957214355e-01 5.022923350334167480e-01 4.153991937637329102e-01 -8.852918446063995361e-02
-3.351993560791015625e-01 -7.597496360540390015e-02 1.030143260955810547e+00 1.198621273040771484e+00 -1.364258289337158203e+00
3.619258403778076172e-01 1.402840495109558105e+00 1.595151782035827637e+00 1.290089726448059082e+00 -6.050437688827514648e-01
5.675328373908996582e-01 1.354123711585998535e+00 1.022377014160156250e+00 4.741005003452301025e-01 7.906143665313720703e-01
-2.219193242490291595e-02 -4.174150526523590088e-02 4.077182114124298096e-01 1.400570869445800781e+00 -1.276911497116088867e-01
1.287188082933425903e-01 2.044353783130645752e-01 5.657845139503479004e-01 1.330337762832641602e+00 4.925530776381492615e-02
5.605448782444000244e-02 2.763203978538513184e-01 1.129003405570983887e+00 1.597859501838684082e+00 -1.279750585556030273e+00
9.773304462432861328e-01 1.704161882400512695e+00 8.665003180503845215e-01 9.658622741699218750e-01 1.678450107574462891e-01
3.979226350784301758e-01 9.064882993698120117e-01 8.780226707458496094e-01 1.247566461563110352e+00 -6.049345731735229492e-01
3.876829743385314941e-01 2.591653466224670410e-01 1.232149600982666016e-01 1.785080552101135254e+00 -7.828189134597778320e-01
-2.860549688339233398e-01 -2.166201174259185791e-01 1.089290007948875427e-01 5.655245184898376465e-01 -1.250325918197631836e+00
2.014723122119903564e-01 6.371552944183349609e-01 9.384921789169311523e-01 5.355600118637084961e-01 8.955125510692596436e-02
-8.054399490356445312e-01 3.494408726692199707e-02 1.079168796539306641e+00 8.625394105911254883e-01 -1.065257191658020020e+00
-1.054065108299255371e+00 -7.754145264625549316e-01 1.106704950332641602e+00 -8.624824881553649902e-01 -2.349337339401245117e-01
-5.748851895332336426e-01 -1.025918006896972656e+00 -7.703105360269546509e-02 -2.684881389141082764e-01 -8.666039258241653442e-02
-1.249745264649391174e-01 2.570205032825469971e-01 3.871034085750579834e-01 -1.763439297676086426e+00 1.151218563318252563e-01
-8.311016112565994263e-02 -1.753234118223190308e-01 1.037036418914794922e+00 -2.752638757228851318e-01 5.789077281951904297e-01
4.202070236206054688e-01 3.367913961410522461e-01 1.244765281677246094e+00 -1.107971787452697754e+00 -8.461686372756958008e-01
4.686712473630905151e-02 -3.022603988647460938e-01 8.646817207336425781e-01 2.222071170806884766e+00 -1.703897833824157715e+00
1.166573762893676758e-01 -2.089786529541015625e-01 -7.536056637763977051e-01 -5.781226158142089844e-01 -8.653808236122131348e-01
-1.644358992576599121e+00 -1.076516985893249512e+00 2.068809121847152710e-01 1.022772192955017090e+00 -1.913122832775115967e-01
5.876117944717407227e-01 3.144533932209014893e-01 6.308797001838684082e-01 -7.869646549224853516e-01 -9.816579222679138184e-01
-6.533810496330261230e-02 -1.054195035248994827e-02 2.649325132369995117e+00 2.685491144657135010e-01 -2.309899568557739258e+00
1.288563758134841919e-01 7.190141677856445312e-01 1.726621985435485840e+00 2.270852327346801758e+00 -1.749602794647216797e+00
1.544502824544906616e-01 2.539934515953063965e-01 1.171009659767150879e+00 2.817591905593872070e+00 -1.868665099143981934e+00
2.104531973600387573e-01 2.815732359886169434e-01 1.365405797958374023e+00 7.097542285919189453e-01 -6.610942482948303223e-01
2.325559705495834351e-01 6.593733280897140503e-02 -7.276377826929092407e-02 4.892129451036453247e-02 -7.472960352897644043e-01
5.702672004699707031e-01 1.114059805870056152e+00 1.231906533241271973e+00 2.275688648223876953e-01 1.466618478298187256e-01
-1.006029248237609863e+00 7.580147385597229004e-01 1.028769493103027344e+00 9.292311072349548340e-01 -8.217261433601379395e-01
5.950998514890670776e-02 1.716832071542739868e-01 1.167269468307495117e+00 6.730567216873168945e-01 -1.012145996093750000e+00
2.795317471027374268e-01 1.893518269062042236e-01 -3.723395764827728271e-01 -7.613072991371154785e-01 -1.590429693460464478e-01
9.831851720809936523e-02 -5.901425480842590332e-01 -2.512221336364746094e-01 2.056831359863281250e+00 -1.659231305122375488e+00
3.347012102603912354e-01 7.644151449203491211e-01 1.095094919204711914e+00 8.349159359931945801e-01 -6.806449890136718750e-01
6.675246953964233398e-01 1.029441356658935547e+00 1.835478425025939941e+00 1.776039838790893555e+00 -8.358282446861267090e-01
3.491206765174865723e-01 9.131979942321777344e-01 1.161114096641540527e+00 1.667894482612609863e+00 -4.706430435180664062e-01
1.149741336703300476e-01 1.375310659408569336e+00 2.171378850936889648e+00 1.069615006446838379e+00 -6.062062978744506836e-01
-3.911198079586029053e-01 2.095910608768463135e-01 9.213070273399353027e-01 -1.367865055799484253e-01 -9.930437803268432617e-01
1.902775764465332031e-01 1.090432763099670410e+00 9.158991575241088867e-01 -6.150694489479064941e-01 1.201248541474342346e-01
2.271963469684123993e-02 8.012882471084594727e-01 1.244719743728637695e+00 -2.572623789310455322e-01 -5.598445534706115723e-01
-1.659291684627532959e-01 2.262487262487411499e-01 5.689567923545837402e-01 6.496249437332153320e-01 -8.953529000282287598e-01
-1.242540836334228516e+00 -1.193745255470275879e+00 2.610342502593994141e-01 -3.355301022529602051e-01 -1.070436358451843262e+00
1.124007925391197205e-01 -2.197835594415664673e-01 -1.342700004577636719e+00 -7.906557321548461914e-01 1.285101175308227539e+00
4.498245939612388611e-02 7.238041758537292480e-01 1.192843675613403320e+00 1.310384631156921387e+00 -2.287380993366241455e-01
2.357853412628173828e+00 -2.832680344581604004e-01 5.898260474205017090e-01 1.393152773380279541e-01 8.365016579627990723e-01
2.841904461383819580e-01 1.289034128189086914e+00 1.774451971054077148e+00 1.201225280761718750e+00 -3.846430182456970215e-01
1.037280187010765076e-01 1.159626603126525879e+00 1.114349365234375000e+00 -1.458843797445297241e-01 -1.172842159867286682e-01
8.497710824012756348e-01 5.421241521835327148e-01 -5.496524572372436523e-01 1.370857000350952148e+00 4.359086975455284119e-02
5.332558881491422653e-03 -2.547347843647003174e-01 4.628422483801841736e-02 3.563018441200256348e-01 -1.504716277122497559e-01
3.105783462524414062e-01 -8.888693153858184814e-02 1.844965368509292603e-01 2.430389165878295898e+00 -5.768213868141174316e-01
6.898571252822875977e-01 -3.881550133228302002e-01 -2.026684395968914032e-02 2.216661691665649414e+00 2.083623223006725311e-02
5.254185795783996582e-01 1.385790228843688965e+00 1.413059949874877930e+00 1.014703392982482910e+00 7.127732038497924805e-02
9.692978858947753906e-01 1.280883073806762695e+00 6.095234155654907227e-01 1.172000527381896973e+00 2.239499837160110474e-01
5.127186179161071777e-01 4.843419194221496582e-01 -1.936815530061721802e-01 8.631651997566223145e-01 1.163485527038574219e+00
-5.902300029993057251e-02 -4.785789847373962402e-01 -9.684334397315979004e-01 1.375087976455688477e+00 -8.498396724462509155e-02
1.460099220275878906e+00 7.684890627861022949e-01 -8.376164436340332031e-01 3.731915056705474854e-01 -6.169307827949523926e-01
4.479040503501892090e-01 1.131341338157653809e+00 1.163514018058776855e+00 7.413886189460754395e-01 1.237754672765731812e-01
-1.646254211664199829e-01 1.549939960241317749e-01 1.339472293853759766e+00 1.535905480384826660e+00 -9.902504682540893555e-01
-2.021847963333129883e-01 2.395971119403839111e-01 1.347694993019104004e+00 1.272934317588806152e+00 -9.858828186988830566e-01
9.434900879859924316e-01 1.037046074867248535e+00 4.054810106754302979e-02 9.631842970848083496e-01 6.384537220001220703e-01
9.784492254257202148e-01 1.062006592750549316e+00 -1.145085319876670837e-01 5.385718941688537598e-01 7.001403570175170898e-01
-2.312086969614028931e-01 1.177122116088867188e+00 -1.826739668846130371e+00 9.883570075035095215e-01 1.122121930122375488e+00
-1.084055304527282715e-01 -6.587705612182617188e-01 8.203251361846923828e-01 4.822436869144439697e-01 -5.751144140958786011e-02
1.257539093494415283e-01 1.019902110099792480e+00 8.655651211738586426e-01 -8.133812546730041504e-01 3.408709764480590820e-01
-8.201804012060165405e-02 -2.266350835561752319e-01 4.159485399723052979e-01 -8.573049902915954590e-01 -2.386088669300079346e-01
-6.052259802818298340e-01 7.007570266723632812e-01 9.944416284561157227e-01 -3.745157718658447266e-01 2.629975043237209320e-02
2.198354750871658325e-01 1.323239326477050781e+00 1.864946365356445312e+00 -6.062174439430236816e-01 7.809004783630371094e-01
7.068220376968383789e-01 1.283264398574829102e+00 2.827104628086090088e-01 2.183221131563186646e-01 6.527727842330932617e-01
-5.842133164405822754e-01 7.553524971008300781e-01 7.926122546195983887e-01 2.612145841121673584e-01 -1.168339371681213379e+00
-2.881502509117126465e-01 1.586464494466781616e-01 3.646147847175598145e-01 8.086249232292175293e-01 1.857883810997009277e+00
-1.792926043272018433e-01 1.994016170501708984e+00 -1.193191558122634888e-01 -6.413600444793701172e-01 7.184488177299499512e-01
-3.101849928498268127e-02 3.535746037960052490e-02 5.033024549484252930e-01 6.907382011413574219e-01 1.585824638605117798e-01
5.251195430755615234e-01 1.076100826263427734e+00 2.439908266067504883e+00 1.859892010688781738e+00 -1.329984426498413086e+00
8.007298111915588379e-01 1.343087673187255859e+00 2.269744396209716797e+00 1.701955080032348633e+00 -1.010983467102050781e+00
6.765103936195373535e-01 7.815760970115661621e-01 1.753540039062500000e+00 2.153449058532714844e+00 -1.287315249443054199e+00
6.163610219955444336e-01 4.869154989719390869e-01 1.168912798166275024e-01 6.010997295379638672e-01 -6.997300982475280762e-01
6.376335620880126953e-01 5.443804860115051270e-01 -3.635269999504089355e-01 7.473690509796142578e-01 7.852155566215515137e-01
-3.329224139451980591e-02 1.762390732765197754e-01 1.131439134478569031e-01 -1.130415439605712891e+00 3.224816620349884033e-01
-1.993546128273010254e+00 4.928855970501899719e-02 -7.486087828874588013e-02 -1.320675492286682129e+00 -1.027982473373413086e+00
-2.005607604980468750e+00 2.883327305316925049e-01 -1.173081278800964355e+00 3.672419786453247070e-01 -1.347168684005737305e-01
-2.423940449953079224e-01 -1.161807537078857422e+00 -1.270231604576110840e+00 1.337074637413024902e+00 5.059921145439147949e-01
4.853112697601318359e-01 3.928815424442291260e-01 1.537863850593566895e+00 -1.939325571060180664e+00 2.820314094424247742e-02
8.067288398742675781e-01 9.500609040260314941e-01 1.572581887245178223e+00 2.464064121246337891e+00 -9.933136701583862305e-01
8.859499096870422363e-01 9.998642206192016602e-01 1.500491976737976074e+00 2.451239109039306641e+00 -9.067327976226806641e-01
6.954219341278076172e-01 9.463583230972290039e-01 1.792794942855834961e+00 2.398959636688232422e+00 -1.094659328460693359e+00
-8.831142187118530273e-01 -2.635901272296905518e-01 1.143935799598693848e+00 -1.841159462928771973e-01 3.590063452720642090e-01
1.013613104820251465e+00 1.561028480529785156e+00 1.804631233215332031e+00 1.580500602722167969e+00 -1.149555921554565430e+00
-6.742746829986572266e-01 2.936471104621887207e-01 -1.136110663414001465e+00 4.626803398132324219e-01 1.500935554504394531e+00
4.218416512012481689e-01 1.726428627967834473e+00 -9.568912386894226074e-01 -3.644607961177825928e-01 4.050141572952270508e-01
1.318682551383972168e+00 2.113381862640380859e+00 1.932431817054748535e+00 1.391469240188598633e+00 -7.707497477531433105e-01
9.371699690818786621e-01 1.165839910507202148e+00 1.352405548095703125e+00 1.806503653526306152e+00 -1.294144868850708008e+00
1.998837292194366455e-01 -4.656821489334106445e-01 -6.067920327186584473e-01 -8.306468129158020020e-01 -9.055910110473632812e-01
2.814451158046722412e-01 -2.040392309427261353e-01 1.244937777519226074e+00 -1.413801163434982300e-01 3.904513716697692871e-01
1.501328825950622559e+00 -2.142037600278854370e-01 -8.756027221679687500e-01 1.486767530441284180e+00 1.654861569404602051e-01
-8.877449631690979004e-01 -1.542915105819702148e-01 7.210177779197692871e-01 -4.323127269744873047e-01 -1.376041293144226074e+00
-2.513823211193084717e-01 6.129985675215721130e-03 3.667921423912048340e-01 2.425110191106796265e-01 -8.134912848472595215e-01
-4.023576378822326660e-01 3.329318389296531677e-02 1.840255141258239746e+00 1.979887485504150391e-01 4.042677879333496094e-01
4.708541184663772583e-02 -1.989069879055023193e-01 8.040034174919128418e-01 -4.332475066184997559e-01 -6.977745890617370605e-01
3.722949028015136719e-01 2.063091844320297241e-01 1.004204988479614258e+00 6.619776040315628052e-02 -8.169883489608764648e-01
3.514334261417388916e-01 6.960124373435974121e-01 1.103688836097717285e+00 4.479551911354064941e-01 -1.771698892116546631e-01
9.853001236915588379e-01 1.056780099868774414e+00 1.186269879341125488e+00 2.061011791229248047e+00 -7.061763405799865723e-01
7.405361533164978027e-01 1.096974253654479980e+00 1.709881186485290527e+00 1.807194828987121582e+00 -9.093623161315917969e-01
-4.165624976158142090e-01 5.357432961463928223e-01 9.290381073951721191e-01 -3.636649847030639648e-01 1.047433614730834961e+00
-2.116254270076751709e-01 -1.615496993064880371e+00 7.313796281814575195e-01 3.755615353584289551e-01 1.318864226341247559e-01
4.416056573390960693e-01 6.128571629524230957e-01 1.634969353675842285e+00 2.156654119491577148e+00 -1.428908824920654297e+00
8.014589548110961914e-01 1.162812709808349609e+00 1.672171354293823242e+00 1.888462424278259277e+00 -9.383022189140319824e-01
8.126497864723205566e-01 8.809570074081420898e-01 1.311860561370849609e+00 2.037211179733276367e+00 -8.899006247520446777e-01
-1.475943565368652344e+00 1.461413264274597168e+00 -3.452235460281372070e-01 7.456078380346298218e-02 -5.433292984962463379e-01
-9.845450520515441895e-02 -9.808343052864074707e-01 1.029941916465759277e+00 2.890038788318634033e-01 3.861564099788665771e-01
1.527474820613861084e-01 1.004438281059265137e+00 -2.158109426498413086e+00 1.269600540399551392e-01 -8.456209301948547363e-01
-3.134608566761016846e-01 1.091604113578796387e+00 -8.512313961982727051e-01 2.472299337387084961e-02 -7.478498816490173340e-01
7.007867693901062012e-01 1.834454536437988281e+00 1.945853710174560547e+00 5.966829061508178711e-01 6.734432280063629150e-02
7.409509420394897461e-01 2.355809211730957031e+00 2.577534675598144531e+00 1.948456019163131714e-01 2.309366762638092041e-01
8.748357295989990234e-01 1.899207472801208496e+00 1.699996948242187500e+00 6.410160660743713379e-01 2.510868012905120850e-01
7.126076817512512207e-01 2.151592254638671875e+00 2.374671936035156250e+00 3.035151064395904541e-01 1.578603088855743408e-01
1.015757918357849121e+00 2.063478231430053711e+00 1.664882540702819824e+00 6.289708018302917480e-01 4.088731110095977783e-01
1.161074995994567871e+00 1.375285506248474121e+00 5.160565376281738281e-01 1.370928406715393066e+00 4.140819907188415527e-01
9.189905524253845215e-01 1.333954691886901855e+00 8.948361873626708984e-01 1.186463117599487305e+00 1.606983989477157593e-01
5.018784105777740479e-02 5.126055479049682617e-01 -2.798021435737609863e-01 2.666285037994384766e+00 1.843218058347702026e-01
1.549598062410950661e-03 9.557209014892578125e-01 -1.260593295097351074e+00 3.804689049720764160e-01 -3.427752256393432617e-01
-5.260372757911682129e-01 1.452999472618103027e+00 -4.495124816894531250e-01 2.136247903108596802e-01 8.257221579551696777e-01
-3.005106449127197266e+00 4.452542364597320557e-01 -2.378128767013549805e-01 1.568103551864624023e+00 -1.122252464294433594e+00
2.589614868164062500e+00 1.526082903146743774e-01 1.506694555282592773e-01 -2.959002554416656494e-01 7.782984375953674316e-01
3.521068021655082703e-02 -2.056304514408111572e-01 1.612260460853576660e+00 2.541835784912109375e+00 6.233754754066467285e-01
-1.706433743238449097e-01 -6.553300023078918457e-01 1.457541704177856445e+00 2.881745100021362305e+00 1.026875898241996765e-01
-1.773891597986221313e-01 -6.583093404769897461e-01 1.462100982666015625e+00 2.828500986099243164e+00 9.349527955055236816e-02
2.189866006374359131e-01 -5.317299365997314453e-01 9.420731663703918457e-01 2.911291122436523438e+00 8.120989203453063965e-01
-3.464346826076507568e-01 -8.638424277305603027e-01 1.305457353591918945e+00 2.819011449813842773e+00 2.823976986110210419e-02
7.563622668385505676e-03 -1.702380657196044922e+00 -3.684776276350021362e-02 3.677141666412353516e+00 5.083740949630737305e-01
-3.405177295207977295e-01 -6.924239993095397949e-01 1.701930880546569824e+00 2.403398275375366211e+00 3.589865863323211670e-01
1.014081001281738281e+00 4.782086014747619629e-01 -1.244902849197387695e+00 1.735006332397460938e+00 2.121273994445800781e+00
-1.311091899871826172e+00 -4.166431725025177002e-01 3.340713977813720703e-01 -4.805099219083786011e-02 -6.355175375938415527e-01
-9.813056588172912598e-01 1.318654775619506836e+00 1.867013335227966309e+00 3.946970403194427490e-01 -8.597220182418823242e-01
-4.959515333175659180e-01 -3.888406753540039062e-01 3.389693051576614380e-02 -6.276511549949645996e-01 -5.259717702865600586e-01
6.465150117874145508e-01 3.891643583774566650e-01 -1.741838455200195312e-01 -6.332579851150512695e-01 -1.476996183395385742e+00
8.723428845405578613e-01 -1.400888204574584961e+00 -6.521785259246826172e-01 1.746661067008972168e+00 3.651851117610931396e-01
