2.191806316375732422e+00
1.654245257377624512e+00
9.881405234336853027e-01
-2.429748624563217163e-01
1.615744948387145996e+00
3.221063017845153809e-01
3.567647635936737061e-01
6.242192387580871582e-01
2.413235902786254883e+00
1.082625293731689453e+01
5.762828826904296875e+00
4.650199413299560547e+00
2.968392610549926758e+00
-8.072075992822647095e-02
2.050960302352905273e+00
1.357610464096069336e+00
-4.668139815330505371e-01
4.432517051696777344e+00
3.211659908294677734e+00
1.872746944427490234e-01
-1.239434003829956055e+00
9.266750216484069824e-01
5.001474857330322266e+00
5.592536449432373047e+00
3.875816106796264648e+00
2.246702194213867188e+00
2.084655523300170898e+00
-1.793390631675720215e+00
-1.212371885776519775e-01
2.427579462528228760e-01
1.138471513986587524e-01
1.298726439476013184e+00
-1.539141654968261719e+00
-1.485069274902343750e+00
-1.336290121078491211e+00
1.350335478782653809e+00
1.904237270355224609e+00
2.728343486785888672e+00
2.514481067657470703e+00
-5.944037437438964844e-01
-8.825215697288513184e-01
1.681425809860229492e+00
1.068631887435913086e+00
-2.024420648813247681e-01
-1.257638692855834961e+00
-1.242273926734924316e+00
1.789240956306457520e+00
1.073223575949668884e-01
2.254661023616790771e-01
-8.987733125686645508e-01
1.213737607002258301e+00
1.447293460369110107e-01
-4.855851233005523682e-01
9.506554007530212402e-01
-8.007767796516418457e-01
1.113417148590087891e+00
-6.241716071963310242e-02
1.029998779296875000e+00
1.174478149414062500e+01
1.065672683715820312e+01
1.102724266052246094e+01
1.221657371520996094e+01
1.130891609191894531e+01
7.158183097839355469e+00
5.551033496856689453e+00
3.891921758651733398e+00
5.208960056304931641e+00
-6.959235668182373047e-01
2.923050150275230408e-02
2.123082160949707031e+00
2.641746759414672852e+00
6.586899280548095703e+00
5.859086990356445312e+00
4.570463180541992188e+00
4.859668254852294922e+00
2.577790737152099609e+00
2.833950042724609375e+00
4.603121280670166016e+00
1.022306919097900391e+00
3.140146732330322266e+00
7.494714736938476562e+00
9.016310691833496094e+00
3.357734918594360352e+00
2.066714763641357422e+00
8.555942535400390625e+00
5.454033851623535156e+00
6.052852869033813477e-01
1.008544087409973145e+00
-7.139459252357482910e-01
-1.161052733659744263e-01
9.089322090148925781e+00
9.020699501037597656e+00
8.882790207862854004e-01
4.006417751312255859e+00
1.395533561706542969e+00
2.115429639816284180e+00
9.445636272430419922e-01
2.493100166320800781e+00
5.717308521270751953e+00
4.476314544677734375e+00
6.840380668640136719e+00
5.377958297729492188e+00
9.426641464233398438e+00
9.423042297363281250e+00
6.416676998138427734e+00
5.579843521118164062e+00
7.803954601287841797e+00
8.967452049255371094e+00
6.349670410156250000e+00
8.133865356445312500e+00
9.096820831298828125e+00
3.083378314971923828e+00
1.327837944030761719e+00
1.657673954963684082e+00
4.903345406055450439e-01
1.278113484382629395e+00
2.053187370300292969e+00
8.090120315551757812e+00
4.186591148376464844e+00
2.856987714767456055e+00
2.358192443847656250e+00
-1.855970472097396851e-01
8.757055401802062988e-01
-1.775459945201873779e-01
1.931263804435729980e+00
3.475614547729492188e+00
4.494074821472167969e+00
2.714781522750854492e+00
-1.237665042281150818e-01
6.704393863677978516e+00
6.307822704315185547e+00
5.258268356323242188e+00
-1.144037008285522461e+00
-5.562660098075866699e-01
1.793736696243286133e+00
-4.076823294162750244e-01
5.462342739105224609e+00
6.233955860137939453e+00
4.502911090850830078e+00
1.453002214431762695e+00
1.718775272369384766e+00
2.309384584426879883e+00
-2.045170545578002930e+00
6.248679757118225098e-01
-6.436821818351745605e-01
-1.072794795036315918e+00
8.627884864807128906e+00
1.901955485343933105e+00
9.959421157836914062e-01
2.275732278823852539e+00
1.642472743988037109e+00
-7.256635278463363647e-02
2.476234197616577148e+00
7.098036766052246094e+00
5.756954550743103027e-01
-1.334843039512634277e+00
5.095933675765991211e-01
1.608901619911193848e+00
7.915112495422363281e+00
7.816489219665527344e+00
-3.047233819961547852e-01
7.171428203582763672e-01
3.537801980972290039e+00
2.713750839233398438e+00
-1.311606407165527344e+00
-1.298517107963562012e+00
7.609428405761718750e+00
8.988758087158203125e+00
2.538426637649536133e+00
2.814027547836303711e+00
5.563421249389648438e-01
8.049650192260742188e-01
2.585807561874389648e+00
3.148757219314575195e+00
7.393225193023681641e+00
7.286430835723876953e+00
3.162571042776107788e-02
-5.649251937866210938e-01
1.754907250404357910e+00
3.205659866333007812e+00
-1.593392372131347656e+00
-2.294448316097259521e-01
9.025480747222900391e-01
1.952107310295104980e+00
6.690883040428161621e-01
7.922196388244628906e+00
4.937896251678466797e+00
3.890466451644897461e+00
-1.085228204727172852e+00
1.596909761428833008e+00
2.977368235588073730e-01
8.718643784523010254e-01
5.201098322868347168e-01
-3.492048680782318115e-01
-8.199899643659591675e-02
3.332472085952758789e+00
2.681343078613281250e+00
-1.049000740051269531e+00
1.187300920486450195e+00
5.368106961250305176e-01
-2.420705795288085938e+00
-1.193913936614990234e+00
3.393658101558685303e-01
8.015110492706298828e-01
1.867864608764648438e+00
-1.038453936576843262e+00
3.844469487667083740e-01
7.753011584281921387e-01
1.682490348815917969e+00
2.194404453039169312e-01
-8.373855613172054291e-03
1.234987258911132812e+00
-2.133246421813964844e+00
-1.451157927513122559e+00
4.256022930145263672e+00
-8.169459700584411621e-01
1.611511588096618652e+00
2.809912443161010742e+00
3.797540664672851562e-01
-3.245883882045745850e-01
5.270200371742248535e-01
-1.124493122100830078e+00
1.247334837913513184e+00
8.478930473327636719e+00
8.379863739013671875e+00
5.484609603881835938e+00
-9.256468415260314941e-01
3.517302572727203369e-01
8.993859291076660156e-01
2.921687960624694824e-01
1.632092356681823730e+00
-1.046599149703979492e+00
4.640545368194580078e+00
2.784754633903503418e-01
1.305498123168945312e+00
2.647663116455078125e+00
1.308806180953979492e+00
9.814908504486083984e-01
1.464599728584289551e+00
7.717180252075195312e-01
9.080306887626647949e-01
2.547888040542602539e+00
1.210180044174194336e+00
1.245708584785461426e+00
2.164101362228393555e+00
-6.066928151994943619e-03
2.074871301651000977e+00
2.409908294677734375e+00
5.990629196166992188e-01
1.426629185676574707e+00
-2.432404994964599609e+00
-1.107504487037658691e+00
1.442148923873901367e+00
-1.219201445579528809e+00
1.449855327606201172e+00
7.380579113960266113e-01
1.328202724456787109e+00
2.452342987060546875e+00
9.741056561470031738e-01
1.429063320159912109e+00
-1.062050104141235352e+00
1.541076898574829102e+00
3.725689888000488281e+00
2.703128099441528320e+00
-1.046761393547058105e+00
3.657637536525726318e-01
3.465910851955413818e-01
8.418421745300292969e+00
9.349987030029296875e+00
4.238840103149414062e+00
1.595226287841796875e+00
1.470626235008239746e+00
6.149582862854003906e-01
1.011780500411987305e+00
1.447719216346740723e+00
8.209863662719726562e+00
7.176037311553955078e+00
5.153176307678222656e+00
5.266614913940429688e+00
3.775432407855987549e-01
1.091320872306823730e+00
1.867637872695922852e+00
1.206833481788635254e+00
7.479020118713378906e+00
6.106783151626586914e-01
-7.895812988281250000e-01
7.429808974266052246e-01
3.518304228782653809e-01
4.996463298797607422e+00
-2.385319322347640991e-01
-1.898431062698364258e+00
6.334354877471923828e-01
1.756209015846252441e+00
3.692418098449707031e+00
2.653413295745849609e+00
2.213749170303344727e+00
2.975867748260498047e+00
5.378722190856933594e+00
1.846797466278076172e+00
2.923471331596374512e-01
2.071675539016723633e+00
9.185443520545959473e-01
1.981407880783081055e+00
3.043310046195983887e-01
1.091861367225646973e+00
1.772514462471008301e+00
9.602209329605102539e-01
5.533747076988220215e-01
-1.327204227447509766e+00
2.974517822265625000e+00
1.772681474685668945e+00
1.638107538223266602e+00
1.820114701986312866e-01
-3.610714897513389587e-02
2.333215713500976562e+00
3.909777879714965820e+00
7.668383717536926270e-01
5.842857360839843750e+00
2.271189451217651367e+00
1.390838384628295898e+00
-5.879506468772888184e-01
2.293518045917153358e-04
7.953113317489624023e-01
1.203219294548034668e+00
1.116463184356689453e+00
1.298302888870239258e+00
1.029179082252085209e-03
-1.132319927215576172e+00
2.098928689956665039e+00
-7.434636354446411133e-01
4.787794351577758789e-01
1.450526952743530273e+00
1.707462221384048462e-01
-5.107496380805969238e-01
1.644644141197204590e+00
5.202493667602539062e-01
-2.806589901447296143e-01
4.042644500732421875e-01
-4.269913136959075928e-01
-1.172430038452148438e+00
6.431574344635009766e+00
1.931811809539794922e+00
2.712303161621093750e+00
5.778000831604003906e+00
6.386992931365966797e+00
2.761800527572631836e+00
5.274558544158935547e+00
2.790132284164428711e+00
4.106493473052978516e+00
3.844742298126220703e+00
-4.467060267925262451e-01
-6.498447060585021973e-01
9.419497847557067871e-01
2.989240884780883789e+00
4.424294471740722656e+00
2.261468887329101562e+00
3.036999702453613281e+00
1.775028109550476074e-01
-2.161239981651306152e-01
2.975909471511840820e+00
-9.184349775314331055e-01
-1.408564686775207520e+00
-1.733420968055725098e+00
8.109886169433593750e+00
1.311840295791625977e+00
1.312271058559417725e-01
4.538809061050415039e-01
-6.311503648757934570e-01
7.745850563049316406e+00
8.058635711669921875e+00
9.003409385681152344e+00
5.698712825775146484e+00
4.994210720062255859e+00
9.630461335182189941e-01
-2.922986745834350586e-01
2.495816707611083984e+00
4.395385086536407471e-01
4.620579719543457031e+00
2.821869961917400360e-02
9.818649291992187500e-01
-5.056010484695434570e-01
1.038054347038269043e+00
2.686472535133361816e-01
-3.566924035549163818e-01
1.075654149055480957e+00
1.031714840792119503e-03
-9.202015399932861328e-01
2.050624132156372070e+00
6.938999176025390625e+00
3.048031628131866455e-01
-8.057036995887756348e-02
7.920419692993164062e+00
1.432467103004455566e+00
2.400155305862426758e+00
2.024300575256347656e+00
6.219110488891601562e-01
1.359371900558471680e+00
5.187900066375732422e-01
2.224541902542114258e+00
4.203038215637207031e-01
1.807194471359252930e+00
1.888618767261505127e-01
-2.626223862171173096e-01
2.871080935001373291e-01
-3.325274586677551270e-01
1.903856098651885986e-01
-1.331973791122436523e+00
-1.693417072296142578e+00
1.390343666076660156e+00
1.275545120239257812e+00
2.626678943634033203e-01
-1.023491859436035156e+00
1.252301096916198730e+00
3.823564648628234863e-01
1.313621520996093750e+00
2.968335747718811035e-01
1.400048434734344482e-01
1.455592960119247437e-01
1.957666426897048950e-01
3.280191719532012939e-01
-4.005599617958068848e-01
-1.289222836494445801e-01
7.651090145111083984e+00
7.802984714508056641e+00
2.955556869506835938e+00
1.907590627670288086e+00
3.491291999816894531e+00
2.038246393203735352e+00
7.825405001640319824e-01
4.878369331359863281e+00
1.568915128707885742e+00
1.416115045547485352e+00
2.610112190246582031e+00
6.396651268005371094e+00
6.114997386932373047e+00
4.550141334533691406e+00
3.780546903610229492e+00
-1.128436803817749023e+00
1.048265576362609863e+00
2.043031930923461914e+00
6.002317667007446289e-01
3.511404395103454590e-01
2.469249367713928223e-01
-4.208789765834808350e-02
-1.379617691040039062e+00
6.130489349365234375e+00
2.000821352005004883e+00
-1.519516706466674805e-01
5.457463264465332031e-01
1.325370550155639648e+00
4.321616649627685547e+00
4.759559631347656250e+00
4.167532920837402344e+00
1.640331864356994629e+00
9.889303445816040039e-01
1.062237143516540527e+00
4.791923761367797852e-01
-3.373295068740844727e-01
7.719886302947998047e-01
-7.446606159210205078e-01
8.997923851013183594e+00
6.455729007720947266e+00
4.584587097167968750e+00
1.999572038650512695e+00
2.341828346252441406e+00
3.602016270160675049e-01
-1.185173869132995605e+00
8.937811851501464844e-01
-2.684400379657745361e-01
-1.141325712203979492e+00
-1.294277548789978027e+00
3.966212272644042969e+00
1.184770941734313965e+00
-5.845666527748107910e-01
3.314609289169311523e+00
2.561249494552612305e+00
2.812466621398925781e+00
3.502862691879272461e+00
1.275655388832092285e+00
1.149742484092712402e+00
8.801884651184082031e-01
-4.587323069572448730e-01
2.073929548263549805e+00
2.879157066345214844e+00
5.050715446472167969e+00
2.491296291351318359e+00
2.326421022415161133e+00
-9.219353795051574707e-01
1.146889999508857727e-01
-5.815241932868957520e-01
-7.972500324249267578e-01
-2.250944375991821289e+00
-2.417811155319213867e-01
9.900188446044921875e-01
-9.829248189926147461e-01
-5.464797019958496094e-01
1.625457048416137695e+00
-7.895122170448303223e-01
6.950031757354736328e+00
8.134909629821777344e+00
6.761681556701660156e+00
5.873539447784423828e-01
-5.093729496002197266e-01
2.916169762611389160e-01
4.419547915458679199e-01
8.588564991950988770e-01
-6.178193688392639160e-01
-3.029409646987915039e-01
5.813272953033447266e+00
5.698568344116210938e+00
5.124288082122802734e+00
-6.886265426874160767e-02
3.453377723693847656e+00
-9.582551568746566772e-02
-1.083447217941284180e+00
3.975647449493408203e+00
3.886470317840576172e+00
-5.524950101971626282e-02
-1.478180009871721268e-02
-2.465067207813262939e-01
-3.251246511936187744e-01
-5.729106068611145020e-01
-1.628065109252929688e+00
5.326548218727111816e-01
2.203266859054565430e+00
2.134708881378173828e+00
4.125973224639892578e+00
2.643456459045410156e+00
8.535955548286437988e-01
1.542213201522827148e+00
4.159942150115966797e+00
3.576410770416259766e+00
3.392406940460205078e+00
1.173994183540344238e+00
-4.409682750701904297e-01
-1.804392598569393158e-02
1.131238460540771484e+00
5.768407821655273438e+00
5.409541606903076172e+00
5.030114173889160156e+00
5.521658897399902344e+00
4.989936828613281250e+00
6.354289054870605469e+00
5.030528068542480469e+00
-5.413515120744705200e-02
-9.942715764045715332e-01
-4.099428355693817139e-01
-1.115484118461608887e+00
-3.882585167884826660e-01
4.094882965087890625e+00
4.268510818481445312e+00
4.244233131408691406e+00
3.850415229797363281e+00
5.425009727478027344e+00
2.636044263839721680e+00
2.604654073715209961e+00
1.291294693946838379e+00
1.120650291442871094e+00
1.354772746562957764e-01
7.750900089740753174e-02
-4.208165407180786133e-01
-4.700639098882675171e-02
