-4.451157748699188232e-01 -5.995062589645385742e-01 -1.021044015884399414e+00 1.416328310966491699e+00 1.217502877116203308e-01
5.869420617818832397e-02 1.728720307350158691e+00 -2.429771572351455688e-01 -1.057677507400512695e+00 -1.679611563682556152e+00
7.911102175712585449e-01 5.299905538558959961e-01 4.410090148448944092e-01 -4.880479350686073303e-02 -4.052249193191528320e-01
-7.538765668869018555e-01 -1.078634381294250488e+00 7.808422446250915527e-01 1.665072739124298096e-01 -5.726251006126403809e-01
-6.864703893661499023e-01 -2.149550765752792358e-01 -6.040515899658203125e-01 1.664170861244201660e+00 -1.317336112260818481e-01
-9.533995985984802246e-01 7.096672654151916504e-01 -5.706984177231788635e-02 -7.553696632385253906e-02 -5.270482897758483887e-01
-1.562412142753601074e+00 -1.493682265281677246e-01 7.714431285858154297e-01 1.538079977035522461e-01 1.015556454658508301e+00
2.200060933828353882e-01 9.615603089332580566e-01 8.442389369010925293e-01 4.556670784950256348e-01 2.731485292315483093e-02
-8.645154833793640137e-01 9.467355608940124512e-01 -1.352578252553939819e-01 -3.718458116054534912e-01 -1.664863467216491699e+00
-9.749544262886047363e-01 1.435371674597263336e-02 -5.318222641944885254e-01 -3.829618692398071289e-01 -8.036389946937561035e-01
-3.713263571262359619e-01 1.130284547805786133e+00 -1.233657956123352051e+00 1.007563695311546326e-01 -1.353811144828796387e+00
4.296644628047943115e-01 4.784071147441864014e-01 -1.727798819541931152e+00 5.419651865959167480e-01 -9.216936230659484863e-01
-1.616852760314941406e+00 1.064192295074462891e+00 -1.012072443962097168e+00 2.525242328643798828e+00 -2.494202136993408203e+00
-7.503426820039749146e-02 2.218902856111526489e-01 -6.823351979255676270e-01 1.775903254747390747e-01 1.755230426788330078e+00
-1.767127037048339844e+00 9.207381010055541992e-01 5.487655997276306152e-01 1.265738904476165771e-01 -2.103908360004425049e-01
-8.393012881278991699e-01 -5.217289924621582031e-01 4.214787483215332031e-02 -2.546417117118835449e-01 -2.782611846923828125e-01
4.170468151569366455e-01 1.331202030181884766e+00 2.321497917175292969e+00 1.778788447380065918e+00 1.106583833694458008e+00
-1.521646618843078613e+00 3.139576613903045654e-01 -9.037645459175109863e-01 2.990155935287475586e+00 -3.304320096969604492e+00
-2.708482027053833008e+00 8.726830482482910156e-01 -2.605846166610717773e+00 2.187912702560424805e+00 -1.884949088096618652e+00
-1.072214603424072266e+00 4.762348830699920654e-01 7.697174549102783203e-01 -1.438051342964172363e+00 -1.068535685539245605e+00
-1.178540706634521484e+00 -1.882876515388488770e+00 -1.638660728931427002e-01 6.749808192253112793e-01 -6.744343042373657227e-01
-1.197788476943969727e+00 -1.186628118157386780e-01 2.835957407951354980e-01 -1.099120974540710449e+00 -5.928204655647277832e-01
-6.223706603050231934e-01 -6.866821050643920898e-01 -1.386748313903808594e+00 -3.336859643459320068e-01 -1.150279641151428223e+00
-9.312679767608642578e-01 -3.817688226699829102e-01 -1.461091279983520508e+00 -4.651175737380981445e-01 -1.094000339508056641e+00
-1.772104501724243164e-01 -3.242602944374084473e-01 -1.348315477371215820e+00 -1.144797205924987793e+00 -1.810649633407592773e+00
-1.140045881271362305e+00 -1.930721998214721680e-01 -9.849817156791687012e-01 4.328422546386718750e-01 -5.576217770576477051e-01
1.975549757480621338e-01 3.862178325653076172e-01 -9.105553627014160156e-01 -1.128541469573974609e+00 -1.704293251037597656e+00
-4.542936682701110840e-01 8.701464533805847168e-02 1.006418585777282715e+00 -1.593682289123535156e+00 -8.667830824851989746e-01
1.709400713443756104e-01 -6.496578454971313477e-01 -6.141602993011474609e-01 -8.717121481895446777e-01 -1.643463850021362305e+00
-7.010625004768371582e-01 -8.447831869125366211e-02 -9.699536561965942383e-01 -4.530957713723182678e-02 -1.352843344211578369e-01
5.353698730468750000e-01 -6.950206160545349121e-01 -7.040886878967285156e-01 2.193530648946762085e-01 -4.458360970020294189e-01
-6.060949563980102539e-01 -1.408727169036865234e-01 8.399172127246856689e-02 -9.534920006990432739e-02 2.474091947078704834e-02
6.323440670967102051e-01 -1.268560409545898438e+00 -5.714452266693115234e-01 4.687452614307403564e-01 1.651471555233001709e-01
-1.097311615943908691e+00 -1.492481976747512817e-01 -9.082811474800109863e-01 -1.093280792236328125e+00 9.732502698898315430e-01
-6.763719320297241211e-01 1.850278139114379883e+00 5.912536978721618652e-01 8.431195020675659180e-01 -5.006010532379150391e-01
-5.922696590423583984e-01 8.056976646184921265e-02 -3.969721496105194092e-01 -1.342368870973587036e-01 -1.281732201576232910e+00
2.374751418828964233e-01 -9.284889698028564453e-01 -1.230811953544616699e+00 5.886634588241577148e-01 -5.594968199729919434e-01
-1.076978087425231934e+00 -1.152013421058654785e+00 -7.509087920188903809e-01 -5.243179798126220703e-01 -7.818498015403747559e-01
-1.029217123985290527e+00 -1.226148843765258789e+00 -9.400832653045654297e-01 -3.954378664493560791e-01 -5.667325854301452637e-01
1.836907416582107544e-01 -5.373188853263854980e-01 2.429002150893211365e-02 -1.184715330600738525e-01 -2.957490384578704834e-01
5.018586516380310059e-01 -9.451463818550109863e-01 2.314555644989013672e+00 1.135304212570190430e+00 8.116428256034851074e-01
-2.121443152427673340e-01 -3.159590959548950195e-01 -1.148640960454940796e-01 -6.990092396736145020e-01 -1.157945752143859863e+00
-4.928390681743621826e-01 -1.672051548957824707e-01 -1.106300473213195801e+00 1.303209960460662842e-01 -5.573730468750000000e-01
-6.874053478240966797e-01 -8.905408978462219238e-01 -6.834977269172668457e-01 -1.037902593612670898e+00 1.112636208534240723e+00
-7.232386469841003418e-01 -4.679219424724578857e-01 9.916118383407592773e-01 -6.947408914566040039e-01 1.923099905252456665e-01
-1.148347020149230957e+00 -2.948472499847412109e-01 2.041959762573242188e+00 -1.705845952033996582e+00 5.224615335464477539e-01
3.047055006027221680e-01 -7.636486887931823730e-01 5.294835567474365234e-02 -1.558723896741867065e-01 -1.861031889915466309e+00
-1.215858101844787598e+00 -6.598607301712036133e-01 -6.238623261451721191e-01 4.620452523231506348e-01 2.343829572200775146e-01
-1.842239141464233398e+00 2.132205724716186523e+00 -1.104299783706665039e+00 -7.325935959815979004e-01 -3.238563537597656250e-01
5.374598875641822815e-02 -2.102339081466197968e-02 9.777309298515319824e-01 -7.442751526832580566e-02 3.000768423080444336e-01
3.265949487686157227e-01 -1.164502382278442383e+00 1.462775230407714844e+00 1.351587921380996704e-01 9.870140552520751953e-01
-1.071963787078857422e+00 8.239879608154296875e-01 -5.126783251762390137e-01 3.203615248203277588e-01 -4.784767329692840576e-01
5.042847394943237305e-01 1.355890512466430664e+00 -1.127004504203796387e+00 4.391981288790702820e-02 1.483597140759229660e-02
2.991844713687896729e-01 -1.291650682687759399e-01 -9.322866797447204590e-03 9.679068922996520996e-01 -2.646280288696289062e+00
6.775029301643371582e-01 -1.616343855857849121e+00 1.030852079391479492e+00 -1.301250457763671875e+00 -1.105051398277282715e+00
1.232164800167083740e-01 3.440771698951721191e-01 2.539138793945312500e-01 5.767312049865722656e-01 -3.578165471553802490e-01
1.495933234691619873e-01 3.013781905174255371e-01 3.030105233192443848e-01 -1.134486556053161621e+00 4.204562604427337646e-01
-1.415599435567855835e-01 -5.067095756530761719e-01 -1.087279692292213440e-01 -9.599519968032836914e-01 3.226319253444671631e-01
-1.520756602287292480e+00 -1.100950092077255249e-01 -2.425761371850967407e-01 -7.652518153190612793e-02 -2.121165096759796143e-01
-1.488543868064880371e+00 -4.436015710234642029e-02 -1.957278102636337280e-01 -1.971187144517898560e-01 -3.014963865280151367e-01
-1.490370154380798340e+00 -4.276435449719429016e-02 -1.934011131525039673e-01 -1.978721320629119873e-01 -2.895187735557556152e-01
-1.738224625587463379e+00 3.200777769088745117e-01 -3.562121093273162842e-02 -6.559133529663085938e-01 -6.006511449813842773e-01
-1.875719308853149414e+00 -2.294662036001682281e-02 -2.621318399906158447e-01 8.709789835847914219e-04 -1.145505979657173157e-01
-2.000834941864013672e+00 -6.007612347602844238e-01 -5.921161174774169922e-01 4.802289009094238281e-01 1.775781363248825073e-01
-1.877161502838134766e+00 -7.245633602142333984e-01 -6.629863381385803223e-01 6.116262674331665039e-01 3.051268458366394043e-01
-6.557496786117553711e-01 -7.465682625770568848e-01 -9.014140963554382324e-01 1.552543938159942627e-01 -1.861047863960266113e+00
-9.279080033302307129e-01 -7.351709604263305664e-01 -9.583147168159484863e-01 3.119981884956359863e-01 -1.741000533103942871e+00
-4.324235916137695312e-01 -2.001067698001861572e-01 -4.913862049579620361e-01 -1.354179382324218750e-01 -1.024913549423217773e+00
-1.311864376068115234e+00 6.218993067741394043e-01 2.863424457609653473e-02 2.717467784881591797e+00 -3.558775782585144043e-01
-9.232829809188842773e-01 -2.316795587539672852e-01 -9.935504198074340820e-01 -3.855127692222595215e-01 -2.087332010269165039e+00
-1.197673678398132324e+00 -1.123886227607727051e+00 -9.352172613143920898e-01 1.207168102264404297e+00 -5.522840023040771484e-01
-1.156316697597503662e-01 -1.489687800407409668e+00 -8.728148937225341797e-01 -3.960139751434326172e-01 1.969041973352432251e-01
-2.407995611429214478e-01 -1.616096496582031250e+00 -9.615454077720642090e-01 -6.193218752741813660e-02 4.777893126010894775e-01
-6.112232208251953125e-01 -1.346794843673706055e+00 6.387597918510437012e-01 -2.552903890609741211e-01 -1.172140955924987793e+00
-1.123340487480163574e+00 -9.804875254631042480e-01 3.803271055221557617e-01 -8.265011310577392578e-01 -9.040377140045166016e-01
-1.010030865669250488e+00 -1.214431881904602051e+00 -1.044505357742309570e+00 7.314310669898986816e-01 -9.565955996513366699e-01
-1.500985741615295410e+00 -4.254280328750610352e-01 -9.008658528327941895e-01 -5.626567080616950989e-02 -1.364285707473754883e+00
-7.850446701049804688e-01 -1.260267496109008789e+00 -1.313721418380737305e+00 6.215249300003051758e-01 -8.963995575904846191e-01
-6.586454510688781738e-01 -1.270087242126464844e+00 -1.305431485176086426e+00 7.602953910827636719e-01 -8.142049908638000488e-01
-1.134722352027893066e+00 -8.082592487335205078e-01 -1.443719983100891113e+00 9.783614873886108398e-01 2.133430093526840210e-01
-1.465236544609069824e+00 -1.100487351417541504e+00 -8.880320191383361816e-01 -1.928804069757461548e-01 -1.225726842880249023e+00
-1.546342015266418457e+00 -1.270640730857849121e+00 -1.021454095840454102e+00 1.792125105857849121e-01 -9.116551280021667480e-01
-4.022305905818939209e-01 3.809805493801832199e-04 -3.888629972934722900e-01 -7.338850498199462891e-01 -5.430485010147094727e-01
-5.585600137710571289e-01 -1.332097053527832031e-01 -8.188364505767822266e-01 3.178126811981201172e-01 -9.518829584121704102e-01
-1.503860831260681152e+00 -2.101925611495971680e-01 -5.431606769561767578e-01 1.095961630344390869e-01 -8.761862516403198242e-01
-1.868241667747497559e+00 -6.443482637405395508e-02 -5.892411470413208008e-01 1.183422282338142395e-01 -7.162612080574035645e-01
-3.689585328102111816e-01 -5.581547617912292480e-01 4.097042977809906006e-01 7.349758148193359375e-01 7.963592410087585449e-01
-7.010856866836547852e-01 -1.253952682018280029e-01 1.380300614982843399e-02 -1.464649677276611328e+00 3.248252272605895996e-01
7.876278758049011230e-01 -1.003093004226684570e+00 9.905450133373960853e-05 2.182775139808654785e-01 -2.263580709695816040e-01
-1.198388576507568359e+00 8.927556276321411133e-01 1.586573600769042969e+00 7.865314483642578125e-01 1.187263727188110352e+00
-1.685207366943359375e+00 -8.818228840827941895e-01 -1.036572456359863281e+00 9.348033070564270020e-01 2.200460433959960938e-01
-2.160912513732910156e+00 -3.959371149539947510e-01 -1.013652801513671875e+00 5.431395769119262695e-01 1.182939782738685608e-01
-2.460815429687500000e+00 -1.247339919209480286e-01 -8.194478750228881836e-01 2.233328521251678467e-01 3.652958273887634277e-01
-1.540845274925231934e+00 1.536455005407333374e-01 -7.468862533569335938e-01 -9.952567815780639648e-01 -4.829999208450317383e-01
1.223455905914306641e+00 -8.641467094421386719e-01 -4.958837628364562988e-01 -6.666675806045532227e-01 -4.245045781135559082e-01
-4.502678811550140381e-01 -9.029406309127807617e-02 8.179319500923156738e-01 -1.095218777656555176e+00 -1.408385396003723145e+00
-2.276242017745971680e+00 6.016599535942077637e-01 6.483036279678344727e-01 1.737022757530212402e+00 1.036061421036720276e-01
-2.909163236618041992e-01 6.120054721832275391e-01 1.192146182060241699e+00 1.430287003517150879e+00 -1.708512783050537109e+00
-2.561585605144500732e-01 -1.174486875534057617e+00 -8.034009337425231934e-01 1.215429544448852539e+00 -6.019795536994934082e-01
-2.069174051284790039e-01 -4.622828960418701172e-01 -5.405791401863098145e-01 -4.440487176179885864e-02 -1.132055521011352539e+00
-2.016535043716430664e+00 -2.077532529830932617e+00 -7.366074919700622559e-01 7.622527480125427246e-01 -4.567866921424865723e-01
-1.988174796104431152e+00 -1.497061371803283691e+00 -4.589070081710815430e-01 -1.489654332399368286e-01 -1.231953620910644531e+00
-2.049937486648559570e+00 1.509627550840377808e-01 -3.424744307994842529e-01 1.031722426414489746e+00 -2.018693089485168457e-01
-1.857528805732727051e+00 1.273547261953353882e-01 -2.627504765987396240e-01 9.335572719573974609e-01 -3.304405808448791504e-01
-1.207711577415466309e+00 -5.708614587783813477e-01 -4.223499000072479248e-01 -1.867408454418182373e-01 -1.057608202099800110e-01
-1.326319932937622070e+00 -8.913788795471191406e-01 -5.945150256156921387e-01 4.193344116210937500e-01 3.946521580219268799e-01
-1.548808097839355469e+00 4.480037987232208252e-01 6.330556422472000122e-02 -8.863296508789062500e-01 -9.415285587310791016e-01
-1.627102971076965332e+00 6.181946769356727600e-02 -2.064004540443420410e-01 3.254954516887664795e-02 -8.065870404243469238e-02
-1.197380900382995605e+00 -1.335127234458923340e+00 -1.105212330818176270e+00 8.156432211399078369e-02 -2.643609523773193359e+00
-2.094559907913208008e+00 5.593512654304504395e-01 -2.546693682670593262e-01 -1.301110386848449707e+00 -8.933976888656616211e-01
-2.192512989044189453e+00 4.737561643123626709e-01 -3.116838037967681885e-01 -1.105659604072570801e+00 -7.093471288681030273e-01
-1.317487239837646484e+00 -5.482414364814758301e-01 -3.965551555156707764e-01 -6.765516996383666992e-01 -1.302280426025390625e+00
-7.763650417327880859e-01 -9.033126235008239746e-01 -8.871358036994934082e-01 -3.424986898899078369e-01 -1.277841925621032715e+00
8.933821320533752441e-02 -4.005624651908874512e-01 -1.193783640861511230e+00 3.312877565622329712e-02 -8.369799852371215820e-01
-5.948445200920104980e-01 1.050015568733215332e+00 -1.190788984298706055e+00 -1.071499705314636230e+00 -1.064683437347412109e+00
-5.604861676692962646e-02 -7.242773771286010742e-01 -1.039445281028747559e+00 4.765753448009490967e-01 -4.675205349922180176e-01
-1.357808470726013184e+00 -8.540400862693786621e-01 -1.416582763195037842e-01 4.940517842769622803e-01 -3.775531351566314697e-01
-1.716083049774169922e+00 -8.128601312637329102e-01 -9.547032713890075684e-01 7.564301490783691406e-01 2.641966938972473145e-01
-1.541843295097351074e+00 -1.052479028701782227e+00 -8.370490670204162598e-01 6.218216419219970703e-01 -8.395364284515380859e-01
-1.008147239685058594e+00 -1.614845395088195801e+00 -1.182452797889709473e+00 1.365110874176025391e+00 -4.356428086757659912e-01
-6.471654772758483887e-01 -1.490207076072692871e+00 -1.064228057861328125e+00 9.186952710151672363e-01 -8.693891167640686035e-01
7.394149899482727051e-01 -8.005216717720031738e-01 1.658158898353576660e-01 1.210429787635803223e+00 4.518695473670959473e-01
2.377373218536376953e+00 1.398771882057189941e+00 1.122349277138710022e-01 -4.767927527427673340e-01 6.921975016593933105e-01
1.684932410717010498e-01 1.465406060218811035e+00 4.048681259155273438e-01 -2.621332406997680664e-01 -9.204534292221069336e-01
1.800489902496337891e+00 -1.472448348999023438e+00 -2.490339577198028564e-01 -2.918249607086181641e+00 4.649504721164703369e-01
-1.012774229049682617e+00 -9.200875759124755859e-01 -1.168247818946838379e+00 4.494412243366241455e-01 -1.214126110076904297e+00
-1.016640663146972656e+00 -1.643786668777465820e+00 -1.271925091743469238e+00 1.304944872856140137e+00 -3.112001121044158936e-01
-9.413828849792480469e-01 -1.003336668014526367e+00 -1.328268885612487793e+00 6.659272909164428711e-01 -9.737343192100524902e-01
-1.681784033775329590e+00 4.765769839286804199e-01 -1.297474145889282227e+00 5.683440566062927246e-01 7.833436131477355957e-01
-1.554059386253356934e+00 -4.749856591224670410e-01 -7.280574440956115723e-01 1.429089754819869995e-01 -3.691474497318267822e-01
-1.077000379562377930e+00 -5.792059302330017090e-01 -1.441707491874694824e+00 -3.244986534118652344e-01 -1.046785712242126465e+00
-1.663576364517211914e+00 -6.077231764793395996e-01 -1.202264428138732910e+00 -2.805810868740081787e-01 -7.730437517166137695e-01
-1.656461000442504883e+00 -3.777577877044677734e-01 -1.234377741813659668e+00 8.387333750724792480e-01 1.088907867670059204e-01
-1.818316131830215454e-01 -1.881337463855743408e-01 -2.100035995244979858e-01 -6.153877377510070801e-01 -7.389813661575317383e-01
-5.722855329513549805e-01 1.341181874275207520e+00 2.338013648986816406e-01 -4.999740421772003174e-01 -4.012781977653503418e-01
-1.218166470527648926e+00 -9.995692968368530273e-01 2.086661159992218018e-01 -2.929883301258087158e-01 7.924454808235168457e-01
-8.896870017051696777e-01 -4.556392133235931396e-01 -2.466990351676940918e-01 -1.171119883656501770e-01 -7.595882415771484375e-01
-1.295051574707031250e+00 -7.011821269989013672e-01 -2.894580960273742676e-01 3.201801180839538574e-01 -1.870171129703521729e-01
-1.173771977424621582e+00 -7.157620787620544434e-01 -1.437280654907226562e+00 7.670395076274871826e-02 -1.100341916084289551e+00
-5.846455320715904236e-02 -1.358063817024230957e+00 -4.016319513320922852e-01 -4.758475124835968018e-01 1.009534597396850586e+00
-7.698138952255249023e-01 -1.964164525270462036e-01 -5.439009889960289001e-02 3.894802629947662354e-01 1.187651902437210083e-01
-1.525628566741943359e-01 1.723480820655822754e-01 -8.762835860252380371e-01 4.987308084964752197e-01 1.341458320617675781e+00
-8.422905802726745605e-01 -7.353103160858154297e-01 2.662771439645439386e-04 1.670254230499267578e+00 1.203029513359069824e+00
-7.144481688737869263e-02 -1.239544391632080078e+00 -7.269515991210937500e-01 1.897829174995422363e+00 1.093257188796997070e+00
8.984571099281311035e-01 -9.458705782890319824e-01 5.165569782257080078e-01 -4.241277575492858887e-01 -6.111168861389160156e-01
1.068419456481933594e+00 -2.661620676517486572e-01 -2.280838936567306519e-01 1.521778583526611328e+00 -1.397379189729690552e-01
2.669201791286468506e-01 -1.531347155570983887e+00 -1.187817096710205078e+00 1.100749850273132324e+00 -7.960656285285949707e-01
-1.553436517715454102e+00 -5.842884182929992676e-01 -8.310513496398925781e-01 4.797296524047851562e-01 1.566203981637954712e-01
-8.352047801017761230e-01 -8.149125576019287109e-01 5.959184095263481140e-02 2.381891161203384399e-01 1.533155322074890137e+00
6.455674022436141968e-02 -5.589298009872436523e-01 -6.393717527389526367e-01 1.476940512657165527e+00 -4.240971505641937256e-01
-2.389098256826400757e-01 -6.011190414428710938e-01 -1.272656321525573730e-01 -2.389707267284393311e-01 -1.167313933372497559e+00
-1.702929288148880005e-01 6.422643065452575684e-01 -2.710287272930145264e-01 -1.247163057327270508e+00 2.091980427503585815e-01
-4.458439350128173828e-01 9.910380244255065918e-01 -1.582972884178161621e+00 -7.593048810958862305e-01 -7.865042984485626221e-02
5.046316981315612793e-02 -1.532272219657897949e+00 -1.363174915313720703e+00 1.372476220130920410e+00 -5.280308723449707031e-01
7.267343252897262573e-02 1.244115233421325684e+00 -3.694110363721847534e-02 -2.986221015453338623e-01 5.223636627197265625e-01
-5.321812629699707031e-01 -1.063174605369567871e+00 1.251686215400695801e+00 -2.546079754829406738e-01 8.627791404724121094e-01
-5.897731184959411621e-01 1.176066994667053223e+00 -1.474530816078186035e+00 7.637461423873901367e-01 -6.731544137001037598e-01
2.580890357494354248e-01 -5.385480523109436035e-01 3.998382017016410828e-02 8.247402310371398926e-01 8.398031592369079590e-01
3.325419127941131592e-01 -2.270754098892211914e+00 -1.782338976860046387e+00 1.817306756973266602e+00 -6.878418922424316406e-01
6.062666177749633789e-01 -2.074114322662353516e+00 -1.525609970092773438e+00 1.211182713508605957e+00 -1.195709586143493652e+00
9.420809745788574219e-01 1.447263360023498535e-01 -1.177855134010314941e-01 9.885226935148239136e-02 -5.667511224746704102e-01
1.038028001785278320e+00 -2.307193994522094727e+00 2.456948161125183105e-01 3.819104731082916260e-01 -1.061807990074157715e+00
-1.113601684570312500e+00 -1.101587057113647461e+00 -5.334609746932983398e-01 1.071600794792175293e+00 -1.115896701812744141e+00
-4.441332221031188965e-01 -1.207407712936401367e+00 -4.094105660915374756e-01 8.331316709518432617e-01 -1.367057919502258301e+00
3.022968769073486328e-01 -2.743799090385437012e-01 -2.349834740161895752e-01 -1.184079766273498535e+00 -4.973562657833099365e-01
-6.808828115463256836e-01 4.227734804153442383e-01 -1.044539690017700195e+00 -9.177920222282409668e-01 -1.144990563392639160e+00
-1.238844633102416992e+00 -7.950879931449890137e-01 -6.297996044158935547e-01 4.420884251594543457e-01 -1.397892534732818604e-01
-1.137188315391540527e+00 -7.453066110610961914e-01 -5.507682561874389648e-01 2.827411592006683350e-01 -2.775735855102539062e-01
-6.599528193473815918e-01 -1.131853342056274414e+00 -7.773283720016479492e-01 3.748535513877868652e-01 -1.185368537902832031e+00
-1.215287446975708008e+00 -8.612014651298522949e-01 -5.821406841278076172e-01 9.994766116142272949e-02 -1.111933827400207520e+00
-1.818842589855194092e-01 -3.037166595458984375e-01 -7.753075957298278809e-01 5.364678502082824707e-01 2.393153458833694458e-01
-4.649158120155334473e-01 8.529454469680786133e-01 6.741014122962951660e-01 -9.149346351623535156e-01 -1.521629244089126587e-01
-1.428772807121276855e+00 -8.687121868133544922e-01 -8.410729169845581055e-01 8.056077361106872559e-01 3.037740476429462433e-02
-7.792523503303527832e-01 -7.907409667968750000e-01 -7.950850725173950195e-01 4.541881084442138672e-01 -5.162869095802307129e-01
-6.362568736076354980e-01 -5.537357330322265625e-01 -2.056949734687805176e-01 -8.147673606872558594e-01 -1.638399243354797363e+00
-1.077723622322082520e+00 -9.054107069969177246e-01 -5.834461450576782227e-01 1.366323530673980713e-01 -6.592786908149719238e-01
1.330430984497070312e+00 -1.071074604988098145e+00 1.320547461509704590e-01 -9.080168604850769043e-02 -8.785879611968994141e-01
-1.444827556610107422e+00 1.881373882293701172e+00 3.918949961662292480e-01 9.431195259094238281e-01 1.266954898834228516e+00
-5.618311166763305664e-01 -4.007143676280975342e-01 -3.406831324100494385e-01 -6.982381939888000488e-01 -2.039803266525268555e+00
-7.814639806747436523e-01 -8.759924769401550293e-01 -5.901856422424316406e-01 9.661515802145004272e-02 -1.122914075851440430e+00
-2.206678241491317749e-01 -1.921620488166809082e+00 5.874813199043273926e-01 1.015735983848571777e+00 -4.494053125381469727e-01
-6.007094979286193848e-01 1.492586016654968262e+00 2.443513572216033936e-01 -1.577626228332519531e+00 -1.436429142951965332e+00
-4.374447464942932129e-01 5.724719762802124023e-01 -5.659829378128051758e-01 4.297993779182434082e-01 1.018094301223754883e+00
1.890786141157150269e-01 3.107721358537673950e-02 -6.828744411468505859e-01 1.270607352256774902e+00 1.605063438415527344e+00
-1.363918781280517578e+00 -1.225041985511779785e+00 -8.468009233474731445e-01 8.876659870147705078e-01 1.063438802957534790e-01
-4.056055843830108643e-01 -1.236038506031036377e-01 -6.301736235618591309e-01 -1.021864771842956543e+00 -1.334756731986999512e+00
-1.039969086647033691e+00 -5.331753492355346680e-01 -1.477395772933959961e+00 -1.161729216575622559e+00 -8.640060573816299438e-02
-1.823634147644042969e+00 -4.925872385501861572e-01 -1.508265137672424316e+00 -7.485142350196838379e-01 6.788555979728698730e-01
8.286039233207702637e-01 -3.052875995635986328e-01 2.652995288372039795e-01 1.364054083824157715e+00 3.019003391265869141e+00
3.117882907390594482e-01 5.490759015083312988e-01 -4.324216544628143311e-01 -1.337200284004211426e+00 -1.879322826862335205e-01
5.120308399200439453e-01 -1.827175617218017578e+00 4.350013732910156250e-01 -1.352268934249877930e+00 1.533728986978530884e-01
-2.006642967462539673e-01 -1.064272284507751465e+00 -1.663361787796020508e+00 -1.469779461622238159e-01 4.040919244289398193e-01
-9.611643552780151367e-01 1.737954020500183105e-01 9.597786068916320801e-01 -1.591672658920288086e+00 -7.819933891296386719e-01
-7.515459060668945312e-01 -1.502389788627624512e+00 -8.261292576789855957e-01 -1.063468456268310547e+00 1.408688426017761230e-01
-5.120373964309692383e-01 -7.544679045677185059e-01 -3.211407065391540527e-01 -7.513931989669799805e-01 7.824394702911376953e-01
4.641455709934234619e-01 1.348565239459276199e-02 -1.592515826225280762e+00 -2.361130475997924805e+00 -7.351441979408264160e-01
-1.041289091110229492e+00 -6.785429120063781738e-01 -1.443476557731628418e+00 -7.415274977684020996e-01 1.320040225982666016e+00
-5.572585463523864746e-01 -4.566928446292877197e-01 -1.452527165412902832e+00 -1.270335555076599121e+00 1.319206118583679199e+00
-5.918958187103271484e-01 -5.155959725379943848e-01 6.199307441711425781e-01 -1.248052000999450684e+00 -3.496324121952056885e-01
-5.443223118782043457e-01 2.187995165586471558e-01 9.670714139938354492e-01 1.751161180436611176e-02 7.655991911888122559e-01
-1.395494699478149414e+00 1.085359081625938416e-01 6.994331479072570801e-01 -5.232442617416381836e-01 8.347281813621520996e-01
1.199513673782348633e-02 6.272035837173461914e-01 1.497394084930419922e+00 -1.925965666770935059e+00 -1.673508167266845703e+00
7.036353945732116699e-01 7.295075058937072754e-01 4.305736348032951355e-02 -7.796944379806518555e-01 1.756286621093750000e+00
1.000312417745590210e-01 -2.693987131118774414e+00 -1.240864992141723633e+00 -3.291867077350616455e-01 8.776916861534118652e-01
-9.873439073562622070e-01 -5.659525990486145020e-01 4.737553298473358154e-01 -1.041978478431701660e+00 -2.540273964405059814e-01
-1.736503541469573975e-01 9.714812636375427246e-01 -6.669674515724182129e-01 -6.089925169944763184e-01 2.556828595697879791e-02
-5.709811449050903320e-01 1.018815264105796814e-01 2.302473597228527069e-02 -2.069565057754516602e+00 1.664458274841308594e+00
2.483292967081069946e-01 -7.172071933746337891e-01 -4.177064895629882812e-01 5.067295432090759277e-01 -1.440738558769226074e+00
-4.404655992984771729e-01 -1.667364001274108887e+00 -7.756172418594360352e-01 5.761211514472961426e-01 4.415954053401947021e-01
9.918677806854248047e-01 -3.395654261112213135e-01 -5.861080884933471680e-01 1.458125233650207520e+00 1.560846567153930664e+00
-1.486459493637084961e+00 7.006405591964721680e-01 -6.872488260269165039e-01 -7.188850045204162598e-01 2.336386680603027344e+00
5.863997340202331543e-01 -1.835213184356689453e+00 -1.231575846672058105e+00 2.545252740383148193e-01 -2.276792377233505249e-01
-2.421958930790424347e-02 1.206374391913414001e-01 -1.907465696334838867e+00 -2.063893318176269531e+00 -2.783266901969909668e-01
8.171779513359069824e-01 -2.340257644653320312e+00 2.257042005658149719e-02 7.712926864624023438e-01 1.287830352783203125e+00
3.145346045494079590e-01 -7.263448834419250488e-01 8.707833886146545410e-01 -5.479493141174316406e-01 -2.148086309432983398e+00
2.388706952333450317e-01 -8.485716581344604492e-01 4.778630733489990234e-01 2.002545446157455444e-01 -7.935346961021423340e-01
-5.655342340469360352e-01 7.694749236106872559e-01 -4.611271023750305176e-01 -3.994973599910736084e-01 -1.705029129981994629e+00
-1.086549401283264160e+00 4.249745011329650879e-01 -4.236765801906585693e-01 -3.585905134677886963e-01 -5.328251123428344727e-01
9.264793992042541504e-01 -6.940178871154785156e-01 -5.089813470840454102e-01 3.795783817768096924e-01 8.118219971656799316e-01
-5.659373402595520020e-01 5.238900184631347656e-01 -1.030444800853729248e-01 -1.192232608795166016e+00 1.005852580070495605e+00
-2.741209864616394043e-01 -3.609333336353302002e-01 7.966340184211730957e-01 -1.086003422737121582e+00 -4.487718045711517334e-01
6.172207593917846680e-01 1.522199064493179321e-02 -1.906983733177185059e+00 -1.214539527893066406e+00 -4.715247750282287598e-01
1.927633285522460938e-01 -1.051018908619880676e-01 -3.995720446109771729e-01 -6.111390590667724609e-01 7.200193405151367188e-02
-3.994583785533905029e-01 -1.063686236739158630e-01 -5.872888565063476562e-01 -9.989483952522277832e-01 -1.307069063186645508e+00
-4.194849133491516113e-01 -1.419751346111297607e-01 -6.197038292884826660e-01 -9.260971546173095703e-01 -1.258837699890136719e+00
-1.003688335418701172e+00 -6.867579817771911621e-01 -7.804318666458129883e-01 -2.462362349033355713e-01 -8.811415433883666992e-01
-4.974890053272247314e-01 -9.376528859138488770e-02 -1.597222238779067993e-01 -1.193333983421325684e+00 -2.651888132095336914e-01
-8.369007706642150879e-02 -7.959139347076416016e-01 1.056593537330627441e+00 -7.243650555610656738e-01 6.192824244499206543e-01
-1.488717794418334961e+00 -1.926623463630676270e+00 -8.338042348623275757e-02 7.264477759599685669e-02 8.750410676002502441e-01
1.732578426599502563e-01 -3.706172108650207520e-01 -1.202969104051589966e-01 -2.227866202592849731e-01 4.350886046886444092e-01
-2.154434919357299805e+00 1.548798561096191406e+00 -5.662785172462463379e-01 -8.405483365058898926e-01 5.771298706531524658e-02
1.064550757408142090e+00 -1.282548189163208008e+00 1.576009988784790039e-01 -1.462565362453460693e-01 -4.122853279113769531e-01
-7.339109182357788086e-01 -1.249698400497436523e+00 -7.833754420280456543e-01 2.785948514938354492e-01 -4.776211977005004883e-01
-3.916516304016113281e-01 6.399401277303695679e-02 -3.665605485439300537e-01 -4.989067316055297852e-01 6.370102763175964355e-01
1.384923219680786133e+00 1.955828964710235596e-01 -6.302167177200317383e-01 1.532741069793701172e+00 -3.587414920330047607e-01
-1.053729653358459473e+00 -7.068382501602172852e-01 -8.675419092178344727e-01 -3.771196007728576660e-01 -6.128894090652465820e-01
1.166563257575035095e-01 -1.288389682769775391e+00 -6.226528882980346680e-01 -5.809407234191894531e-01 -1.636196523904800415e-01
-7.652536630630493164e-01 9.421524405479431152e-01 -2.629681825637817383e-01 -1.461578488349914551e+00 -8.518947958946228027e-01
1.393564790487289429e-01 1.609196811914443970e-01 1.083072900772094727e+00 -8.542320728302001953e-01 -1.055784225463867188e+00
2.175397872924804688e+00 -4.038682281970977783e-01 -7.171422988176345825e-02 -3.415632843971252441e-01 -2.728883028030395508e+00
3.048187121748924255e-02 -6.598144173622131348e-01 -6.723613142967224121e-01 6.935284733772277832e-01 1.707596629858016968e-01
-1.273078441619873047e+00 1.046013310551643372e-01 5.609853267669677734e-01 -1.796334385871887207e+00 -5.695030093193054199e-01
-7.149085402488708496e-01 -1.155864149332046509e-01 -4.283988475799560547e-01 -7.158376574516296387e-01 7.656934261322021484e-01
-6.571934372186660767e-02 8.070670068264007568e-02 -6.849198937416076660e-01 -2.585582435131072998e-01 -8.876832127571105957e-01
-1.097567439079284668e+00 -1.335440129041671753e-01 -2.076707363128662109e+00 4.700695574283599854e-01 4.469172954559326172e-01
-3.208921253681182861e-01 -3.273692429065704346e-01 5.167336463928222656e-01 -2.485010027885437012e-01 -1.290349960327148438e+00
-2.442724853754043579e-01 1.382455788552761078e-02 -1.069239854812622070e+00 -1.223679259419441223e-01 -8.763864636421203613e-01
-9.029709100723266602e-01 2.427398040890693665e-02 -3.569217324256896973e-01 -4.768418967723846436e-01 1.035252306610345840e-02
-4.947814941406250000e-01 3.701086640357971191e-01 -5.317525863647460938e-01 -1.042177915573120117e+00 1.097095370292663574e+00
-3.825438395142555237e-02 -3.351266980171203613e-01 -1.710684150457382202e-01 -2.905948460102081299e-01 1.679995507001876831e-01
-2.284763194620609283e-02 -1.706966996192932129e+00 1.858556270599365234e-01 4.029897749423980713e-01 4.709624350070953369e-01
1.022292494773864746e+00 4.355793595314025879e-01 9.684199690818786621e-01 1.707408905029296875e+00 -6.709893345832824707e-01
8.429194688796997070e-01 -1.164580702781677246e+00 2.825755774974822998e-01 6.555616110563278198e-02 -5.274304151535034180e-01
-8.839279413223266602e-01 2.658616304397583008e-01 6.698217988014221191e-01 -1.737951755523681641e+00 -1.619348526000976562e+00
-8.846600353717803955e-02 1.737654060125350952e-01 -1.084219098091125488e+00 -1.001988410949707031e+00 -7.764121890068054199e-01
-8.706145882606506348e-01 9.506905674934387207e-01 1.379493325948715210e-01 -1.331686973571777344e+00 -7.842162251472473145e-01
4.145407117903232574e-03 3.999746143817901611e-01 5.521276593208312988e-01 -4.300462603569030762e-01 6.659782528877258301e-01
-4.933624267578125000e-01 6.877014040946960449e-01 -2.811478078365325928e-01 -1.668371915817260742e+00 -2.433736085891723633e+00
-1.017736554145812988e+00 3.192313015460968018e-02 3.085827231407165527e-01 8.231349587440490723e-01 -1.396166205406188965e+00
-6.250225305557250977e-01 1.071753382682800293e+00 1.136996507644653320e+00 -1.970508933067321777e+00 -1.815236687660217285e+00
-1.154010176658630371e+00 1.063197970390319824e+00 5.412089824676513672e-01 -6.518385410308837891e-01 -7.990051507949829102e-01
-4.828089773654937744e-01 -6.675927340984344482e-02 -5.236664414405822754e-02 -1.093747615814208984e+00 -1.590716242790222168e+00
-1.900149345397949219e+00 9.833984822034835815e-02 2.989806234836578369e-01 -6.407780647277832031e-01 -1.632652282714843750e+00
-1.543624550104141235e-01 -2.485461682081222534e-01 -7.378399372100830078e-01 -4.077759683132171631e-01 -1.311120271682739258e+00
-1.041139602661132812e+00 -6.659913063049316406e-01 1.734974049031734467e-02 1.944980502128601074e+00 -9.769944846630096436e-02
-2.501612424850463867e+00 1.109204411506652832e+00 -1.463603496551513672e+00 -1.312539458274841309e+00 -7.197584956884384155e-02
-8.681841939687728882e-02 -6.634573638439178467e-02 -2.226497977972030640e-01 3.154283165931701660e-01 -4.509736895561218262e-01
-5.312551856040954590e-01 -7.882844209671020508e-01 -7.065281271934509277e-01 -4.826068580150604248e-01 -1.241473555564880371e+00
-3.990588188171386719e-01 -7.762516736984252930e-01 -6.552302241325378418e-01 -6.308019161224365234e-01 -1.428190112113952637e+00
-1.472544789314270020e+00 -2.600865662097930908e-01 -1.495161890983581543e+00 4.222047328948974609e-01 -4.801361262798309326e-01
-4.040539562702178955e-01 -6.261925101280212402e-01 -1.038288712501525879e+00 -1.506785005331039429e-01 -1.470476865768432617e+00
-4.700435996055603027e-01 -8.523167371749877930e-01 -2.763552963733673096e-01 1.025593519210815430e+00 -5.510544776916503906e-01
4.410894513130187988e-01 -6.512880325317382812e-01 -2.367323338985443115e-01 -9.307658672332763672e-02 -2.519501149654388428e-01
2.896699681878089905e-02 -2.556196413934230804e-02 -1.447131991386413574e+00 -2.800227142870426178e-03 1.172301888465881348e+00
-1.400150299072265625e+00 -1.460920721292495728e-01 6.770784258842468262e-01 5.620021224021911621e-01 -7.926246523857116699e-01
-9.855425953865051270e-01 -1.294505000114440918e+00 -1.027791142463684082e+00 1.898932904005050659e-01 -5.716765522956848145e-01
-6.793506741523742676e-01 -1.020699620246887207e+00 -7.962096333503723145e-01 -5.044241547584533691e-01 -1.232554912567138672e+00
-9.915554523468017578e-01 -5.071039795875549316e-01 -1.039990782737731934e+00 2.876113355159759521e-02 -1.199104309082031250e+00
-8.753468394279479980e-01 -9.749384522438049316e-01 -9.266200661659240723e-01 4.879920482635498047e-01 -7.310924530029296875e-01
-4.372337162494659424e-01 7.492812275886535645e-01 -8.568212985992431641e-01 -1.251493692398071289e+00 1.041236996650695801e+00
-3.221078515052795410e-01 4.516365230083465576e-01 4.230048358440399170e-01 3.184124529361724854e-01 -1.241115015000104904e-02
-7.019869685173034668e-01 -4.091736078262329102e-01 -9.634174704551696777e-01 -6.905421614646911621e-02 -5.201640129089355469e-01
-1.773989319801330566e+00 3.099271953105926514e-01 -1.314995527267456055e+00 4.239358007907867432e-02 -3.036888241767883301e-01
-4.537459909915924072e-01 -9.786865115165710449e-02 -8.906897902488708496e-01 -1.047406196594238281e+00 -1.230976343154907227e+00
-1.271890521049499512e+00 3.783896863460540771e-01 1.472191363573074341e-01 -1.480163335800170898e-01 -8.194676786661148071e-02
-4.898867905139923096e-01 -3.927772939205169678e-01 -4.995073080062866211e-01 6.960188746452331543e-01 4.792849123477935791e-01
9.651714563369750977e-01 -9.711625576019287109e-01 -1.683086156845092773e-01 -7.113477587699890137e-01 -1.457457542419433594e+00
2.035465091466903687e-01 6.923881173133850098e-01 -7.790348529815673828e-01 6.895955204963684082e-01 -1.331539392471313477e+00
-5.629499554634094238e-01 -9.985747337341308594e-01 -1.244691848754882812e+00 -6.881201267242431641e-02 -1.256073594093322754e+00
-7.780124545097351074e-01 -1.807071805000305176e+00 -1.572496891021728516e+00 -1.363885760307312012e+00 2.197220921516418457e-01
-1.868826389312744141e+00 -3.778383135795593262e-01 -1.300523877143859863e-01 -1.183842301368713379e+00 -1.567460447549819946e-01
-2.884641885757446289e-01 1.058421730995178223e+00 8.622241765260696411e-02 -1.295637786388397217e-01 -1.521327376365661621e+00
1.548963904380798340e+00 1.427691340446472168e+00 -1.099641561508178711e+00 -1.030635952949523926e+00 -1.443799257278442383e+00
-7.231499999761581421e-02 -1.818253636360168457e+00 -1.243412256240844727e+00 8.350389599800109863e-01 -7.033107876777648926e-01
-7.371484041213989258e-01 -1.112057089805603027e+00 -1.377789258956909180e+00 2.495435774326324463e-01 -4.364085793495178223e-01
9.271937012672424316e-01 -1.119266986846923828e+00 -7.539612650871276855e-01 3.239331245422363281e-01 -1.962133288383483887e+00
-5.140062570571899414e-01 -3.496541976928710938e-01 -8.847113847732543945e-01 -7.041200250387191772e-02 -3.990065753459930420e-01
-6.909855008125305176e-01 -1.064231157302856445e+00 -8.801800608634948730e-01 -5.095291882753372192e-02 -1.027295589447021484e+00
-8.676218390464782715e-01 -5.438969731330871582e-01 -1.196425199508666992e+00 -2.042303830385208130e-01 -1.022816538810729980e+00
3.872494399547576904e-02 -9.055047035217285156e-01 -1.197659373283386230e+00 6.615185141563415527e-01 4.965513572096824646e-02
4.945939779281616211e-01 -2.220083028078079224e-01 -8.251509666442871094e-01 3.165078582242131233e-03 -1.392568469047546387e+00
-5.497175082564353943e-02 -1.267126798629760742e+00 -4.599971473217010498e-01 1.060993909835815430e+00 -7.640193700790405273e-01
-3.977470099925994873e-01 -6.220799088478088379e-01 -1.214189767837524414e+00 3.193295896053314209e-01 -1.154206037521362305e+00
-1.474974632263183594e+00 8.774685859680175781e-01 -1.155081018805503845e-01 7.990716695785522461e-01 -6.552194356918334961e-01
-3.379776179790496826e-01 7.970631122589111328e-02 -1.562867462635040283e-01 -2.726426115259528160e-03 5.827609896659851074e-01
-9.388785362243652344e-01 -4.380080103874206543e-02 -1.376405239105224609e+00 4.749270379543304443e-01 -1.107180863618850708e-01
-1.166773200035095215e+00 -2.178760319948196411e-01 -1.979853361845016479e-01 2.929107844829559326e-01 -1.374863862991333008e+00
-1.503102898597717285e+00 -7.653714418411254883e-01 3.997583389282226562e-01 8.979712724685668945e-01 1.388428688049316406e+00
-1.527225494384765625e+00 1.660442054271697998e-01 -5.641632676124572754e-01 5.836359262466430664e-01 4.378002583980560303e-01
-2.862279415130615234e-01 8.436639606952667236e-02 -2.138454318046569824e-01 -4.484068751335144043e-01 -6.994295716285705566e-01
-3.899158239364624023e-01 9.350279569625854492e-01 -7.939081788063049316e-01 -1.006838083267211914e+00 -1.440233111381530762e+00
-1.402310252189636230e+00 -6.887434124946594238e-01 -4.331293106079101562e-01 -6.255607604980468750e-01 -9.569000005722045898e-01
-7.590453624725341797e-01 3.295384943485260010e-01 3.814263045787811279e-01 -3.781927525997161865e-01 -2.130123615264892578e+00
-1.033638834953308105e+00 3.282139450311660767e-02 8.738783001899719238e-02 -8.749510049819946289e-01 -8.030366897583007812e-01
-1.143530011177062988e+00 -2.241715937852859497e-01 -1.491652607917785645e+00 -2.923265099525451660e-02 -5.015442371368408203e-01
-4.594478607177734375e-01 -6.882515549659729004e-01 -1.341836810111999512e+00 -1.207878664135932922e-01 -3.786538243293762207e-01
-1.989192366600036621e-01 3.306778147816658020e-03 5.009081959724426270e-01 -3.952557742595672607e-01 3.181069791316986084e-01
1.937079429626464844e-01 -1.579215407371520996e+00 -7.786296606063842773e-01 9.437960386276245117e-01 -1.276310443878173828e+00
5.926937460899353027e-01 -1.682740449905395508e-01 -5.068802237510681152e-01 -2.321676583960652351e-03 -1.042500019073486328e+00
-3.328827768564224243e-02 -1.186063408851623535e+00 1.298594921827316284e-01 1.633355498313903809e+00 -1.296680808067321777e+00
1.124465227127075195e+00 -1.681186556816101074e-01 -4.685318842530250549e-02 -1.037907838821411133e+00 1.064001098275184631e-01
1.947908699512481689e-01 -1.877262592315673828e+00 1.315034031867980957e+00 -7.211093902587890625e-01 1.619250178337097168e-01
-1.371130824089050293e+00 -5.108214020729064941e-01 -2.581652104854583740e-01 8.497085571289062500e-01 -5.797329545021057129e-01
-1.370609402656555176e+00 1.222546815872192383e+00 -7.856680154800415039e-01 -7.640053033828735352e-01 -9.032826870679855347e-02
-4.668200016021728516e-01 -3.151907026767730713e-02 -1.409657597541809082e+00 4.546864628791809082e-01 -4.801176488399505615e-01
5.437001585960388184e-01 -1.431243777275085449e+00 8.843063563108444214e-02 6.930355429649353027e-01 -2.477573156356811523e+00
1.207026124000549316e+00 1.437832355499267578e+00 3.973972797393798828e-01 2.734503448009490967e-01 -1.417252302169799805e+00
4.561665356159210205e-01 5.837988853454589844e-01 -3.784997761249542236e-01 -2.041589021682739258e+00 -2.801493406295776367e+00
-2.161717601120471954e-02 9.110965579748153687e-02 -1.591423630714416504e+00 -1.952125906944274902e+00 -4.957477748394012451e-01
-1.572405099868774414e+00 -1.266710877418518066e+00 1.547350764274597168e+00 -6.827703714370727539e-01 9.744129776954650879e-01
-2.755887746810913086e+00 1.655078768730163574e+00 -4.423818886280059814e-01 5.928888916969299316e-02 1.993094921112060547e+00
-1.144180774688720703e+00 1.302885293960571289e+00 2.460770010948181152e-01 -5.402957201004028320e-01 4.777433723211288452e-02
-2.243345230817794800e-02 -1.667756587266921997e-01 -2.446054458618164062e+00 5.568872094154357910e-01 1.331269145011901855e-01
-2.737938761711120605e-01 -1.395130008459091187e-01 -2.409268617630004883e-01 4.054432511329650879e-01 5.273377150297164917e-02
-1.751516461372375488e+00 5.916361212730407715e-01 1.981293223798274994e-02 -9.301296472549438477e-01 -9.668177962303161621e-01
-5.144540667533874512e-01 6.699984520673751831e-02 -6.299832463264465332e-01 -4.020923376083374023e-01 -1.033847808837890625e+00
-1.091161012649536133e+00 9.618089199066162109e-01 -1.131982922554016113e+00 -9.023188948631286621e-01 -5.719791650772094727e-01
3.597097992897033691e-01 3.527860641479492188e-01 -3.238549232482910156e-01 -9.974195361137390137e-01 -1.156922101974487305e+00
-3.158670961856842041e-01 1.916443586349487305e+00 5.391473770141601562e-01 2.618654444813728333e-02 -1.999628424644470215e+00
-8.444064259529113770e-01 -5.152773261070251465e-01 -2.547919936478137970e-02 -1.506113886833190918e+00 6.537530422210693359e-01
-5.369904041290283203e-01 -1.858614385128021240e-01 -8.790697455406188965e-01 -1.091707110404968262e+00 -8.157709240913391113e-01
-1.179017901420593262e+00 -7.290987670421600342e-02 -6.096861362457275391e-01 -5.479281544685363770e-01 -9.114663600921630859e-01
-1.101257681846618652e+00 -3.517909944057464600e-01 -8.724134564399719238e-01 2.760446369647979736e-01 -1.038565516471862793e+00
-2.605382502079010010e-01 -3.239009976387023926e-01 -8.677564263343811035e-01 -1.255757451057434082e+00 -7.863713502883911133e-01
-2.471537142992019653e-01 -3.319470882415771484e-01 -9.477678537368774414e-01 -1.142014145851135254e+00 -7.486751675605773926e-01
-4.310306310653686523e-01 -1.283509016036987305e+00 -1.254324913024902344e+00 3.310144841670989990e-01 -1.482891798019409180e+00
-8.933351039886474609e-01 -1.158014416694641113e+00 -1.527430534362792969e+00 6.213995814323425293e-01 -1.021664500236511230e+00
-5.904843211174011230e-01 4.701901972293853760e-01 -7.200913429260253906e-01 2.898711860179901123e-01 -6.032022237777709961e-01
-1.042047366499900818e-01 -9.241149425506591797e-01 -1.218204259872436523e+00 6.356470286846160889e-02 -1.074275851249694824e+00
-9.041020870208740234e-01 -1.857276707887649536e-01 -1.103946924209594727e+00 -5.315104126930236816e-01 -1.115872144699096680e+00
8.963807821273803711e-01 -2.803792059421539307e-01 -1.683581948280334473e+00 -4.298317134380340576e-01 2.056642621755599976e-01
5.333538055419921875e-01 -1.791513085365295410e+00 2.132806330919265747e-01 2.393528223037719727e-01 -7.256961464881896973e-01
1.160218358039855957e+00 -8.096613287925720215e-01 -1.223512649536132812e+00 4.137843251228332520e-01 -8.551297187805175781e-01
1.034840345382690430e+00 7.478218525648117065e-02 -5.173261761665344238e-01 9.038403034210205078e-01 -6.652457118034362793e-01
-4.791876673698425293e-01 -8.246616125106811523e-01 -7.914842367172241211e-01 -1.131087094545364380e-01 -8.552638888359069824e-01
-1.224571585655212402e+00 -9.905796051025390625e-01 -1.105720520019531250e+00 -2.162348747253417969e+00 -1.896873593330383301e+00
-1.289350152015686035e+00 -9.489568471908569336e-01 -1.434674143791198730e+00 -1.721119523048400879e+00 -1.772168636322021484e+00
-1.380543351173400879e+00 -3.643505275249481201e-01 7.801919579505920410e-01 1.143308520317077637e+00 2.496976107358932495e-01
7.197667360305786133e-01 -1.365963667631149292e-01 -6.984919309616088867e-02 1.851129382848739624e-01 -9.038521647453308105e-01
5.732296109199523926e-01 -2.209792137145996094e+00 -1.524162650108337402e+00 -1.443846464157104492e+00 -1.857440829277038574e+00
-1.234926581382751465e-01 8.278025984764099121e-01 -3.089496679604053497e-02 2.600278854370117188e-01 -1.603940129280090332e+00
1.042828321456909180e+00 -1.741194427013397217e-01 -7.522597908973693848e-01 1.056058764457702637e+00 -2.795620262622833252e-01
-4.054188728332519531e-01 1.157229781150817871e+00 1.509966254234313965e+00 -1.007943868637084961e+00 -6.236479803919792175e-02
-4.427762925624847412e-01 -8.605916798114776611e-02 -7.123464345932006836e-01 -7.766034007072448730e-01 -1.309507489204406738e+00
-3.779348433017730713e-01 -9.163802862167358398e-02 2.581373974680900574e-02 1.081403732299804688e+00 -3.423778712749481201e-01
3.042182922363281250e-01 -4.278067946434020996e-01 -4.677235186100006104e-01 -1.474168658256530762e+00 -1.175160333514213562e-01
1.411992430686950684e+00 2.434633523225784302e-01 -7.671596407890319824e-01 3.802950680255889893e-01 -8.793637752532958984e-01
1.385407447814941406e-01 -2.517207562923431396e-01 2.178005456924438477e+00 8.216159343719482422e-01 5.817019939422607422e-02
-3.068468570709228516e-01 -6.492667645215988159e-02 -7.780045866966247559e-01 -8.211162686347961426e-01 -1.223442792892456055e+00
-3.744166791439056396e-01 -9.985330700874328613e-02 -8.365153074264526367e-01 -6.733101606369018555e-01 -1.098608613014221191e+00
-5.875553488731384277e-01 -3.380733430385589600e-01 -1.084056735038757324e+00 -2.776959538459777832e-01 -7.731679677963256836e-01
-9.542909264564514160e-01 -7.384907603263854980e-01 -1.403129935264587402e+00 5.400086641311645508e-01 -7.920995950698852539e-01
-7.276857495307922363e-01 -6.090471148490905762e-01 -1.337261557579040527e+00 4.758590757846832275e-01 -4.996077716350555420e-01
-1.374080330133438110e-01 -8.786252140998840332e-01 -1.042112112045288086e+00 -2.295789122581481934e-02 -1.091946959495544434e+00
-1.047284007072448730e+00 -9.395061135292053223e-01 6.160438060760498047e-01 1.024771571159362793e+00 -1.095256567001342773e+00
-7.882423996925354004e-01 -1.006231307983398438e-01 -1.084677577018737793e+00 -2.112900139763951302e-03 6.434926390647888184e-01
-1.758311748504638672e+00 7.650822401046752930e-01 7.012396454811096191e-01 -5.072222277522087097e-02 -1.167217731475830078e+00
-1.230492353439331055e+00 -7.215671539306640625e-01 -1.124118447303771973e+00 2.419068962335586548e-01 -9.984819293022155762e-01
-2.202052772045135498e-01 -1.182117104530334473e+00 9.933918118476867676e-01 -1.461413741111755371e+00 6.484435796737670898e-01
4.918315261602401733e-02 5.347978472709655762e-01 2.938290536403656006e-01 4.141665697097778320e-01 -4.039307832717895508e-01
-9.124724864959716797e-01 -1.056342005729675293e+00 -3.671934604644775391e-01 2.707624733448028564e-01 -1.248870849609375000e+00
-1.231223344802856445e+00 1.221187338232994080e-01 -6.871147751808166504e-01 -9.233404397964477539e-01 -1.516011476516723633e+00
-4.220785796642303467e-01 -4.130643010139465332e-01 -1.014843344688415527e+00 4.855310022830963135e-01 -7.556176781654357910e-01
-8.647816777229309082e-01 -1.429904937744140625e+00 2.390798568725585938e+00 2.296906471252441406e+00 -1.560443758964538574e+00
-3.391522467136383057e-01 -1.239612460136413574e+00 -1.083458542823791504e+00 5.315918922424316406e-01 -6.009194627404212952e-02
1.230893850326538086e+00 -3.525647819042205811e-01 -5.676048994064331055e-01 -1.032735228538513184e+00 -2.241585016250610352e+00
-5.677559375762939453e-01 -1.446144342422485352e+00 -7.629831433296203613e-01 2.442458122968673706e-01 1.347759962081909180e+00
-9.323782324790954590e-01 -6.466826200485229492e-01 -6.375932693481445312e-01 4.323147833347320557e-01 4.533324241638183594e-01
-9.403041601181030273e-01 -8.023598790168762207e-01 -9.143860340118408203e-01 2.379615455865859985e-01 -1.665457248687744141e+00
6.162981986999511719e-01 -6.243807077407836914e-01 -4.780510365962982178e-01 -3.514921665191650391e-01 5.953484401106834412e-02
-2.032335519790649414e+00 2.954785525798797607e-01 -1.353871822357177734e+00 -1.850157529115676880e-01 -1.397946774959564209e-01
-1.175576090812683105e+00 -5.319039821624755859e-01 -8.707090020179748535e-01 -4.726734757423400879e-02 -1.762710213661193848e+00
-6.477282643318176270e-01 3.886955976486206055e-02 -6.145300865173339844e-01 -9.115905165672302246e-01 -1.095898389816284180e+00
1.485307931900024414e+00 -4.906747341156005859e-01 -1.026083350181579590e+00 -1.127457737922668457e+00 -1.687460899353027344e+00
1.080471575260162354e-01 -8.759754896163940430e-01 -9.215842485427856445e-01 -8.347301185131072998e-02 -4.897698163986206055e-01
7.709829807281494141e-01 -6.878759264945983887e-01 -3.837161362171173096e-01 -8.278226852416992188e-01 -2.535732984542846680e-01
1.921996623277664185e-01 3.649876415729522705e-01 8.321889042854309082e-01 -1.829996347427368164e+00 -1.291539788246154785e+00
-3.359864354133605957e-01 1.739238649606704712e-01 5.609910190105438232e-02 7.932460308074951172e-01 -2.039545476436614990e-01
6.700136065483093262e-01 -9.313808679580688477e-01 -2.390414243564009666e-03 6.849384307861328125e-02 -1.071807622909545898e+00
-9.139127135276794434e-01 -5.062634125351905823e-02 -7.552673220634460449e-01 7.922113537788391113e-01 -2.918452322483062744e-01
-3.583138883113861084e-01 7.971423119306564331e-02 -4.673892557621002197e-01 -8.411392569541931152e-01 1.454274356365203857e-01
2.439187049865722656e+00 -2.275724858045578003e-01 9.186329841613769531e-01 -5.868524312973022461e-01 -2.185777425765991211e+00
-1.414723396301269531e+00 1.282732009887695312e+00 2.621970474720001221e-01 2.662006914615631104e-01 -8.879097700119018555e-01
1.034915089607238770e+00 -4.512774348258972168e-01 -1.017394661903381348e+00 2.451163232326507568e-01 -1.440792679786682129e+00
-9.324423074722290039e-01 8.266203403472900391e-01 -1.791552752256393433e-01 -1.500184535980224609e+00 -5.064347386360168457e-01
5.603145956993103027e-01 -1.133698582649230957e+00 -5.170208811759948730e-01 -1.989211440086364746e-01 -1.359046936035156250e+00
3.215317428112030029e-02 8.285946249961853027e-01 5.539183616638183594e-01 1.421936392784118652e+00 8.820766210556030273e-02
5.404061079025268555e-01 4.984086751937866211e-01 1.382207274436950684e-01 7.281054854393005371e-01 -2.493315488100051880e-01
4.162155985832214355e-01 -4.083652049303054810e-02 -3.997233137488365173e-02 -5.869247913360595703e-01 -9.036418199539184570e-01
2.731632590293884277e-01 3.089430034160614014e-01 7.341502308845520020e-01 2.072354555130004883e-01 8.030021190643310547e-01
1.560681223869323730e+00 1.577621251344680786e-01 -9.986119866371154785e-01 8.911427259445190430e-01 1.080259799957275391e+00
-2.145604372024536133e+00 -4.148130714893341064e-01 -1.079928874969482422e+00 8.684095740318298340e-01 -2.057646751403808594e+00
8.445419073104858398e-01 -3.750928640365600586e-01 9.825514554977416992e-01 -4.715171456336975098e-01 -1.006652832031250000e+00
1.226402297616004944e-01 7.361793518066406250e-01 -1.691228508949279785e+00 4.306980073451995850e-01 9.539105296134948730e-01
2.348155081272125244e-01 8.068102002143859863e-01 -7.211941480636596680e-01 5.217379927635192871e-01 1.480355381965637207e+00
-4.330005645751953125e-01 1.965191841125488281e+00 -2.097662925720214844e+00 -1.496521711349487305e+00 -6.083117127418518066e-01
9.971494078636169434e-01 7.443793416023254395e-01 -6.798611879348754883e-01 -1.197632789611816406e+00 -2.248403280973434448e-01
-1.205103397369384766e+00 -2.443087249994277954e-01 6.822325587272644043e-01 -6.099258065223693848e-01 4.618212208151817322e-02
-8.037726283073425293e-01 9.541980028152465820e-01 -5.605785250663757324e-01 2.863943278789520264e-01 -9.642702341079711914e-01
1.203471899032592773e+00 -1.291535347700119019e-01 9.632012806832790375e-03 5.507283657789230347e-02 -2.008051872253417969e-01
-1.578630357980728149e-01 -2.552035823464393616e-02 -9.056900143623352051e-01 1.764477014541625977e+00 -2.136862993240356445e+00
-9.003195166587829590e-01 -5.880104303359985352e-01 4.108298420906066895e-01 -1.135102510452270508e+00 -1.313845068216323853e-01
-3.205361543223261833e-03 -9.814079403877258301e-01 -1.062639236450195312e+00 -3.615881502628326416e-01 -1.758421182632446289e+00
-2.037048339843750000e-01 -1.058307766914367676e+00 -1.254205942153930664e+00 1.910542324185371399e-02 -1.407849192619323730e+00
7.366895079612731934e-01 -1.396885395050048828e+00 -6.574335694313049316e-01 1.318452060222625732e-01 -1.920903921127319336e+00
-4.262088835239410400e-01 -6.950715780258178711e-01 -6.767591834068298340e-01 -1.188290834426879883e+00 6.161736249923706055e-01
-5.048776268959045410e-01 -1.316560268402099609e+00 -7.197484374046325684e-01 8.152317404747009277e-01 -1.273494482040405273e+00
-8.400350809097290039e-01 -4.241575300693511963e-01 -2.036148011684417725e-01 1.377502232789993286e-01 -3.904259204864501953e-01
-1.830766797065734863e-01 -6.659269332885742188e-01 -2.708890140056610107e-01 -1.782048344612121582e-01 -8.696898818016052246e-02
7.720188796520233154e-02 -1.116978049278259277e+00 -5.661816000938415527e-01 2.285822033882141113e-01 -1.357049107551574707e+00
-1.751900613307952881e-01 4.280253052711486816e-01 -9.013853669166564941e-01 -1.265197277069091797e+00 -1.374875783920288086e+00
-8.530048131942749023e-01 -1.045187950134277344e+00 -7.466526627540588379e-01 7.127950787544250488e-01 2.496812790632247925e-01
-8.532731533050537109e-01 -8.973178863525390625e-01 -6.124973893165588379e-01 6.370283961296081543e-01 -2.426352053880691528e-01
-4.061540961265563965e-02 -1.013590693473815918e+00 -1.274486184120178223e+00 -3.730881214141845703e-01 -1.681133866310119629e+00
-1.030852675437927246e+00 -1.896324306726455688e-01 -9.125291705131530762e-01 -8.548986911773681641e-01 -1.523715734481811523e+00
-1.532677650451660156e+00 -5.222747325897216797e-01 -1.496122360229492188e+00 2.963519096374511719e-01 -2.732293903827667236e-01
-9.362912178039550781e-01 -4.410077631473541260e-01 -1.044168114662170410e+00 -5.700746178627014160e-01 -1.083501219749450684e+00
-1.059181690216064453e+00 7.717949748039245605e-01 1.062116622924804688e+00 -9.888547062873840332e-01 -1.711419343948364258e+00
-1.312796473503112793e+00 6.197527647018432617e-01 -2.661754786968231201e-01 -5.854273438453674316e-01 -8.822307586669921875e-01
2.045821249485015869e-01 4.301174879074096680e-01 -1.317764401435852051e+00 -2.963031530380249023e-01 3.323164284229278564e-01
-4.889771640300750732e-01 7.408556938171386719e-01 1.299764037132263184e+00 -3.038383007049560547e+00 -3.079652190208435059e-01
6.615433692932128906e-01 7.538037896156311035e-01 1.512891054153442383e+00 -1.678710937500000000e+00 -1.309182047843933105e+00
1.066389918327331543e+00 -9.722124338150024414e-01 -3.834821581840515137e-01 1.359426856040954590e+00 -7.801828384399414062e-01
-1.442328691482543945e+00 2.970273792743682861e-01 -1.207796454429626465e+00 -6.892427206039428711e-01 5.846907496452331543e-01
1.005684137344360352e+00 1.124113559722900391e+00 -4.410699307918548584e-01 -1.280630111694335938e+00 -7.257013320922851562e-01
4.725087583065032959e-01 -1.083817362785339355e+00 -1.217169046401977539e+00 -1.030523777008056641e+00 -2.585417270660400391e+00
1.283227205276489258e-01 1.796211123466491699e+00 -3.338090479373931885e-01 -2.130474895238876343e-01 -1.364060044288635254e+00
-4.195989370346069336e-01 -1.379549503326416016e+00 9.439079463481903076e-02 -5.650080442428588867e-01 3.274505138397216797e-01
-1.587064504623413086e+00 5.467268824577331543e-01 -2.961509823799133301e-01 -3.854295611381530762e-01 -5.929746031761169434e-01
1.579603672027587891e+00 -1.194452166557312012e+00 -1.493110418319702148e+00 -5.587670207023620605e-01 -2.126541584730148315e-01
5.777589678764343262e-01 -1.210296511650085449e+00 -1.559650301933288574e+00 -6.606042385101318359e-01 -2.572206497192382812e+00
2.353547811508178711e-01 -1.300006628036499023e+00 -1.896327257156372070e+00 -1.080987155437469482e-01 -1.976976990699768066e+00
4.926908612251281738e-01 -1.356980800628662109e+00 -7.115027904510498047e-01 -7.955974340438842773e-01 -1.453481078147888184e+00
5.743595957756042480e-01 7.120690345764160156e-01 5.822159051895141602e-01 -1.391140460968017578e+00 -8.463867902755737305e-01
1.354147940874099731e-01 6.090277805924415588e-02 -7.499086260795593262e-01 4.807081222534179688e-01 -1.292755603790283203e+00
3.324882984161376953e-01 -3.310884237289428711e-01 -5.438638925552368164e-01 -7.650105357170104980e-01 2.023646235466003418e-01
4.340370893478393555e-01 2.007577270269393921e-01 -1.819664835929870605e+00 -4.318907558917999268e-01 -2.794552147388458252e-01
-1.386029720306396484e-01 -1.254421025514602661e-01 -1.399566411972045898e+00 -7.019608616828918457e-01 2.594115138053894043e-01
-4.237590432167053223e-01 3.643028736114501953e-01 -1.185575842857360840e+00 2.433024346828460693e-01 -1.503573209047317505e-01
5.334312915802001953e-01 -1.624971985816955566e+00 -7.721151709556579590e-01 -9.227687716484069824e-01 1.888627409934997559e-01
-1.114013671875000000e+00 -8.246405124664306641e-01 -1.713110804557800293e+00 -9.037156701087951660e-01 -1.206331491470336914e+00
-1.310949444770812988e+00 -1.035691380500793457e+00 -8.555197119712829590e-01 -1.487353444099426270e-01 -6.990469694137573242e-01
-1.160086870193481445e+00 -6.554159522056579590e-01 -6.645274758338928223e-01 -7.482388019561767578e-01 -1.386193037033081055e+00
4.460398256778717041e-01 -3.560438752174377441e-01 -3.846904337406158447e-01 -4.210408031940460205e-02 -1.433798074722290039e+00
-8.561288118362426758e-01 -2.236641198396682739e-01 -1.287278175354003906e+00 3.396849036216735840e-01 -3.016583994030952454e-02
-1.532114148139953613e+00 1.528185367584228516e+00 -7.351233363151550293e-01 -2.074493646621704102e+00 -9.971043467521667480e-01
-2.406952619552612305e+00 1.324045181274414062e+00 -1.415209889411926270e+00 -6.439120173454284668e-01 -2.235607244074344635e-02
-1.240794658660888672e+00 1.172751784324645996e+00 -1.076430156826972961e-01 -1.271558642387390137e+00 -7.151833176612854004e-01
-2.677113413810729980e-01 -7.409797310829162598e-01 -3.357312083244323730e-01 -5.644500255584716797e-01 -1.393706649541854858e-01
-7.205173969268798828e-01 1.336989104747772217e-01 3.707683086395263672e-01 -2.444540113210678101e-01 -6.381810903549194336e-01
-5.591524019837379456e-02 -7.705798745155334473e-01 2.750174522399902344e+00 2.904754281044006348e-01 -3.319267034530639648e-01
-1.129243373870849609e+00 -4.876584112644195557e-01 -7.238095402717590332e-01 -9.810861945152282715e-01 -1.503561019897460938e+00
-2.222756385803222656e+00 2.394524216651916504e-01 2.246486097574234009e-01 -2.161000490188598633e+00 4.330106377601623535e-01
-8.843604922294616699e-01 1.318723857402801514e-01 7.845652848482131958e-02 -1.403858423233032227e+00 -2.592102587223052979e-01
4.128085449337959290e-02 -1.593115687370300293e+00 -3.361958861351013184e-01 4.742615222930908203e-01 5.196204036474227905e-02
-9.166380763053894043e-01 -1.263470530509948730e+00 -1.232215285301208496e+00 5.457522273063659668e-01 -6.461085081100463867e-01
-1.006653070449829102e+00 -7.627190947532653809e-01 1.810111105442047119e-01 -2.390804514288902283e-02 -9.544948935508728027e-01
-7.166786789894104004e-01 -1.261570453643798828e+00 -1.156452894210815430e+00 3.338756561279296875e-01 -8.433724641799926758e-01
-1.198988407850265503e-01 -1.014829397201538086e+00 -1.221653699874877930e+00 -6.166025996208190918e-01 -1.350183606147766113e+00
-3.929159045219421387e-02 -1.014678001403808594e+00 -6.429706215858459473e-01 -5.371042992919683456e-03 -4.218648672103881836e-01
-2.625114679336547852e+00 -2.057052135467529297e+00 4.603776633739471436e-01 4.371950328350067139e-01 3.783329427242279053e-01
1.323038458824157715e+00 5.906469821929931641e-01 1.470625519752502441e+00 7.742148041725158691e-01 5.257979631423950195e-01
-8.925530910491943359e-01 -7.793458700180053711e-01 -6.839883327484130859e-01 1.426844745874404907e-01 -1.080056667327880859e+00
-5.897712707519531250e-01 -9.819247126579284668e-01 -3.185153603553771973e-01 1.692463457584381104e-01 -1.551947593688964844e+00
-1.117529511451721191e+00 4.349166899919509888e-02 -1.270837426185607910e+00 -3.018900752067565918e-01 -1.041511654853820801e+00
-1.221352100372314453e+00 -6.902049779891967773e-01 2.623243257403373718e-02 1.072364896535873413e-01 -1.287317156791687012e+00
-2.067163214087486267e-02 6.019464693963527679e-03 -1.212578892707824707e+00 -6.512184143066406250e-01 -1.341741442680358887e+00
6.531324386596679688e-01 -1.007849797606468201e-01 -3.284998536109924316e-01 -2.967484891414642334e-01 5.781267955899238586e-02
1.352930545806884766e+00 7.960467338562011719e-01 -1.464353442192077637e+00 -3.929391503334045410e-01 1.432161331176757812e+00
-1.397648453712463379e+00 -6.310167908668518066e-02 -1.938176155090332031e-01 6.124373674392700195e-01 -9.401586055755615234e-01
2.049051284790039062e+00 -5.345731377601623535e-01 -1.276848673820495605e+00 -1.189539194107055664e+00 -1.011320114135742188e+00
4.010279178619384766e-01 -3.256943821907043457e-01 -7.806748747825622559e-01 -2.610852479934692383e+00 1.584005236625671387e+00
-1.870252609252929688e+00 -1.066524609923362732e-01 -1.189472004771232605e-01 2.603592574596405029e-01 7.700908463448286057e-03
-1.919353485107421875e+00 8.987376689910888672e-01 -4.698799178004264832e-02 -8.438761830329895020e-01 -7.346878051757812500e-01
1.377021521329879761e-01 -1.337454319000244141e+00 -2.545081973075866699e-01 1.159259676933288574e+00 1.323543906211853027e+00
-1.680445313453674316e+00 3.414653539657592773e-01 9.764264225959777832e-01 1.045263409614562988e-01 -9.563289880752563477e-01
1.233976960182189941e+00 5.510963201522827148e-01 1.611386060714721680e+00 -4.818568229675292969e-01 -6.036286354064941406e-01
1.143656492233276367e+00 6.279911100864410400e-02 -9.973681569099426270e-01 -9.539397954940795898e-01 1.063190549612045288e-01
-1.294939756393432617e+00 -1.213630557060241699e+00 -2.384554862976074219e+00 -1.697491109371185303e-01 -7.384940981864929199e-01
-1.154847502708435059e+00 -9.592450857162475586e-01 -2.229605913162231445e+00 -8.215550780296325684e-01 -1.091036558151245117e+00
-9.656776785850524902e-01 -7.125094532966613770e-01 -2.078896999359130859e+00 -1.424052596092224121e+00 -1.585992693901062012e+00
8.637322783470153809e-01 -1.328975796699523926e+00 -6.196371465921401978e-02 -4.835986718535423279e-02 2.511967420578002930e-01
9.341111406683921814e-03 -9.515115618705749512e-01 -2.512643098831176758e+00 1.369477391242980957e+00 5.358620882034301758e-01
-8.494926691055297852e-01 -2.038551807403564453e+00 -1.733648926019668579e-01 -4.993598163127899170e-02 1.330072045326232910e+00
2.635692954063415527e-01 -9.416888952255249023e-01 4.653826951980590820e-01 1.855805277824401855e+00 -8.766083717346191406e-01
-5.958457291126251221e-02 -9.738617390394210815e-02 3.800505995750427246e-01 -1.262170076370239258e+00 -1.328086614608764648e+00
-1.847536563873291016e-01 2.066769599914550781e-01 7.871192693710327148e-02 4.465492665767669678e-01 3.834851682186126709e-01
8.106527328491210938e-01 8.795890212059020996e-01 -8.178946971893310547e-01 -7.189978957176208496e-01 3.523565828800201416e-01
-9.467939734458923340e-01 -1.025671243667602539e+00 -1.722942829132080078e+00 -1.246495962142944336e+00 -1.531536817550659180e+00
-5.832691192626953125e-01 -1.457942366600036621e+00 -1.891976118087768555e+00 -9.372671246528625488e-01 -1.293509960174560547e+00
-8.810091614723205566e-01 -1.187407970428466797e+00 -1.946642279624938965e+00 -8.599103093147277832e-01 -1.263442516326904297e+00
-1.609618902206420898e+00 -7.426119446754455566e-01 5.802648663520812988e-01 -7.687931656837463379e-01 4.895138442516326904e-01
-2.061591893434524536e-01 -5.111604928970336914e-01 -2.289175271987915039e+00 -1.602993607521057129e+00 -1.707864165306091309e+00
1.720188975334167480e+00 1.720621824264526367e+00 -5.473467707633972168e-01 -5.621374249458312988e-01 -3.528836071491241455e-01
6.876577138900756836e-01 -5.477138161659240723e-01 -3.919903934001922607e-01 -6.585855484008789062e-01 7.835964560508728027e-01
-9.879367351531982422e-01 -1.035421848297119141e+00 -1.679982662200927734e+00 -1.184170722961425781e+00 -1.083564281463623047e+00
-6.020613312721252441e-01 -9.196516275405883789e-01 -1.881018519401550293e+00 -1.011133790016174316e+00 -1.633454322814941406e+00
-6.543953418731689453e-01 3.012314140796661377e-01 1.011837959289550781e+00 -1.179723381996154785e+00 1.945853352546691895e+00
-5.382676124572753906e-01 3.019995391368865967e-01 -9.376396536827087402e-01 -5.401740074157714844e-01 1.254625916481018066e-01
-6.150575280189514160e-01 -8.852781057357788086e-01 -3.000641763210296631e-01 9.032259583473205566e-01 1.164046302437782288e-01
-1.224765419960021973e+00 4.098456203937530518e-01 9.679915308952331543e-01 -1.906395107507705688e-01 -1.485771417617797852e+00
-9.888375401496887207e-01 2.482218109071254730e-02 1.013294339179992676e+00 -9.271166920661926270e-01 2.787497267127037048e-02
8.582634329795837402e-01 1.084528565406799316e+00 3.050139844417572021e-01 -1.039949536323547363e+00 -6.031600385904312134e-02
-4.824762344360351562e-01 -9.172885119915008545e-02 -9.631708860397338867e-01 -1.960725545883178711e+00 -4.600224792957305908e-01
-4.099568724632263184e-01 1.121330112218856812e-01 -5.385407805442810059e-01 -1.441964507102966309e+00 -1.405649900436401367e+00
-1.776543974876403809e+00 -5.510765910148620605e-01 -8.683969378471374512e-01 -4.061882793903350830e-01 6.698138117790222168e-01
-7.017029523849487305e-01 -1.605554461479187012e+00 -1.703306555747985840e+00 -3.663502931594848633e-01 -9.159573316574096680e-01
-6.753430962562561035e-01 -1.636687994003295898e+00 -1.847342371940612793e+00 -2.994620203971862793e-01 -7.673966288566589355e-01
-7.969926595687866211e-01 -2.729010879993438721e-01 -1.172157526016235352e+00 1.738543033599853516e+00 3.496857285499572754e-01
-1.023995518684387207e+00 3.253281712532043457e-01 7.402067184448242188e-01 -3.383530676364898682e-01 3.926851451396942139e-01
-2.088848650455474854e-01 -1.603896737098693848e+00 -1.968282580375671387e+00 -4.564256072044372559e-01 -1.237185239791870117e+00
-3.321416676044464111e-01 -1.456256031990051270e+00 -2.051733970642089844e+00 -3.593184649944305420e-01 -1.280314803123474121e+00
-6.423255801200866699e-01 -1.466343879699707031e+00 -1.632692217826843262e+00 -7.094468474388122559e-01 -1.145877003669738770e+00
5.044971108436584473e-01 -6.201027631759643555e-01 -1.887830972671508789e+00 -9.177460521459579468e-02 2.396935522556304932e-01
4.424273669719696045e-01 8.861680030822753906e-01 1.375712007284164429e-01 -1.263191699981689453e-01 5.563792586326599121e-01
-1.157674908638000488e+00 9.329118728637695312e-01 2.314698457717895508e+00 1.709568500518798828e+00 1.678363531827926636e-01
-4.818401858210563660e-02 4.672925472259521484e-01 -1.022866487503051758e+00 -9.898178577423095703e-01 1.255467161536216736e-02
-1.694349646568298340e+00 -9.530464410781860352e-01 -1.806077480316162109e+00 1.443583369255065918e+00 1.518298499286174774e-02
-1.184879541397094727e+00 -5.735220909118652344e-01 -1.349301218986511230e+00 2.695099115371704102e-01 -9.740841984748840332e-01
-1.048046231269836426e+00 -5.558585524559020996e-01 -1.308242678642272949e+00 1.444552242755889893e-01 -1.129359126091003418e+00
-1.338678121566772461e+00 -7.623518705368041992e-01 -1.526421904563903809e+00 7.584653496742248535e-01 -6.125202178955078125e-01
-2.034398555755615234e+00 -6.246750354766845703e-01 -1.880347609519958496e+00 1.278266072273254395e+00 -4.551871865987777710e-02
-1.449105978012084961e+00 -5.284932851791381836e-01 -1.487331867218017578e+00 4.710443019866943359e-01 -7.876082062721252441e-01
-1.596089720726013184e+00 -8.654525876045227051e-01 -1.935869336128234863e+00 1.380485773086547852e+00 -2.975818142294883728e-02
9.553449153900146484e-01 -2.053351879119873047e+00 3.450328409671783447e-01 1.950808167457580566e+00 9.706943035125732422e-01
1.031083226203918457e+00 -5.930889844894409180e-01 8.404846787452697754e-01 2.883350476622581482e-02 -4.155480563640594482e-01
-1.336454451084136963e-01 -9.544382095336914062e-01 5.402460098266601562e-01 1.261364519596099854e-01 2.172962427139282227e-01
-2.561680972576141357e-01 1.616246938705444336e+00 3.638191819190979004e-01 -3.104144036769866943e-01 3.632355928421020508e-01
-2.154168337583541870e-01 7.331595420837402344e-01 -1.612098693847656250e+00 7.015140354633331299e-02 -3.893836587667465210e-02
2.109443247318267822e-01 -1.440120577812194824e+00 -1.129530787467956543e+00 -4.910912215709686279e-01 -1.259585767984390259e-01
5.224165320396423340e-01 -2.206380844116210938e+00 -1.309284925460815430e+00 2.960081696510314941e-01 3.117241859436035156e-01
-5.661959052085876465e-01 -2.112858772277832031e+00 -1.382254719734191895e+00 7.178935408592224121e-01 1.289803504943847656e+00
-3.457625508308410645e-01 -1.571685433387756348e+00 -1.219380021095275879e+00 -6.374942511320114136e-02 5.818517804145812988e-01
-3.342940211296081543e-01 -1.731624245643615723e+00 -1.300695896148681641e+00 3.046220839023590088e-01 8.959290385246276855e-01
1.512427926063537598e-01 -1.723278999328613281e+00 -1.256793618202209473e+00 1.367750018835067749e-01 6.578804254531860352e-01
6.495462059974670410e-01 -2.126316070556640625e+00 -1.135346174240112305e+00 7.292599976062774658e-02 3.459616303443908691e-01
-3.197174072265625000e-01 -1.169553637504577637e+00 -1.268450766801834106e-01 -1.223031759262084961e+00 4.029963314533233643e-01
-1.690050363540649414e-01 -1.263676285743713379e-01 5.512836575508117676e-01 -2.263688892126083374e-01 -2.905987203121185303e-01
1.373590469360351562e+00 -5.537846684455871582e-01 1.689630508422851562e+00 -2.776381075382232666e-01 3.846764266490936279e-01
1.062146797776222229e-01 2.273901700973510742e+00 1.372073650360107422e+00 -1.122627258300781250e+00 -1.634164571762084961e+00
1.965857148170471191e+00 4.772410988807678223e-01 -2.472692281007766724e-01 -1.551170349121093750e+00 -1.594522356986999512e+00
-4.970545768737792969e-01 -5.868263244628906250e-01 2.756656646728515625e+00 6.363641023635864258e-01 2.268599033355712891e+00
