1.325668215751647949e+00 -3.856114149093627930e-01 1.742985129356384277e+00
-2.718101255595684052e-02 6.691201925277709961e-01 -9.161425232887268066e-01
-1.001385807991027832e+00 1.200971007347106934e+00 1.275817513465881348e+00
-2.940909862518310547e-01 -1.168885827064514160e+00 -7.876962423324584961e-01
-1.330124020576477051e+00 -2.846267938613891602e+00 -6.891126632690429688e-01
-8.705638349056243896e-02 -1.451933503150939941e+00 -8.379866480827331543e-01
-7.678263783454895020e-01 -7.434771209955215454e-02 -9.352753162384033203e-01
7.800918221473693848e-01 -3.156867623329162598e-02 1.602013967931270599e-02
1.122590780258178711e+00 2.299514561891555786e-01 -2.731641232967376709e-01
-3.011326538398861885e-03 1.844247132539749146e-01 -2.384575158357620239e-01
3.245632052421569824e-01 -1.456101298332214355e+00 1.069901943206787109e+00
1.252705574035644531e+00 -1.391425132751464844e+00 -2.424094639718532562e-02
7.125511765480041504e-01 -2.516709089279174805e+00 2.322456598281860352e+00
2.630249559879302979e-01 4.509602785110473633e-01 1.126543998718261719e+00
1.049164056777954102e+00 5.903092026710510254e-01 1.280072629451751709e-01
-6.200353503227233887e-01 8.331152796745300293e-01 -2.384153604507446289e+00
2.109232187271118164e+00 4.352395236492156982e-01 8.683307170867919922e-01
1.484798073768615723e+00 -1.271816253662109375e+00 2.672172546386718750e+00
3.403126299381256104e-01 -2.483819007873535156e+00 2.946133852005004883e+00
-4.365679323673248291e-01 -1.678679436445236206e-01 2.267191886901855469e+00
-4.908336326479911804e-02 3.106777369976043701e-01 8.422552943229675293e-01
-6.069103479385375977e-01 1.210206985473632812e+00 -3.879530727863311768e-01
-8.850401043891906738e-01 -8.843576908111572266e-02 -1.682144165039062500e+00
-9.449937939643859863e-01 -1.667860597372055054e-01 -1.685761570930480957e+00
-1.294742465019226074e+00 -9.591013789176940918e-01 -9.775120615959167480e-01
-9.683086872100830078e-01 -9.644266366958618164e-01 -1.419448554515838623e-01
-5.959917902946472168e-01 -4.843932986259460449e-01 -7.321133017539978027e-01
6.148191690444946289e-01 -6.492121219635009766e-01 1.276580840349197388e-01
-8.773449659347534180e-01 -8.635056763887405396e-02 -1.250104904174804688e+00
4.747672006487846375e-02 1.619089722633361816e+00 8.963899612426757812e-01
-6.895329356193542480e-01 -4.450607597827911377e-01 1.617617309093475342e-01
-7.792744636535644531e-01 -5.600311160087585449e-01 2.291833013296127319e-01
6.205988526344299316e-01 1.892397165298461914e+00 9.457152485847473145e-01
-1.773379296064376831e-01 -1.413816690444946289e+00 -6.774961352348327637e-01
-7.304584980010986328e-01 -7.066255807876586914e-01 6.587879061698913574e-01
6.786019802093505859e-01 -7.405260205268859863e-01 -1.490637540817260742e+00
3.448582291603088379e-01 6.939342617988586426e-01 8.797240257263183594e-02
-7.952376008033752441e-01 1.137050151824951172e+00 -9.523581862449645996e-01
-7.648828029632568359e-01 3.032877743244171143e-01 -1.923183560371398926e+00
3.515296578407287598e-01 -1.375218152999877930e+00 -1.499134302139282227e+00
3.286161720752716064e-01 -1.419270873069763184e+00 -2.633686065673828125e-01
-2.103028148412704468e-01 -2.261662930250167847e-01 3.308396786451339722e-02
-4.340976774692535400e-01 -1.285955309867858887e-01 -3.754426836967468262e-01
2.313751541078090668e-02 1.158186078071594238e+00 8.219029307365417480e-01
-6.029279232025146484e-01 6.948423385620117188e-01 8.090058565139770508e-01
2.927351593971252441e-01 -4.473620355129241943e-01 -3.716880455613136292e-02
-1.689594984054565430e-01 5.625319201499223709e-03 -1.062317609786987305e+00
-3.811031877994537354e-01 8.528366088867187500e-01 -6.340740323066711426e-01
-4.410050809383392334e-01 -4.004602134227752686e-01 -6.194292306900024414e-01
-2.327292919158935547e+00 -3.740020096302032471e-01 2.116335928440093994e-01
-1.147405147552490234e+00 -6.074969768524169922e-01 8.979006409645080566e-01
-6.639555692672729492e-01 5.630140304565429688e-01 -9.253905415534973145e-01
-3.649879246950149536e-02 7.709427475929260254e-01 4.970533251762390137e-01
6.552496552467346191e-01 2.468062639236450195e-01 -1.359661072492599487e-01
-5.142139792442321777e-01 -7.371870279312133789e-01 -6.304849982261657715e-01
4.706076383590698242e-01 -2.218464016914367676e-01 9.162988513708114624e-02
3.363528013229370117e+00 -1.099913239479064941e+00 -1.671750545501708984e-01
-5.240095257759094238e-01 4.105662405490875244e-01 1.042775154113769531e+00
-1.715512871742248535e-01 1.136659026145935059e+00 -5.089591741561889648e-01
-1.780162453651428223e-01 1.152877807617187500e+00 -5.215683579444885254e-01
-1.770889312028884888e-01 1.142287135124206543e+00 -5.173058509826660156e-01
-7.188976556062698364e-02 1.318166732788085938e+00 -5.599204897880554199e-01
-6.580886244773864746e-02 1.316154003143310547e+00 -5.450955629348754883e-01
-8.632946610450744629e-01 5.038098096847534180e-01 2.143927812576293945e-01
-8.348034024238586426e-01 5.203260779380798340e-01 9.749234467744827271e-02
-1.443925499916076660e+00 6.362175941467285156e-01 -8.276727199554443359e-01
-1.466243505477905273e+00 4.806920886039733887e-01 -8.400430083274841309e-01
-1.800880581140518188e-02 -4.721419811248779297e-01 -2.197871923446655273e+00
2.183068275451660156e+00 -1.170618534088134766e+00 -2.027290582656860352e+00
-7.568172216415405273e-01 -2.200196683406829834e-01 -9.702281355857849121e-01
-1.401449441909790039e-01 1.101308345794677734e+00 -1.803052783012390137e+00
2.928998880088329315e-02 5.135046690702438354e-02 -1.784707188606262207e+00
5.245843902230262756e-03 -2.631014883518218994e-01 -1.439840674400329590e+00
1.093794181942939758e-01 1.544071316719055176e+00 -1.515633940696716309e+00
1.842202991247177124e-02 1.427356004714965820e+00 -1.422298312187194824e+00
-1.091029167175292969e+00 8.899009227752685547e-01 -7.263957262039184570e-01
-1.273412108421325684e+00 7.060604095458984375e-01 -9.947627782821655273e-01
-1.179633498191833496e+00 6.605169177055358887e-01 -1.545598506927490234e+00
-1.632248282432556152e+00 -7.973857522010803223e-01 -5.766922235488891602e-01
-1.285645484924316406e+00 -2.128222286701202393e-01 -9.618319869041442871e-01
-1.553523063659667969e+00 1.230770468711853027e+00 -1.909183979034423828e+00
-1.589852929115295410e+00 1.031859993934631348e+00 -1.685921669006347656e+00
-5.988186597824096680e-01 -1.920704841613769531e-01 -3.934163749217987061e-01
-1.342459022998809814e-01 3.320043087005615234e-01 -8.899697065353393555e-01
-7.743769884109497070e-01 1.479873061180114746e+00 -6.060178279876708984e-01
-7.737274765968322754e-01 1.670347809791564941e+00 -7.314313054084777832e-01
9.544237852096557617e-01 9.872039556503295898e-01 -1.572398066520690918e+00
1.511248111724853516e+00 -2.177508175373077393e-01 -9.788900017738342285e-01
9.623596668243408203e-01 7.561566829681396484e-01 2.652226388454437256e-01
-4.937977194786071777e-01 8.084158897399902344e-01 -1.037342771887779236e-01
-1.028344869613647461e+00 1.003088712692260742e+00 -8.272950649261474609e-01
-7.539603114128112793e-01 1.501008272171020508e+00 -1.218839526176452637e+00
7.085862159729003906e-01 7.552365064620971680e-01 -1.800822138786315918e+00
4.116021394729614258e-01 8.597940951585769653e-02 -1.557521462440490723e+00
-7.792565226554870605e-01 1.154290318489074707e+00 3.879286050796508789e-01
-1.632147550582885742e+00 -3.245606720447540283e-01 1.507233977317810059e+00
6.991395354270935059e-01 3.803857862949371338e-01 9.915852546691894531e-01
4.296939373016357422e-01 1.118624731898307800e-01 -6.321647167205810547e-01
-1.415624022483825684e+00 6.998445987701416016e-01 -8.868550658226013184e-01
-1.447126626968383789e+00 7.490289211273193359e-01 -9.285941123962402344e-01
-2.664262056350708008e+00 1.533112525939941406e+00 -6.111990809440612793e-01
-2.764661788940429688e+00 1.230175495147705078e+00 -3.140529990196228027e-01
2.594352327287197113e-02 8.610277175903320312e-01 7.180488109588623047e-01
2.655247971415519714e-02 8.599343895912170410e-01 7.388429641723632812e-01
-3.257790505886077881e-01 1.449302077293395996e+00 -1.169977426528930664e+00
-3.540616333484649658e-01 8.367142677307128906e-01 -9.441003799438476562e-01
-7.033701241016387939e-02 1.104053378105163574e+00 -2.653517425060272217e-01
2.795456349849700928e-02 1.363205075263977051e+00 -3.929811418056488037e-01
-2.254196405410766602e+00 4.387338086962699890e-02 -8.448522090911865234e-01
1.860342745203524828e-04 1.559170842170715332e+00 -1.576865911483764648e+00
-1.931896083988249302e-03 1.665168046951293945e+00 -1.637881398200988770e+00
-1.389174461364746094e+00 -3.213784098625183105e-02 -4.845707416534423828e-01
-8.832362294197082520e-01 4.227868318557739258e-01 -1.253598809242248535e+00
-1.227951407432556152e+00 -4.284619390964508057e-01 1.081652119755744934e-01
-1.076640844345092773e+00 2.601340180262923241e-03 1.203811883926391602e+00
-6.110284924507141113e-01 1.350730359554290771e-01 -6.707844734191894531e-01
-1.422597289085388184e+00 -3.720479831099510193e-02 8.435327410697937012e-01
-5.061136484146118164e-01 9.392369985580444336e-01 -8.514374494552612305e-01
-1.205766558647155762e+00 1.190761923789978027e+00 -8.537271022796630859e-01
-1.537560820579528809e+00 8.016257286071777344e-01 -3.318165242671966553e-01
-1.553022503852844238e+00 5.911464095115661621e-01 -3.699715435504913330e-01
-4.098564386367797852e-01 -9.399213194847106934e-01 1.277174055576324463e-01
-1.444452762603759766e+00 -1.249055266380310059e+00 -5.572070479393005371e-01
-5.360402464866638184e-01 3.868237137794494629e-01 -1.180774688720703125e+00
4.452152550220489502e-01 -2.818280458450317383e+00 -1.819039821624755859e+00
-1.663538575172424316e+00 4.259609282016754150e-01 -4.877715408802032471e-01
-8.621178269386291504e-01 1.294021248817443848e+00 -1.424338221549987793e+00
-1.720578193664550781e+00 3.630873858928680420e-01 -2.869605422019958496e-01
-2.391384601593017578e+00 -9.996096491813659668e-01 -1.656127572059631348e-01
-5.980508923530578613e-01 1.134189963340759277e+00 -9.483444690704345703e-01
-1.216405272483825684e+00 4.670629501342773438e-01 -1.490061283111572266e+00
-9.230965971946716309e-01 9.432122707366943359e-01 -1.860832810401916504e+00
-4.314936697483062744e-01 7.615551352500915527e-01 -1.836722195148468018e-01
-4.347586929798126221e-01 3.487542867660522461e-01 1.169667541980743408e-01
7.129226345568895340e-03 -1.160129427909851074e+00 -9.141486287117004395e-01
-6.102255582809448242e-01 1.038757562637329102e+00 3.136227726936340332e-01
-4.831368327140808105e-01 1.072932839393615723e+00 -3.584465980529785156e-01
-4.667776525020599365e-01 1.084864020347595215e+00 -3.456895649433135986e-01
-1.339544773101806641e+00 8.305338025093078613e-01 -1.574753403663635254e+00
1.116060256958007812e+00 5.464653372764587402e-01 3.588382005691528320e-01
-1.158652424812316895e+00 -5.186129733920097351e-02 4.114485979080200195e-01
-2.985203564167022705e-01 -2.789902389049530029e-01 -2.233417779207229614e-01
1.118189245462417603e-01 -7.509056329727172852e-01 3.532373607158660889e-01
1.360754132270812988e+00 -4.457407295703887939e-01 -4.761330485343933105e-01
4.324703812599182129e-01 1.343908429145812988e+00 -8.683597445487976074e-01
-3.085611164569854736e-01 4.201638400554656982e-01 2.049997329711914062e+00
-1.155787587165832520e+00 3.997287154197692871e-01 -1.210413455963134766e+00
-1.351407408714294434e+00 9.006925821304321289e-01 -5.096026062965393066e-01
-1.802743077278137207e-01 8.278851211071014404e-02 -6.995738744735717773e-01
-1.346483588218688965e+00 -1.214085221290588379e+00 -7.869828492403030396e-02
-1.173169374465942383e+00 4.900714159011840820e-01 1.424640417098999023e-01
7.986552715301513672e-01 3.956771641969680786e-02 -2.220141440629959106e-01
-9.084113836288452148e-01 -1.064786314964294434e+00 1.479654669761657715e+00
-1.085196375846862793e+00 3.237087726593017578e-01 -1.242987871170043945e+00
8.909472227096557617e-01 -5.840237736701965332e-01 -1.351127028465270996e+00
8.433949947357177734e-01 4.120125174522399902e-01 4.346958100795745850e-01
-9.278659224510192871e-01 9.105096459388732910e-01 1.309537172317504883e+00
-7.933119684457778931e-02 -9.541574716567993164e-01 1.344097971916198730e+00
-2.023871421813964844e+00 -7.757101953029632568e-02 -1.426285028457641602e+00
-1.989633083343505859e+00 -1.442371308803558350e-02 -1.457390069961547852e+00
-1.061968088150024414e+00 1.849236845970153809e+00 -5.467470884323120117e-01
-1.470618247985839844e-01 9.667935967445373535e-01 -6.092107295989990234e-01
-7.095407247543334961e-01 3.647696077823638916e-01 -8.097480535507202148e-01
-1.052351117134094238e+00 -1.877945363521575928e-01 1.885937303304672241e-01
-2.871123552322387695e-01 6.325452327728271484e-01 1.140846032649278641e-02
-5.447777509689331055e-01 7.862195968627929688e-01 -1.041066288948059082e+00
-6.400806903839111328e-01 9.992136955261230469e-01 -6.907956600189208984e-01
-6.382096409797668457e-01 8.181174397468566895e-01 -5.380607247352600098e-01
-1.609376311302185059e+00 4.539524912834167480e-01 -3.535754382610321045e-01
-6.588612794876098633e-01 5.374104976654052734e-01 -6.653949022293090820e-01
1.958825290203094482e-01 4.954320192337036133e-01 -9.640274047851562500e-01
-1.001440286636352539e+00 2.070707798004150391e+00 1.386656284332275391e+00
-1.135537028312683105e+00 2.963854968547821045e-01 -1.552913039922714233e-01
-9.428742527961730957e-01 6.600611209869384766e-01 -3.984735012054443359e-01
-7.534337043762207031e-01 9.953975677490234375e-01 -7.890184521675109863e-01
-7.604703903198242188e-01 8.032904863357543945e-01 -6.921366453170776367e-01
-1.444409012794494629e+00 -1.664269447326660156e+00 -4.281453192234039307e-01
-3.268385827541351318e-01 -2.847996354103088379e-01 -1.284307718276977539e+00
-1.283596158027648926e+00 2.727234661579132080e-01 -5.216842889785766602e-01
-1.042549610137939453e+00 9.060907959938049316e-01 -5.101616978645324707e-01
1.674836277961730957e+00 1.229583263397216797e+00 -1.471493124961853027e+00
-9.154476225376129150e-03 7.983182072639465332e-01 4.478754103183746338e-01
-6.700545549392700195e-02 1.073250770568847656e+00 -1.065963387489318848e+00
-2.261995971202850342e-01 -2.181875854730606079e-01 5.598872527480125427e-02
-1.537279129028320312e+00 1.965442299842834473e-01 -3.242545127868652344e-01
-4.275828897953033447e-01 -4.090482592582702637e-01 -7.785379290580749512e-01
-5.173297524452209473e-01 -3.738901317119598389e-01 -1.335716247558593750e+00
1.016681045293807983e-01 4.785527586936950684e-01 -2.128372192382812500e+00
-7.330484688282012939e-03 1.208294034004211426e+00 1.126810073852539062e+00
-3.639757633209228516e-01 -6.631733179092407227e-01 7.427946925163269043e-01
-2.578709721565246582e-01 8.263815641403198242e-01 7.600491046905517578e-01
-3.813135027885437012e-01 1.530032008886337280e-01 -5.579386353492736816e-01
1.811820715665817261e-01 5.766026973724365234e-01 -6.583923697471618652e-01
-6.262921690940856934e-01 -2.877862155437469482e-01 9.534266591072082520e-01
8.469787836074829102e-01 1.294730424880981445e+00 -7.066527009010314941e-01
6.185327768325805664e-01 -2.276949435472488403e-01 -1.016932249069213867e+00
5.903604030609130859e-01 -7.030475139617919922e-01 -1.514289021492004395e+00
-2.344227284193038940e-01 -1.277946531772613525e-01 -8.047804236412048340e-01
1.044446110725402832e+00 1.710703372955322266e-01 -6.853897571563720703e-01
1.901510506868362427e-01 -5.176373720169067383e-01 2.984044790267944336e+00
-5.079424008727073669e-02 -5.925245881080627441e-01 1.452831178903579712e-01
6.661424040794372559e-01 1.837244182825088501e-01 -4.948219284415245056e-02
5.840141773223876953e-01 -7.479228973388671875e-01 1.568698287010192871e+00
-5.953143239021301270e-01 7.845709323883056641e-01 1.989096760749816895e+00
-7.276585698127746582e-01 -9.192421436309814453e-01 -8.374030590057373047e-01
-1.187885999679565430e+00 6.484916210174560547e-01 1.077583074569702148e+00
-2.580649375915527344e+00 6.276942491531372070e-01 -2.067646384239196777e-01
2.756217479705810547e+00 -9.683464169502258301e-01 3.847497999668121338e-01
-7.940068840980529785e-01 -3.783909678459167480e-01 -5.999517068266868591e-02
3.480421781539916992e+00 -1.351009726524353027e+00 -5.370898842811584473e-01
-9.321124851703643799e-02 8.292070031166076660e-01 3.854489028453826904e-01
1.185354813933372498e-01 7.612480521202087402e-01 4.843220710754394531e-01
-4.379464387893676758e-01 -5.278334021568298340e-01 1.132069468498229980e+00
-1.517743110656738281e+00 -1.685260772705078125e+00 3.188670277595520020e-01
-7.561741471290588379e-01 1.138193845748901367e+00 -2.550776302814483643e-01
-1.265857815742492676e+00 -3.964825272560119629e-01 1.373725384473800659e-01
-1.055194735527038574e+00 9.907462596893310547e-01 -9.366498589515686035e-01
-2.440536767244338989e-01 -1.628589153289794922e+00 -1.320229768753051758e+00
2.294470667839050293e-01 1.849368959665298462e-01 2.051664829254150391e+00
-6.281884908676147461e-01 -2.812641859054565430e-01 3.134873211383819580e-01
-7.429462671279907227e-01 8.564818501472473145e-01 6.426885128021240234e-01
-1.044132828712463379e+00 3.748449981212615967e-01 4.043011665344238281e-01
-1.342541575431823730e+00 -2.988250851631164551e-01 -1.090068697929382324e+00
-3.818936645984649658e-01 -4.060494601726531982e-01 -6.750205755233764648e-01
-3.858273923397064209e-01 -4.131941795349121094e-01 -6.797928810119628906e-01
-5.341691374778747559e-01 8.867743611335754395e-01 -1.680101513862609863e+00
-7.282930612564086914e-01 -7.029796838760375977e-01 -1.156933188438415527e+00
-2.532987117767333984e+00 -9.952475130558013916e-02 -9.779348969459533691e-01
-3.352249562740325928e-01 1.193621277809143066e+00 1.108512878417968750e+00
-4.421609938144683838e-01 1.592923402786254883e-01 7.888791561126708984e-01
2.390390336513519287e-01 -9.734702855348587036e-02 2.318482160568237305e+00
-1.533805131912231445e-01 -3.934024572372436523e-01 -1.626651763916015625e+00
-6.697156429290771484e-01 4.261571764945983887e-01 -1.252094507217407227e+00
-2.438674569129943848e-01 1.002528741955757141e-01 -1.867062330245971680e+00
2.985972166061401367e-01 6.374133825302124023e-01 -1.672574728727340698e-01
-1.083783030509948730e+00 -3.880156576633453369e-02 -1.411626219749450684e+00
-5.456561446189880371e-01 4.904111623764038086e-01 -1.814161062240600586e+00
-1.331608772277832031e+00 -4.748699367046356201e-01 6.753978133201599121e-01
-5.468412637710571289e-01 -1.057562232017517090e+00 4.402401670813560486e-02
-6.568173170089721680e-01 -3.006141819059848785e-02 -1.313612610101699829e-01
1.834762692451477051e-01 -6.877151727676391602e-01 -6.355823874473571777e-01
-3.317785561084747314e-01 -1.333361566066741943e-01 -1.579946637153625488e+00
6.250220537185668945e-01 -1.982365995645523071e-01 -1.159479975700378418e+00
-6.554897874593734741e-02 1.970525264739990234e+00 -2.186249256134033203e+00
-1.392110586166381836e+00 -1.069625735282897949e+00 -6.794530749320983887e-01
-3.767541944980621338e-01 -8.750383853912353516e-01 -7.161244153976440430e-01
-3.378356993198394775e-01 4.551542699337005615e-01 -1.504237800836563110e-01
-4.566691219806671143e-01 5.097439885139465332e-01 -2.955967485904693604e-01
8.193604350090026855e-01 -1.624201089143753052e-01 -3.056383430957794189e-01
-3.964692652225494385e-01 -4.829560518264770508e-01 -1.329238772392272949e+00
-1.535150170326232910e+00 -8.311502933502197266e-01 1.568508982658386230e+00
2.297972917556762695e+00 2.985580265522003174e-01 -2.200943678617477417e-01
-8.053657412528991699e-01 -6.808764338493347168e-01 1.874544471502304077e-01
-1.508203625679016113e+00 -1.143552735447883606e-01 -7.882553935050964355e-01
8.578451871871948242e-01 4.236001372337341309e-01 -1.553194761276245117e+00
2.090931236743927002e-01 4.869012832641601562e-01 -8.995972871780395508e-01
8.742587268352508545e-02 6.165754199028015137e-01 7.118847370147705078e-01
-3.063140213489532471e-01 5.218075513839721680e-01 -1.447432875633239746e+00
-1.055116772651672363e+00 -4.965978264808654785e-01 1.323370575904846191e+00
3.828360438346862793e-01 2.770633697509765625e-01 -4.766918718814849854e-01
8.197663426399230957e-01 1.003435134887695312e+00 -4.680157899856567383e-01
4.716176390647888184e-01 1.256076931953430176e+00 -1.948961853981018066e+00
-2.101948708295822144e-01 -5.241293311119079590e-01 -9.122409224510192871e-01
-1.185974240303039551e+00 1.264095157384872437e-01 8.501769304275512695e-01
1.131194233894348145e+00 1.336356639862060547e+00 -1.068894505500793457e+00
4.958970844745635986e-01 5.997995138168334961e-01 7.498090863227844238e-01
1.130728870630264282e-01 5.802316665649414062e-01 -8.997256159782409668e-01
-9.480136036872863770e-01 -3.067680001258850098e-01 -6.762462258338928223e-01
-9.583921432495117188e-01 -3.057245314121246338e-01 -6.698378324508666992e-01
-7.412561178207397461e-01 5.340502858161926270e-01 -1.252986431121826172e+00
-7.541860342025756836e-01 4.567717015743255615e-01 -1.283609986305236816e+00
-2.563249766826629639e-01 4.128564000129699707e-01 2.938660085201263428e-01
-1.536417603492736816e-01 1.667099118232727051e+00 -1.393915116786956787e-01
-1.343807578086853027e-01 6.697989106178283691e-01 -1.126416444778442383e+00
8.673613518476486206e-02 1.854645609855651855e-01 -2.626241743564605713e-01
-1.120550751686096191e+00 -1.777113825082778931e-01 -9.615252017974853516e-01
-1.104380607604980469e+00 4.487062618136405945e-02 -1.140415668487548828e+00
-9.641209840774536133e-01 2.561183273792266846e-01 -8.084095716476440430e-01
-1.161129713058471680e+00 -8.434236794710159302e-02 -4.697456359863281250e-01
1.278177946805953979e-01 -1.033985018730163574e+00 -2.777539014816284180e+00
-2.553867995738983154e-01 -5.755308866500854492e-01 -2.935863435268402100e-01
-7.449679374694824219e-01 -1.323211193084716797e-01 -6.720532774925231934e-01
-1.465669631958007812e+00 -4.982696473598480225e-01 -4.289016723632812500e-01
-2.366938889026641846e-01 -7.918433845043182373e-02 -1.519348502159118652e+00
-4.275928735733032227e-01 3.223709166049957275e-01 -2.617925107479095459e-01
-3.073884844779968262e-01 2.475410997867584229e-01 -1.031843423843383789e-01
3.396244347095489502e-01 1.302936226129531860e-01 4.495698586106300354e-02
1.931932330131530762e+00 -1.517173886299133301e+00 -2.891379408538341522e-02
-1.246117472648620605e+00 -4.062788188457489014e-01 -1.140702486038208008e+00
3.423875570297241211e-01 8.777645826339721680e-01 -1.432406902313232422e+00
1.612782478332519531e+00 1.286686539649963379e+00 -1.820486783981323242e+00
-2.396256446838378906e+00 2.056211233139038086e-01 -2.379144430160522461e-01
-4.507786035537719727e-02 1.958910584449768066e+00 -1.053034782409667969e+00
-7.962252497673034668e-01 -8.451409339904785156e-01 -1.684868097305297852e+00
-1.141078591346740723e+00 -1.252574086189270020e+00 -1.684788227081298828e+00
-5.711695551872253418e-01 -1.635858267545700073e-01 -1.285992622375488281e+00
-3.602549135684967041e-01 1.534406989812850952e-01 -6.405385136604309082e-01
-1.448659539222717285e+00 -2.008357048034667969e-01 -8.022024631500244141e-01
-1.127646207809448242e+00 7.315744459629058838e-02 -8.681846261024475098e-01
2.372936755418777466e-01 9.982326999306678772e-03 -1.111017346382141113e+00
3.859847551211714745e-03 -3.920423984527587891e-01 2.770749926567077637e-01
3.666681945323944092e-01 1.217559501528739929e-01 1.853789389133453369e-01
-1.096198797225952148e+00 -1.488702446222305298e-01 -6.250174045562744141e-01
-5.533072352409362793e-01 1.113238811492919922e+00 -8.500927686691284180e-01
4.842647314071655273e-01 -1.139775276184082031e+00 -3.226486742496490479e-01
-1.054204821586608887e+00 4.985397458076477051e-01 6.665064692497253418e-01
-1.493759989738464355e+00 -8.233387470245361328e-01 3.429538309574127197e-01
-3.240562081336975098e-01 -1.403709769248962402e+00 -6.291932463645935059e-01
-1.373113989830017090e+00 2.279072105884552002e-01 1.577029824256896973e-01
-8.548223972320556641e-01 -1.243364214897155762e+00 -1.650070101022720337e-01
-3.280885517597198486e-01 3.933861479163169861e-02 -6.831980347633361816e-01
-1.125282645225524902e+00 -8.054844737052917480e-01 -1.267956495285034180e+00
5.492777824401855469e-01 -5.827451497316360474e-02 -1.455936729907989502e-01
-7.803944945335388184e-01 -4.656981229782104492e-01 -3.309822082519531250e-02
-3.313953876495361328e-01 5.374796986579895020e-01 -1.658657193183898926e+00
-7.148601412773132324e-01 4.695525169372558594e-01 -1.272936701774597168e+00
1.030175108462572098e-02 2.680052518844604492e-01 1.075837850570678711e+00
-1.378664970397949219e+00 4.890555515885353088e-02 -3.708463311195373535e-01
-1.287345647811889648e+00 -1.538882553577423096e-01 7.995917797088623047e-01
-1.151578545570373535e+00 -9.554099440574645996e-01 4.761737287044525146e-01
3.277812302112579346e-01 2.638013958930969238e-01 -2.563237428665161133e+00
3.694733679294586182e-01 -6.018873453140258789e-01 -2.019481174647808075e-02
1.935690641403198242e-02 3.837944567203521729e-02 -5.757811069488525391e-01
7.252634763717651367e-01 -3.730734586715698242e-01 6.328175216913223267e-02
-6.433724761009216309e-01 4.837421774864196777e-01 -1.141009092330932617e+00
-7.153843045234680176e-01 2.720687305554747581e-03 -9.893823862075805664e-01
7.836658954620361328e-01 -1.202100276947021484e+00 -3.006435632705688477e-01
-4.986699521541595459e-01 6.554845720529556274e-02 -2.382504343986511230e-01
1.586515307426452637e-01 4.186455011367797852e-01 1.170075297355651855e+00
-6.105924844741821289e-01 -1.821368455886840820e+00 2.462693303823471069e-01
-7.020959258079528809e-01 3.373720943927764893e-01 1.000153541564941406e+00
-1.160371303558349609e+00 -3.666058778762817383e-01 1.438589692115783691e+00
1.650594711303710938e+00 -1.533928275108337402e+00 7.201327383518218994e-02
-5.913559198379516602e-01 2.951240539550781250e-01 -9.885016679763793945e-01
-1.001127600669860840e+00 -4.784484803676605225e-01 -1.014216393232345581e-01
-1.192330718040466309e+00 -2.101121097803115845e-02 8.584440946578979492e-01
-5.628723502159118652e-01 2.360673854127526283e-03 9.369978308677673340e-01
-1.050631761550903320e+00 -2.132270187139511108e-01 -3.118750751018524170e-01
1.753229498863220215e+00 1.156655073165893555e+00 -4.787134230136871338e-01
9.239495992660522461e-01 -7.927768230438232422e-01 2.569264769554138184e-01
1.975965350866317749e-01 5.663953423500061035e-01 -2.095131158828735352e+00
-4.932183027267456055e-01 1.737993657588958740e-01 -9.487920403480529785e-01
-1.463976263999938965e+00 4.832902923226356506e-02 -1.226304888725280762e+00
3.858329951763153076e-01 -1.263511925935745239e-01 -1.879089117050170898e+00
4.424957931041717529e-01 1.703037321567535400e-01 -2.003309965133666992e+00
-1.087116718292236328e+00 4.410001635551452637e-01 -1.498948097229003906e+00
-1.044430732727050781e+00 5.921905636787414551e-01 -1.684253096580505371e+00
-8.449184894561767578e-01 -2.966372668743133545e-01 4.793170690536499023e-01
3.422272205352783203e-02 6.458094716072082520e-01 -1.648956418037414551e+00
-1.710048764944076538e-01 9.610300511121749878e-02 -1.253417253494262695e+00
2.490191936492919922e+00 -1.649980098009109497e-01 4.226110875606536865e-01
-1.482970952987670898e+00 9.557912945747375488e-01 -1.341131091117858887e+00
1.901823282241821289e+00 1.443032026290893555e+00 -1.128780007362365723e+00
-8.340564966201782227e-01 -5.558642148971557617e-01 -2.219959795475006104e-01
-1.246241331100463867e-01 -2.758272588253021240e-01 -1.163844943046569824e+00
-1.498269200325012207e+00 -6.715336441993713379e-01 -2.239937782287597656e+00
-1.353365182876586914e+00 -5.484440326690673828e-01 -2.341538429260253906e+00
-7.175231575965881348e-01 -4.578211009502410889e-01 -6.877356171607971191e-01
-1.007809996604919434e+00 -8.088650703430175781e-01 -3.325503766536712646e-01
-1.694253206253051758e+00 -1.343647599220275879e+00 -7.234562039375305176e-01
-1.228341102600097656e+00 -1.185629248619079590e+00 1.730829954147338867e+00
-5.138332247734069824e-01 -1.246847033500671387e+00 7.610045373439788818e-02
-9.388928860425949097e-02 5.350716710090637207e-01 1.350235342979431152e+00
-5.094085931777954102e-01 -3.916499316692352295e-01 -6.007143855094909668e-01
-1.121745586395263672e+00 9.333004951477050781e-01 3.976297080516815186e-01
3.437375128269195557e-01 1.396871089935302734e+00 7.501944899559020996e-01
7.101586461067199707e-02 1.600268483161926270e+00 -2.074319601058959961e+00
-1.332663536071777344e+00 -6.871969699859619141e-01 -4.465776681900024414e-01
-3.916564285755157471e-01 -4.842221736907958984e-01 -7.517820596694946289e-01
-4.092330336570739746e-01 -5.423975586891174316e-01 -7.066838741302490234e-01
-3.987844884395599365e-01 -4.813695549964904785e-01 -8.979015350341796875e-01
-8.722026348114013672e-01 3.928297460079193115e-01 -1.135611414909362793e+00
-7.234622240066528320e-01 9.898451715707778931e-02 -1.117012977600097656e+00
-8.012146949768066406e-01 6.947899609804153442e-02 -1.190023899078369141e+00
-1.486261367797851562e+00 -6.566726416349411011e-02 -8.220273256301879883e-01
4.551420807838439941e-01 -1.010424494743347168e+00 -1.334628701210021973e+00
9.820762872695922852e-01 6.622477769851684570e-01 -6.345972418785095215e-01
-1.048365116119384766e+00 7.512504458427429199e-01 -1.292667508125305176e+00
8.946035504341125488e-01 -2.907023131847381592e-01 1.101881504058837891e+00
9.630456566810607910e-01 1.965062767267227173e-01 -1.271516382694244385e-01
-1.814593076705932617e+00 -2.240106761455535889e-01 1.051171302795410156e+00
-2.455882728099822998e-01 6.627697348594665527e-01 -4.745124876499176025e-01
-1.907596111297607422e+00 -6.109383702278137207e-02 2.472736686468124390e-01
3.726516962051391602e-01 6.504804491996765137e-01 -2.060761451721191406e+00
-8.961068987846374512e-01 -2.167236246168613434e-02 -2.516412734985351562e-01
-1.008058786392211914e+00 5.982647091150283813e-02 -1.550522893667221069e-01
6.705554127693176270e-01 9.069531410932540894e-02 -1.194145202636718750e+00
-6.025721505284309387e-02 -2.564324438571929932e-01 -9.864992499351501465e-01
-1.248569130897521973e+00 1.871131062507629395e-01 -6.625227928161621094e-01
2.341213941574096680e+00 -4.800691604614257812e-01 1.246654987335205078e+00
-1.330227613449096680e+00 9.878759980201721191e-01 -1.113343983888626099e-01
-1.231646537780761719e+00 1.904677450656890869e-01 -6.994004845619201660e-01
-4.403760135173797607e-01 -1.264917105436325073e-01 -1.254167199134826660e+00
-9.948255419731140137e-01 -4.727820158004760742e-01 -2.257069647312164307e-01
-6.390824317932128906e-01 -2.831185460090637207e-01 -6.205633282661437988e-01
-3.301396071910858154e-01 -6.802725195884704590e-01 2.294100970029830933e-01
9.749087095260620117e-01 -7.821421623229980469e-01 -1.850462555885314941e-01
4.736011624336242676e-01 2.649720609188079834e-01 1.575329005718231201e-01
-4.602993130683898926e-01 -4.269856810569763184e-01 -1.051804065704345703e+00
4.510212838649749756e-01 6.318947076797485352e-01 6.717308759689331055e-01
-6.809647083282470703e-01 -2.428663820028305054e-01 -9.806316494941711426e-01
-3.393545746803283691e-01 2.867612987756729126e-02 -9.971752017736434937e-02
5.869991183280944824e-01 -7.827689051628112793e-01 1.652528941631317139e-01
-4.548306167125701904e-01 -3.523168563842773438e-01 -2.703713774681091309e-01
-1.749827060848474503e-03 -3.979322910308837891e-01 -4.753783643245697021e-01
-1.336648821830749512e+00 3.220468014478683472e-02 1.937913775444030762e+00
-3.461110591888427734e-01 -5.030830502510070801e-01 -3.952273353934288025e-02
7.323286533355712891e-01 1.773242235183715820e+00 7.161800861358642578e-01
5.256307721138000488e-01 1.181958198547363281e+00 -1.282258331775665283e-01
1.832520961761474609e+00 -6.186746954917907715e-01 -2.898232340812683105e-01
-1.421797275543212891e-01 -4.228651225566864014e-01 1.882397770881652832e+00
-1.033845618367195129e-01 -5.029081106185913086e-01 5.800082683563232422e-01
-5.396071076393127441e-01 7.457244396209716797e-01 -2.226897954940795898e+00
-2.151520103216171265e-01 -5.832888484001159668e-01 -8.457269668579101562e-01
-6.837252378463745117e-01 -1.119462370872497559e+00 3.697538673877716064e-01
-1.446291357278823853e-01 9.869260787963867188e-01 -3.204332292079925537e-01
-6.396406292915344238e-01 -7.767977118492126465e-01 1.132732152938842773e+00
-9.035449624061584473e-01 -9.821665287017822266e-01 9.500655531883239746e-01
-2.267717570066452026e-01 -8.155558705329895020e-01 -1.441903412342071533e-01
-1.144207239151000977e+00 2.903214693069458008e-01 -6.133981943130493164e-01
-2.134627848863601685e-01 -7.332215905189514160e-01 -1.333507776260375977e+00
-8.965407013893127441e-01 -3.099530637264251709e-01 -6.031290292739868164e-01
-1.225736975669860840e+00 -3.636651039123535156e-01 -1.650491952896118164e+00
-1.270333409309387207e+00 -5.709031820297241211e-01 -1.536464214324951172e+00
-1.884050846099853516e+00 2.772030234336853027e-01 -1.696834206581115723e+00
-2.205630302429199219e+00 -3.064601123332977295e-01 7.411552667617797852e-01
-2.058867216110229492e+00 -5.172821879386901855e-02 -1.070224642753601074e+00
-1.391252160072326660e+00 -4.875302016735076904e-01 -2.080284655094146729e-01
-2.318091094493865967e-01 8.313267230987548828e-01 -1.234970808029174805e+00
-9.654148221015930176e-01 1.159404873847961426e+00 -2.148843288421630859e+00
-1.066574215888977051e+00 -1.353267878293991089e-01 -6.546528339385986328e-01
-9.909396767616271973e-01 -4.061736166477203369e-01 -6.448541283607482910e-01
-1.391722679138183594e+00 -5.486772656440734863e-01 -7.340184878557920456e-03
-1.056745886802673340e+00 -8.340561985969543457e-01 -1.570182442665100098e+00
-8.504241704940795898e-01 -1.277939826250076294e-01 -1.329209327697753906e+00
-6.359399557113647461e-01 1.734645068645477295e-01 -1.537980794906616211e+00
-3.828054666519165039e-01 6.799938678741455078e-01 -1.932922482490539551e+00
-1.112830281257629395e+00 -8.195491433143615723e-01 -4.329404830932617188e-01
-1.063758850097656250e+00 -8.093421459197998047e-01 1.115743160247802734e+00
9.993208050727844238e-01 -2.995719611644744873e-01 8.763311803340911865e-02
-3.863077461719512939e-01 3.491147756576538086e-01 -1.944392919540405273e+00
-1.522639155387878418e+00 -6.044546365737915039e-01 5.376398563385009766e-02
-2.013982832431793213e-01 -2.175856232643127441e-01 4.563936293125152588e-01
9.472297430038452148e-01 1.326223254203796387e+00 3.827094137668609619e-01
5.133768916130065918e-01 -2.012571811676025391e+00 -8.490554094314575195e-01
-1.575521111488342285e+00 -1.433244466781616211e+00 -1.419301033020019531e+00
-2.294903546571731567e-01 -1.123049974441528320e+00 8.868530988693237305e-01
-1.007218599319458008e+00 7.065760493278503418e-01 5.785704776644706726e-02
-1.454095244407653809e+00 -3.053949773311614990e-01 1.258768290281295776e-01
-9.584476351737976074e-01 5.599178671836853027e-01 -9.341487288475036621e-01
-1.596513390541076660e+00 -7.369754910469055176e-01 -2.019156694412231445e+00
-1.677401900291442871e+00 -7.414020895957946777e-01 -1.924686789512634277e+00
-1.685905218124389648e+00 -1.481557965278625488e+00 2.969284355640411377e-01
6.604989618062973022e-02 5.570238232612609863e-01 -5.288997292518615723e-01
-9.735304117202758789e-01 1.304239153861999512e+00 -2.761786580085754395e-01
-4.538058340549468994e-01 2.777992980554699898e-03 -1.695586681365966797e+00
4.533312320709228516e-01 1.191340014338493347e-01 -1.137344956398010254e+00
-1.472870707511901855e+00 -4.294844567775726318e-01 -2.254180610179901123e-01
-4.935860335826873779e-01 -1.182119965553283691e+00 2.100612223148345947e-01
-5.842496752738952637e-01 -7.838972806930541992e-01 3.202413320541381836e-01
-1.375960230827331543e+00 7.468425631523132324e-01 -3.172462224960327148e+00
-1.085642099380493164e+00 7.459439635276794434e-01 -1.771526455879211426e+00
-1.167561173439025879e+00 5.075500011444091797e-01 -1.709090948104858398e+00
4.078645408153533936e-01 8.278391361236572266e-01 -1.471379637718200684e+00
-6.223117113113403320e-01 -4.819210991263389587e-02 -5.619512200355529785e-01
-1.524783372879028320e-01 2.967240512371063232e-01 -1.018891930580139160e+00
-1.540242791175842285e+00 -1.587975382804870605e+00 1.885202676057815552e-01
-7.899550795555114746e-01 1.476336121559143066e-01 6.107841134071350098e-01
7.048500776290893555e-01 1.069227457046508789e+00 -1.120843410491943359e+00
3.835907876491546631e-01 1.361416220664978027e+00 -1.614390969276428223e+00
9.105448126792907715e-01 -1.015541076660156250e+00 -5.870960303582251072e-04
-1.094321966171264648e+00 8.948128819465637207e-01 -1.687863945960998535e+00
-1.409318208694458008e+00 -2.184454351663589478e-01 1.080511450767517090e+00
6.700065732002258301e-01 7.859456539154052734e-01 -1.165399312973022461e+00
9.784120135009288788e-03 -4.575176537036895752e-01 -7.830503582954406738e-01
-1.290868997573852539e+00 1.866142153739929199e-01 -8.290792107582092285e-01
-6.539093255996704102e-01 3.957433402538299561e-01 -1.277183651924133301e+00
-1.180915832519531250e+00 3.195908367633819580e-01 -1.249018430709838867e+00
-1.058857083320617676e+00 2.698123827576637268e-02 -1.244740366935729980e+00
-9.466566890478134155e-02 1.052642583847045898e+00 -1.226646661758422852e+00
-6.129748821258544922e-01 7.900739312171936035e-01 1.136918902397155762e+00
9.749382138252258301e-01 -4.652742743492126465e-01 9.748098999261856079e-02
-9.865506887435913086e-01 6.858317553997039795e-02 -8.311941027641296387e-01
-7.322928309440612793e-01 3.743622004985809326e-01 -1.192572832107543945e+00
-1.132527232170104980e+00 -2.912912704050540924e-02 -6.400310993194580078e-01
-8.189996480941772461e-01 9.998238831758499146e-02 -8.806459903717041016e-01
-1.196717739105224609e+00 -1.622027754783630371e-01 2.244851589202880859e-01
-1.077336788177490234e+00 -1.388912200927734375e+00 -2.763953618705272675e-02
-1.341832131147384644e-01 -2.397268116474151611e-01 -2.324762344360351562e-01
-2.139480590820312500e+00 -1.112272977828979492e+00 4.382705092430114746e-01
8.154758810997009277e-01 9.245351552963256836e-01 -1.890011191368103027e+00
5.801284313201904297e-01 5.597206950187683105e-01 -7.330786585807800293e-01
2.224732339382171631e-01 1.538161158561706543e+00 -1.261830925941467285e+00
-1.573452055454254150e-01 5.048757791519165039e-01 5.390853881835937500e-01
3.964983820915222168e-01 5.004430413246154785e-01 -9.825727939605712891e-01
-7.164543271064758301e-01 2.469226717948913574e-01 2.381160408258438110e-01
-1.239608049392700195e+00 -1.288070380687713623e-01 1.074322089552879333e-01
1.973967999219894409e-01 6.073224544525146484e-01 -2.049208283424377441e-01
-1.556758999824523926e+00 4.671091139316558838e-01 -3.444048881530761719e+00
-1.516494631767272949e+00 5.421329736709594727e-01 -3.411594390869140625e+00
-1.460958838462829590e+00 6.197324991226196289e-01 -3.488624095916748047e+00
-7.724559307098388672e-01 -1.537596285343170166e-01 -4.778679609298706055e-01
-2.677812874317169189e-01 -1.461636126041412354e-01 -1.037662625312805176e+00
7.215969562530517578e-01 -3.377879410982131958e-02 -1.313664671033620834e-02
1.029687970876693726e-01 5.645058155059814453e-01 -5.738723874092102051e-01
-1.755201965570449829e-01 7.373954653739929199e-01 -1.255341649055480957e+00
1.493224740028381348e+00 1.632263541221618652e+00 -1.115761637687683105e+00
3.606868684291839600e-01 -9.935990571975708008e-01 3.535679578781127930e-01
-1.728650689125061035e+00 3.234597444534301758e-01 -2.743783235549926758e+00
-1.566176056861877441e+00 7.894018888473510742e-01 -3.349004030227661133e+00
-1.737175583839416504e+00 3.357096314430236816e-01 -2.732786655426025391e+00
2.369052767753601074e-01 3.644489645957946777e-01 -1.820272326469421387e+00
-1.550761938095092773e+00 -8.038991689682006836e-01 -1.688965082168579102e+00
1.895112752914428711e+00 9.873594641685485840e-01 6.696213483810424805e-01
-1.565175175666809082e+00 6.421441435813903809e-01 -5.318537950515747070e-01
-1.985410928726196289e+00 -7.994253635406494141e-01 -1.631353259086608887e+00
-1.692624330520629883e+00 -6.019793748855590820e-01 -2.333717823028564453e+00
1.015396118164062500e+00 2.151602029800415039e+00 -1.336557507514953613e+00
-7.830839157104492188e-01 1.321330573409795761e-02 1.822667382657527924e-02
-4.044956266880035400e-01 4.593452066183090210e-02 -5.043359994888305664e-01
1.847630381584167480e+00 1.282106041908264160e+00 -1.450483679771423340e+00
-3.911735713481903076e-01 -4.915101826190948486e-01 -2.066225767135620117e+00
3.298874795436859131e-01 -1.623691320419311523e-01 -9.380073286592960358e-03
-4.270072281360626221e-01 -4.359510540962219238e-01 -1.377564191818237305e+00
-2.269453853368759155e-01 -2.538120746612548828e-01 -5.483026504516601562e-01
3.195235729217529297e-01 -2.222285866737365723e-01 -1.552965998649597168e+00
-1.183506011962890625e+00 -4.576680958271026611e-01 -1.977429151535034180e+00
-1.390024781227111816e+00 -5.758798718452453613e-01 -1.935793042182922363e+00
3.384245336055755615e-01 -1.059365868568420410e+00 -1.606792092323303223e+00
7.795138955116271973e-01 -5.207558348774909973e-02 -2.116857528686523438e+00
-1.485467791557312012e+00 -5.985766053199768066e-01 -1.951951742172241211e+00
-1.534811019897460938e+00 -5.222910046577453613e-01 -2.168120861053466797e+00
-1.552513241767883301e+00 -6.069562435150146484e-01 -1.952165007591247559e+00
-9.903066754341125488e-01 9.158331155776977539e-01 1.467130541801452637e+00
-8.847673535346984863e-01 3.267457783222198486e-01 5.309938788414001465e-01
-3.281278848648071289e+00 -8.577289581298828125e-01 3.917815089225769043e-01
-3.165754973888397217e-01 2.454132795333862305e+00 5.031207203865051270e-01
-1.202582955360412598e+00 1.079272150993347168e+00 -1.637938976287841797e+00
-1.286676526069641113e+00 8.684019446372985840e-01 -1.473184823989868164e+00
-1.259181618690490723e+00 9.158502221107482910e-01 -1.458573579788208008e+00
-1.202028512954711914e+00 1.171649336814880371e+00 -1.687832832336425781e+00
-1.164885520935058594e+00 1.189175128936767578e+00 -1.725175380706787109e+00
-1.054042935371398926e+00 1.481241345405578613e+00 -1.907985448837280273e+00
-1.291539788246154785e+00 8.079755902290344238e-01 -1.451860308647155762e+00
3.425490260124206543e-01 1.809614419937133789e+00 1.490699529647827148e+00
4.872700870037078857e-01 1.545981645584106445e+00 -8.863450288772583008e-01
-2.980539202690124512e-01 -1.004674315452575684e+00 8.665718436241149902e-01
6.575400829315185547e-01 1.672725081443786621e-01 -1.152146220207214355e+00
-8.958020806312561035e-01 8.725906610488891602e-01 -1.405309736728668213e-01
-8.872376084327697754e-01 4.540066719055175781e-01 -2.188819885253906250e+00
-9.174919128417968750e-01 4.500953555107116699e-01 -2.146137475967407227e+00
-1.100557565689086914e+00 1.853905618190765381e-01 -1.832988262176513672e+00
-9.806603789329528809e-01 2.146313637495040894e-01 -2.002467870712280273e+00
-1.135948777198791504e+00 -1.556639522314071655e-01 -1.580428481101989746e+00
-9.450842142105102539e-01 1.197403520345687866e-01 -1.657448887825012207e+00
-1.161044955253601074e+00 -7.157391905784606934e-01 -1.485364437103271484e+00
-3.207932412624359131e-01 1.273649215698242188e+00 -1.083623617887496948e-01
-9.965368360280990601e-02 -5.489001274108886719e-01 -1.758702039718627930e+00
-3.063270449638366699e-01 7.014223337173461914e-01 -2.444979190826416016e+00
-5.720388889312744141e-01 -7.321262359619140625e-01 1.204805493354797363e+00
-2.131124973297119141e+00 -1.515176147222518921e-01 1.083784461021423340e+00
6.322000622749328613e-01 6.154680848121643066e-01 6.098363548517227173e-02
