-1.078197717666625977e+00
3.721155166625976562e+00
7.448127746582031250e+00
2.113648891448974609e+00
7.979161262512207031e+00
4.327673017978668213e-01
4.304443836212158203e+00
2.421167373657226562e+00
2.912330627441406250e+00
-1.754549384117126465e+00
2.061804294586181641e+00
-2.921894192695617676e-01
2.487498998641967773e+00
1.707190632820129395e+00
2.935936689376831055e+00
8.558554053306579590e-01
-1.485075950622558594e+00
-3.520772159099578857e-01
5.779111981391906738e-01
-8.139026165008544922e-01
2.319213867187500000e+00
1.588626384735107422e+00
2.914116859436035156e+00
2.555718183517456055e+00
2.978141546249389648e+00
6.323042511940002441e-01
8.958357572555541992e-01
1.644280433654785156e+00
2.034829139709472656e+00
2.265297889709472656e+00
2.146172285079956055e+00
3.221291303634643555e+00
2.495901107788085938e+00
-6.746418476104736328e-01
3.975388109683990479e-01
1.910220980644226074e+00
1.108595371246337891e+00
9.648557662963867188e+00
-2.550543785095214844e+00
2.213829994201660156e+00
5.520388603210449219e+00
2.710248708724975586e+00
3.350711584091186523e+00
-1.381570547819137573e-01
2.194281578063964844e+00
5.086421012878417969e+00
-3.111074864864349365e-01
1.897403120994567871e+00
2.346917867660522461e+00
2.155436515808105469e+00
4.295960903167724609e+00
2.545346498489379883e+00
1.489810347557067871e+00
2.892646074295043945e+00
2.946329832077026367e+00
5.602946758270263672e+00
3.034991264343261719e+00
2.397772789001464844e+00
-2.202041745185852051e-01
2.427942991256713867e+00
3.263003349304199219e+00
1.786341667175292969e+00
-2.808227062225341797e+00
3.007256269454956055e+00
3.650253295898437500e+00
1.822571396827697754e+00
-4.592661559581756592e-01
3.181341171264648438e+00
1.992823600769042969e+00
2.944265007972717285e-01
3.263305425643920898e+00
1.698246002197265625e+00
2.255096435546875000e+00
2.807938814163208008e+00
2.134858369827270508e+00
3.519334793090820312e+00
2.768205642700195312e+00
2.740267992019653320e+00
3.852200508117675781e+00
1.063052415847778320e+00
8.523033857345581055e-01
-6.121096014976501465e-02
2.893026351928710938e+00
7.008857727050781250e-01
2.412087678909301758e+00
-6.970266699790954590e-01
1.420329689979553223e+00
2.776360511779785156e+00
2.472814321517944336e+00
5.673323869705200195e-01
2.480653762817382812e+00
1.334611773490905762e+00
4.088819503784179688e+00
5.865190029144287109e-01
9.577314257621765137e-01
-3.831247985363006592e-01
3.950873374938964844e+00
1.931478977203369141e-01
8.110944032669067383e-01
2.968870878219604492e+00
2.626432895660400391e+00
-9.154074825346469879e-03
-1.003919124603271484e+00
3.882429838180541992e+00
2.473530054092407227e+00
2.396448612213134766e+00
3.926890373229980469e+00
3.669983148574829102e+00
-5.578368306159973145e-01
2.363175153732299805e+00
5.489630699157714844e-01
3.226256847381591797e+00
2.430421113967895508e+00
2.379130125045776367e+00
4.443837702274322510e-01
-2.781356573104858398e+00
3.482569694519042969e+00
1.342455148696899414e+00
-6.693378686904907227e-01
-1.852405071258544922e+00
-4.750200733542442322e-02
1.964613556861877441e+00
2.983132600784301758e+00
2.463091611862182617e+00
5.622769355773925781e+00
2.686843276023864746e-03
-2.372848033905029297e+00
5.285051465034484863e-01
2.385388612747192383e+00
2.931028366088867188e+00
-3.926271915435791016e+00
2.761214971542358398e+00
9.062013030052185059e-01
2.041001558303833008e+00
1.077780246734619141e+00
2.284450054168701172e+00
2.505862236022949219e+00
1.726075172424316406e+00
2.269935131072998047e+00
2.630389928817749023e+00
-9.283497929573059082e-01
2.498794317245483398e+00
2.452482938766479492e+00
-6.463836431503295898e-01
2.212626457214355469e+00
5.804134845733642578e+00
2.113835811614990234e+00
6.593321561813354492e-01
-1.839646100997924805e+00
2.347742080688476562e+00
-7.581528425216674805e-01
1.273371458053588867e+00
3.712445497512817383e+00
4.891794919967651367e-02
8.414009809494018555e-01
4.191531538963317871e-01
3.539508819580078125e+00
-2.816689968109130859e+00
1.313916921615600586e+00
3.340350091457366943e-01
2.460304021835327148e+00
2.664893150329589844e+00
-6.221032142639160156e-01
2.308969736099243164e+00
-2.718834877014160156e+00
2.808023691177368164e+00
-1.123645082116127014e-01
5.215011835098266602e-01
2.408956050872802734e+00
-3.276472985744476318e-01
2.641044855117797852e+00
2.113116264343261719e+00
2.228394508361816406e+00
2.553999423980712891e+00
2.558711528778076172e+00
2.026674270629882812e+00
2.698720216751098633e+00
-1.285541534423828125e+00
2.485656261444091797e+00
-5.586942657828330994e-02
1.206233859062194824e+00
-1.334122419357299805e+00
2.105546236038208008e+00
2.118027925491333008e+00
2.199937105178833008e+00
1.901496887207031250e+00
9.107713103294372559e-01
2.486311197280883789e+00
3.934483766555786133e+00
1.500187039375305176e+00
1.287433743476867676e+00
4.468910694122314453e+00
1.738811731338500977e+00
4.034048080444335938e+00
2.267759323120117188e+00
2.326873540878295898e+00
5.734024047851562500e-01
2.627714157104492188e+00
5.650840997695922852e-01
3.349561691284179688e+00
7.250894308090209961e-01
1.505034565925598145e+00
-1.485572576522827148e+00
3.650678396224975586e+00
1.935412406921386719e+00
4.084399223327636719e+00
-1.028191880322992802e-03
1.808462500572204590e+00
-2.135519027709960938e+00
-1.418374180793762207e+00
3.630065679550170898e+00
2.116542816162109375e+00
-6.359531283378601074e-01
2.039487838745117188e+00
2.051548957824707031e+00
-1.510850191116333008e+00
-5.837619304656982422e-02
3.219184875488281250e+00
1.455890417098999023e+00
5.395315170288085938e+00
3.076824665069580078e+00
2.343632459640502930e+00
2.152694940567016602e+00
-5.072307214140892029e-02
9.092341065406799316e-01
2.397064924240112305e+00
1.696143113076686859e-02
-3.235403060913085938e+00
1.579754948616027832e+00
1.254918456077575684e+00
1.885388016700744629e+00
6.433842182159423828e+00
2.584503173828125000e+00
2.311595916748046875e+00
-1.942160010337829590e+00
2.631068229675292969e+00
-8.132855296134948730e-01
2.217313289642333984e+00
1.779276490211486816e+00
-4.980266392230987549e-01
1.403659105300903320e+00
2.008292436599731445e+00
6.829106330871582031e+00
-1.102364897727966309e+00
1.358388543128967285e+00
2.353849887847900391e+00
1.021998882293701172e+00
2.191364765167236328e+00
1.172484278678894043e+00
1.062616938725113869e-03
-3.044205665588378906e+00
1.559794664382934570e+00
-6.005983352661132812e-01
2.334761619567871094e+00
2.962360382080078125e+00
2.052679300308227539e+00
-1.815106868743896484e-01
1.324716448783874512e+00
1.802520990371704102e+00
2.183225631713867188e+00
2.743152901530265808e-02
1.967264652252197266e+00
-7.738486528396606445e-01
2.787769556045532227e+00
3.898864686489105225e-01
1.792771100997924805e+00
4.435065269470214844e+00
-5.496334633789956570e-04
-4.074894189834594727e-01
1.464126706123352051e+00
2.156896829605102539e+00
6.842262744903564453e-01
1.171009302139282227e+00
3.568221092224121094e+00
-1.899888664484024048e-01
1.323484301567077637e+00
-2.198705911636352539e+00
1.134269714355468750e+00
5.323368906974792480e-01
1.227780524641275406e-02
1.861809372901916504e+00
3.052335977554321289e+00
1.750779747962951660e-01
4.743315696716308594e+00
2.147712469100952148e+00
1.654248356819152832e+00
3.505517840385437012e-01
9.113124608993530273e-01
2.507904052734375000e+00
1.291849166154861450e-01
-2.091346532106399536e-01
2.019483566284179688e+00
2.426095247268676758e+00
2.625732660293579102e+00
1.733675003051757812e+00
-2.214815467596054077e-02
2.671499729156494141e+00
-2.714509144425392151e-03
2.290985107421875000e+00
8.679011464118957520e-01
1.936434030532836914e+00
1.939975976943969727e+00
7.040014863014221191e-01
2.409843951463699341e-01
2.660778760910034180e+00
6.856038570404052734e-01
2.640956163406372070e+00
1.853528857231140137e+00
-2.961802184581756592e-01
2.779075384140014648e+00
1.622619509696960449e+00
-1.096927374601364136e-02
-1.813383190892636776e-03
1.637835264205932617e+00
4.425157904624938965e-01
2.605481863021850586e+00
2.123095035552978516e+00
1.777899146080017090e+00
7.572535037994384766e+00
1.057358160614967346e-01
8.727102726697921753e-02
1.015959620475769043e+00
4.280452616512775421e-03
-3.908785060048103333e-02
1.195275306701660156e+00
-2.129002958536148071e-01
-4.793724045157432556e-02
1.418550610542297363e+00
1.605311751365661621e+00
7.539973258972167969e-01
2.169100046157836914e-01
2.560590952634811401e-02
1.814377307891845703e+00
3.081077814102172852e+00
2.556912004947662354e-01
7.588309049606323242e-01
-7.365191821008920670e-03
1.061920166015625000e+00
3.371517639607191086e-03
1.358793466351926327e-03
6.357532739639282227e-02
1.197548031806945801e+00
8.688738942146301270e-01
-2.376814663875848055e-04
8.971439674496650696e-04
1.282060027122497559e+00
2.165758982300758362e-02
1.117965802550315857e-01
-1.521969199180603027e+00
1.660289287567138672e+00
2.703493833541870117e-02
-9.237898513674736023e-03
9.766455888748168945e-01
8.354848027229309082e-01
1.920401692390441895e+00
1.350044250488281250e+00
4.169077873229980469e-01
1.990736834704875946e-02
1.482462859712541103e-03
2.344652712345123291e-01
2.543362140655517578e+00
5.559856072068214417e-02
8.938548853620886803e-05
2.879800740629434586e-03
1.194796524941921234e-02
9.035110706463456154e-04
4.692717920988798141e-04
8.732692897319793701e-02
3.919103648513555527e-03
1.272498488426208496e+00
8.077237755060195923e-03
3.425514221191406250e+00
2.115466117858886719e+00
3.015469312667846680e+00
8.275365829467773438e+00
5.421462535858154297e+00
2.169929742813110352e+00
-2.413388490676879883e+00
2.771979331970214844e+00
1.423093199729919434e+00
2.216336965560913086e+00
1.607688665390014648e+00
1.779806494712829590e+00
2.621079206466674805e+00
2.521513462066650391e+00
3.238730669021606445e+00
3.043755531311035156e+00
3.075869083404541016e+00
-1.122093915939331055e+00
-2.730836629867553711e+00
2.362052440643310547e+00
2.611889600753784180e+00
2.704312801361083984e+00
7.542999744415283203e+00
2.549962282180786133e+00
1.879536509513854980e+00
2.447345972061157227e+00
6.032227039337158203e+00
3.829498767852783203e+00
1.470422506332397461e+00
-1.770672202110290527e+00
3.132181167602539062e+00
-3.199389874935150146e-01
3.574523210525512695e+00
-2.125976800918579102e+00
2.656461954116821289e+00
-1.682873249053955078e+00
3.672671079635620117e+00
-2.502461671829223633e+00
2.231391191482543945e+00
3.172299385070800781e+00
7.317258715629577637e-01
-1.939664959907531738e+00
8.729477524757385254e-01
-7.121551036834716797e-01
1.087230324745178223e+00
1.246406674385070801e+00
2.482739210128784180e+00
2.299842357635498047e+00
1.743637681007385254e+00
2.337817430496215820e+00
6.552755832672119141e+00
3.030564308166503906e+00
3.623842239379882812e+00
