2.032208204269409180e+00 -1.285903900861740112e-01 4.106660783290863037e-01
3.123960494995117188e-01 -2.613302171230316162e-01 -2.635386288166046143e-01
-1.325895309448242188e+00 1.268033385276794434e+00 -1.838620901107788086e-01
-2.238685637712478638e-02 -4.970627427101135254e-01 -5.478686690330505371e-01
1.957798898220062256e-01 9.304342269897460938e-01 7.636408805847167969e-01
3.090284764766693115e-01 -2.399130821228027344e+00 -1.545157790184020996e+00
4.290800392627716064e-01 -1.486274480819702148e+00 -1.107528924942016602e+00
-1.549575775861740112e-01 -1.352965116500854492e+00 -3.809038996696472168e-01
-2.308075189590454102e+00 -1.151721000671386719e+00 3.266628682613372803e-01
3.822291195392608643e-01 -1.026311755180358887e+00 -4.686065316200256348e-01
1.098829030990600586e+00 -2.322125434875488281e+00 -2.508717298507690430e+00
1.105795025825500488e+00 -2.512909173965454102e+00 -2.550601959228515625e+00
6.072019338607788086e-01 -1.113361835479736328e+00 -1.594367146492004395e+00
-1.083017349243164062e+00 3.069035708904266357e-01 1.587075948715209961e+00
-9.472918510437011719e-01 -2.081125736236572266e+00 -1.074705481529235840e+00
-1.651633083820343018e-01 2.240396499633789062e+00 -9.796545505523681641e-01
7.432453036308288574e-01 6.892226338386535645e-01 -1.154522657394409180e+00
5.233946815133094788e-02 -3.002244949340820312e+00 -9.405633807182312012e-01
-5.209416151046752930e-01 -3.268386840820312500e+00 2.733741402626037598e-01
3.294669389724731445e-01 -2.635860443115234375e-02 1.011376455426216125e-01
-7.525988817214965820e-01 1.175329566001892090e+00 5.765498280525207520e-01
1.558066725730895996e+00 4.102563261985778809e-01 -3.000064790248870850e-01
6.887151598930358887e-01 -3.183473825454711914e+00 -1.956744551658630371e+00
6.416322588920593262e-01 -2.349606990814208984e+00 -1.611716151237487793e+00
1.264327764511108398e+00 -1.856871724128723145e+00 -2.734949111938476562e+00
6.341882944107055664e-01 -1.073843002319335938e+00 -1.349904656410217285e+00
4.369994401931762695e-01 -1.252524971961975098e+00 -1.038907766342163086e+00
-1.145282864570617676e+00 6.352609395980834961e-01 -1.835549324750900269e-01
6.523663997650146484e-01 -8.002175092697143555e-01 -7.570660710334777832e-01
-1.466934531927108765e-01 -2.458504915237426758e+00 -3.861734271049499512e-01
-5.898034572601318359e-01 -1.625263690948486328e+00 7.459141612052917480e-01
3.084395825862884521e-02 5.690250396728515625e-01 2.311169862747192383e+00
-3.453531861305236816e-02 -1.814380764961242676e+00 -2.880504131317138672e-01
7.932965457439422607e-02 -4.135241732001304626e-02 -5.172055363655090332e-01
1.539728324860334396e-02 9.033483266830444336e-01 -1.476204991340637207e-01
2.099161893129348755e-01 -1.446994662284851074e+00 6.890420317649841309e-01
1.553655385971069336e+00 9.346063137054443359e-01 1.142127513885498047e+00
7.071484923362731934e-01 -4.378885626792907715e-01 -1.454723119735717773e+00
4.370125234127044678e-01 -2.773728132247924805e+00 -1.316727042198181152e+00
4.734015762805938721e-01 -4.483995437622070312e-01 -6.927821636199951172e-01
-9.409219771623611450e-02 -1.294767856597900391e+00 -3.221745789051055908e-02
-2.771710157394409180e-01 5.522984266281127930e-01 3.395327553153038025e-02
-1.326003074645996094e-01 -1.245939135551452637e+00 -1.922714710235595703e-01
1.766733884811401367e+00 1.859572529792785645e-01 -2.350970357656478882e-01
3.532170772552490234e+00 -4.986587762832641602e-01 1.218744993209838867e+00
4.829849675297737122e-02 5.457633733749389648e-01 9.830383211374282837e-02
-3.032888472080230713e-01 -2.452726364135742188e+00 -3.006815016269683838e-01
1.969882249832153320e-01 -7.320320010185241699e-01 -5.286026597023010254e-01
6.099872589111328125e-01 4.563705623149871826e-01 -1.145718455314636230e+00
1.432681322097778320e+00 2.611048817634582520e-01 -8.889306783676147461e-01
-4.964956641197204590e-01 3.444746434688568115e-01 2.986815571784973145e-01
-2.417886018753051758e+00 6.378571987152099609e-01 -2.318494558334350586e+00
-1.966131687164306641e+00 2.129753353074193001e-03 1.368279457092285156e+00
-6.039218902587890625e-01 1.143778339028358459e-01 1.162304505705833435e-01
-2.597797214984893799e-01 7.043837308883666992e-01 -9.954901337623596191e-01
-7.057230472564697266e-01 3.659773766994476318e-01 -7.614603042602539062e-01
-7.977358102798461914e-01 -1.257562518119812012e+00 -1.882685661315917969e+00
1.163443848490715027e-01 5.175665616989135742e-01 -1.275663018226623535e+00
1.433844864368438721e-01 -9.556531310081481934e-01 -1.246159002184867859e-01
6.949456036090850830e-02 -1.045034766197204590e+00 -2.650528401136398315e-02
-5.440720170736312866e-02 -1.200624465942382812e+00 1.479956060647964478e-01
1.386183053255081177e-01 -1.743220210075378418e+00 1.274095922708511353e-01
1.001341864466667175e-01 -1.785330295562744141e+00 1.670443415641784668e-01
6.155428290367126465e-01 -8.065306544303894043e-01 -1.212350130081176758e+00
2.746596932411193848e-01 -2.302187204360961914e+00 -9.968414306640625000e-01
3.881978094577789307e-01 -2.087485313415527344e+00 -1.038690924644470215e+00
-3.533484339714050293e-01 -3.536597490310668945e+00 5.306789651513099670e-02
5.397652089595794678e-02 -9.568262696266174316e-01 1.100468859076499939e-01
8.649852871894836426e-01 -1.038886547088623047e+00 -4.777796566486358643e-01
8.006772994995117188e-01 -6.163231134414672852e-01 -1.684514760971069336e+00
1.867603659629821777e-01 -1.781598210334777832e+00 -9.818537831306457520e-01
-9.570372849702835083e-02 -1.911107063293457031e+00 -2.487373948097229004e-01
3.655652999877929688e-01 -8.526759743690490723e-01 -8.883129954338073730e-01
7.721706032752990723e-01 -1.350233554840087891e+00 -7.733439207077026367e-01
1.387572169303894043e+00 -8.848618865013122559e-01 -5.787136554718017578e-01
3.916742280125617981e-02 -3.024415969848632812e+00 -7.082218527793884277e-01
1.343073993921279907e-01 -2.328913211822509766e+00 -8.276966810226440430e-01
1.000169992446899414e+00 -1.116505861282348633e+00 -1.323740780353546143e-01
-2.962790131568908691e-01 -1.039692759513854980e+00 4.671913385391235352e-01
2.262146025896072388e-01 -1.000390172004699707e+00 8.430001735687255859e-01
1.084136605262756348e+00 -3.052801609039306641e+00 -2.630271673202514648e+00
1.146387457847595215e+00 -2.818205595016479492e+00 -2.718287944793701172e+00
-1.324612647294998169e-01 -5.501642227172851562e-01 5.258534476161003113e-02
1.517819017171859741e-01 -2.254398107528686523e+00 2.794614434242248535e-02
1.455373406410217285e+00 -1.136548995971679688e+00 -2.963579654693603516e+00
9.421096742153167725e-02 -4.067080974578857422e+00 -1.001034498214721680e+00
-5.440623164176940918e-01 -4.882010072469711304e-02 -1.807733476161956787e-01
1.614136219024658203e+00 1.240925073623657227e+00 -2.137333303689956665e-01
1.790883690118789673e-01 9.285382628440856934e-01 -2.295222282409667969e-01
-4.250186681747436523e-01 2.452642098069190979e-02 6.899896860122680664e-01
2.891027331352233887e-01 -1.219830155372619629e+00 -1.241410970687866211e+00
-1.525331288576126099e-01 -1.984102368354797363e+00 -6.246535181999206543e-01
6.278026103973388672e-01 3.125567734241485596e-01 -1.052812457084655762e+00
-8.638323843479156494e-02 -1.615132212638854980e+00 2.322818189859390259e-01
7.407242059707641602e-02 -1.272720813751220703e+00 -7.168365716934204102e-01
1.559293419122695923e-01 1.853873133659362793e-01 -9.959295392036437988e-01
7.657122611999511719e-01 -1.133609890937805176e+00 -1.567695856094360352e+00
5.259886384010314941e-01 -1.010985374450683594e+00 -1.026332020759582520e+00
9.042090177536010742e-01 -3.625531911849975586e+00 -2.795345067977905273e+00
7.862554788589477539e-01 -3.188449621200561523e+00 -2.289880275726318359e+00
8.488587737083435059e-01 -2.549644470214843750e+00 -2.212218523025512695e+00
1.165702819824218750e+00 -1.577219009399414062e+00 -2.791999578475952148e+00
7.356873154640197754e-01 6.179728731513023376e-02 -5.429316163063049316e-01
1.028371572494506836e+00 6.170851588249206543e-01 -9.047365188598632812e-01
7.711141109466552734e-01 -7.384364008903503418e-01 -1.666461229324340820e+00
-2.769005112349987030e-02 -1.889244794845581055e+00 -3.934527039527893066e-01
7.859179973602294922e-01 -7.041025161743164062e-01 -1.643151521682739258e+00
3.345201015472412109e-01 -1.231756687164306641e+00 -9.307435750961303711e-01
6.831410527229309082e-01 -1.965511560440063477e+00 -1.892458200454711914e+00
3.408447802066802979e-01 -3.629286766052246094e+00 -7.936962842941284180e-01
2.438717335462570190e-01 -3.824732303619384766e+00 -6.906605362892150879e-01
4.761282205581665039e-01 -1.100877761840820312e+00 -1.136798024177551270e+00
7.610853910446166992e-01 -1.804734706878662109e+00 -1.168628454208374023e+00
-3.085489617660641670e-03 -1.740754842758178711e+00 9.805043786764144897e-02
7.598997950553894043e-01 -4.193654656410217285e-01 -1.641121268272399902e+00
2.530686557292938232e-01 -2.187159061431884766e-01 -6.767489314079284668e-01
-6.667214632034301758e-02 -2.447526454925537109e+00 -6.681662201881408691e-01
-7.971724867820739746e-02 -1.364101171493530273e+00 -4.838244318962097168e-01
1.479592733085155487e-02 -2.462986230850219727e+00 -7.580008506774902344e-01
9.318512082099914551e-01 -7.334985136985778809e-01 -2.127334594726562500e+00
1.120801925659179688e+00 -3.124979436397552490e-01 -2.423956632614135742e+00
1.729445308446884155e-01 -5.666216611862182617e-01 -3.764857724308967590e-02
-4.849971234798431396e-01 -3.382448852062225342e-01 -4.264930188655853271e-01
-9.357101917266845703e-01 -3.107704639434814453e+00 2.847488820552825928e-01
3.905827999114990234e-01 -1.264753222465515137e+00 -5.469893217086791992e-01
3.113771378993988037e-01 -1.918726801872253418e+00 -1.122799158096313477e+00
4.436648264527320862e-02 -1.880342125892639160e+00 -5.331573486328125000e-01
4.949199557304382324e-01 -1.598435997962951660e+00 -1.298549771308898926e+00
-7.422435283660888672e-01 1.463924050331115723e+00 1.579463332891464233e-01
6.362063884735107422e-01 -7.591212391853332520e-01 -1.378927826881408691e+00
1.948493719100952148e-01 -2.371196031570434570e+00 -8.528918027877807617e-01
2.516134679317474365e-01 -2.658929347991943359e+00 -1.012203454971313477e+00
-1.127054542303085327e-01 -3.718102574348449707e-01 2.470326237380504608e-02
2.681084573268890381e-01 -1.021733283996582031e-01 -6.215831041336059570e-01
6.147086024284362793e-01 -1.399648666381835938e+00 -2.560223340988159180e-01
-3.640028536319732666e-01 -1.352359294891357422e+00 1.256335139274597168e+00
-2.703041732311248779e-01 -9.930308461189270020e-01 -3.223951756954193115e-01
1.660990267992019653e-01 -2.022667527198791504e-01 -8.810132145881652832e-01
3.928771615028381348e-01 -2.769877433776855469e+00 -1.363696575164794922e+00
1.488353610038757324e+00 -1.772874407470226288e-02 4.218049645423889160e-01
-1.031593326479196548e-02 -1.912184208631515503e-01 -2.023396968841552734e+00
5.375224947929382324e-01 1.446966547518968582e-02 -1.337965130805969238e+00
-8.836932182312011719e-01 5.565087199211120605e-01 -1.880589604377746582e+00
1.431304454803466797e+00 -9.171031713485717773e-01 -7.843057811260223389e-02
-1.908253431320190430e+00 1.392863512039184570e+00 1.057314038276672363e+00
-6.662759929895401001e-02 1.064812660217285156e+00 -2.244260907173156738e-01
8.337110280990600586e-02 -7.704079151153564453e-01 -1.578052759170532227e+00
1.160733699798583984e+00 3.218509554862976074e-01 -1.159373164176940918e+00
5.139698386192321777e-01 3.314771875739097595e-02 -1.169620156288146973e+00
8.670826256275177002e-02 4.837841093540191650e-01 -2.332297325134277344e+00
1.741784512996673584e-01 -1.086004137992858887e+00 -7.271353602409362793e-01
1.234791517257690430e+00 -3.329568505287170410e-01 1.593483388423919678e-01
-1.885534524917602539e+00 1.197237730026245117e+00 2.518492341041564941e-01
-3.221866488456726074e-02 -1.629534482955932617e+00 -1.417295098304748535e+00
2.418790608644485474e-01 4.997097253799438477e-01 -8.056129217147827148e-01
1.815024495124816895e+00 6.289168596267700195e-01 7.237774729728698730e-01
-6.735568400472402573e-03 6.833473443984985352e-01 -6.436988115310668945e-01
-1.285492420196533203e+00 -7.250944972038269043e-01 -9.232802391052246094e-01
-4.797428473830223083e-02 -2.173570871353149414e+00 -1.253836750984191895e+00
-2.282029092311859131e-01 -2.645049095153808594e+00 -1.029750466346740723e+00
-1.320906877517700195e+00 9.692224264144897461e-01 -1.687176674604415894e-01
-6.361639499664306641e-01 5.847197771072387695e-01 -2.485422790050506592e-01
-5.048242211341857910e-01 1.685310713946819305e-02 -6.277721524238586426e-01
-2.456320971250534058e-01 -6.384854018688201904e-02 -9.264482259750366211e-01
-8.942857980728149414e-01 4.485974907875061035e-01 -6.171433925628662109e-01
2.325097084045410156e+00 -5.442428588867187500e-01 2.050100564956665039e-01
6.375347971916198730e-01 2.329853596165776253e-03 -1.037484169006347656e+00
3.754403889179229736e-01 -2.098392099142074585e-01 -6.547992825508117676e-01
6.149969696998596191e-01 -2.887001931667327881e-01 -1.047425031661987305e+00
5.311873555183410645e-01 2.264404147863388062e-01 -6.907627582550048828e-01
1.295941770076751709e-01 1.145204544067382812e+00 -6.406341195106506348e-01
-2.486248761415481567e-01 -1.575952053070068359e+00 -9.440639615058898926e-02
-1.867074519395828247e-01 -1.636407256126403809e+00 -4.839186072349548340e-01
5.261602252721786499e-02 -6.984633803367614746e-01 -7.661471962928771973e-01
7.227330803871154785e-01 -9.015548825263977051e-01 -1.333326458930969238e+00
4.803412854671478271e-01 -1.419458866119384766e+00 -9.891929030418395996e-01
1.271842718124389648e+00 -1.428948998451232910e+00 -6.438118815422058105e-01
-6.422293782234191895e-01 -1.983866333961486816e+00 1.463204920291900635e-01
4.109093546867370605e-01 -4.001036584377288818e-01 -9.325109720230102539e-01
1.739219427108764648e-01 -2.585005521774291992e+00 -9.481844305992126465e-01
9.439022839069366455e-02 -4.065638780593872070e-01 -8.858926296234130859e-01
1.005356311798095703e+00 3.347827792167663574e-01 -8.454854488372802734e-01
2.141037732362747192e-01 -7.621645331382751465e-01 -6.162052750587463379e-01
-1.808757185935974121e-01 -5.708832740783691406e-01 -1.584346592426300049e-01
7.862590551376342773e-01 5.088341832160949707e-01 -1.665509343147277832e+00
6.607394814491271973e-01 -1.751230239868164062e+00 -9.453273415565490723e-01
4.722836911678314209e-01 -3.219644308090209961e+00 -1.713620662689208984e+00
8.474110364913940430e-01 -1.899384260177612305e+00 -2.009966850280761719e+00
-1.504431009292602539e+00 3.916151821613311768e-03 -7.435168623924255371e-01
-8.057527989149093628e-02 -1.270226359367370605e+00 5.309789776802062988e-01
-1.557436466217041016e+00 -1.352883696556091309e+00 -1.304481387138366699e+00
-3.737482801079750061e-02 -4.183409735560417175e-03 -4.775707423686981201e-01
7.188968062400817871e-01 -6.065478920936584473e-01 -2.899113893508911133e-01
4.693741500377655029e-01 3.134097754955291748e-01 -9.963976591825485229e-02
-2.578335106372833252e-01 -7.982246279716491699e-01 -7.272834777832031250e-01
7.930748462677001953e-01 -1.179897546768188477e+00 -1.747398972511291504e+00
-1.799175888299942017e-01 -2.927184104919433594e-01 -4.470551609992980957e-01
5.466173887252807617e-01 -1.045416831970214844e+00 -1.240533590316772461e+00
4.890939891338348389e-01 -1.260328412055969238e+00 -1.066382288932800293e+00
-1.947782337665557861e-01 2.634280920028686523e-01 3.560522198677062988e-01
-1.335588812828063965e+00 2.330593019723892212e-01 -1.054342269897460938e+00
-5.206745266914367676e-01 -1.104423403739929199e-01 1.107178404927253723e-01
-8.080005645751953125e-01 -1.491263031959533691e+00 -3.562906291335821152e-03
6.114929318428039551e-01 -1.158466458320617676e+00 -1.181871056556701660e+00
1.805031299591064453e+00 8.531309962272644043e-01 -1.149117946624755859e+00
-1.323096305131912231e-01 5.781748890876770020e-01 7.639752030372619629e-01
9.339550137519836426e-01 -6.551792025566101074e-01 2.291627824306488037e-01
-1.261851072311401367e+00 1.652528345584869385e-01 1.705721393227577209e-02
-6.631171703338623047e-02 -1.934453725814819336e+00 -3.216972947120666504e-01
-1.241765260696411133e+00 -5.641997456550598145e-01 3.893665075302124023e-01
-3.228423833847045898e+00 6.008708104491233826e-02 9.643284082412719727e-01
3.870406448841094971e-01 -1.506003975868225098e+00 -6.509678363800048828e-01
-7.080925107002258301e-01 1.830920577049255371e-01 -8.327637314796447754e-01
1.514021873474121094e+00 -1.551815152168273926e+00 -1.567212939262390137e+00
1.703196644783020020e+00 4.037674367427825928e-01 -1.694676041603088379e+00
5.399443507194519043e-01 -5.368569493293762207e-01 -2.571860551834106445e-01
-4.319501221179962158e-01 -3.344117999076843262e-01 -2.075202316045761108e-01
1.366020441055297852e+00 -2.362540721893310547e+00 5.399524420499801636e-02
-6.488567590713500977e-01 2.074634730815887451e-01 -6.265979409217834473e-01
4.832448065280914307e-01 -7.147670388221740723e-01 -1.785202883183956146e-02
-9.153941273689270020e-01 -2.215340137481689453e+00 -9.867708683013916016e-01
1.713358759880065918e-01 8.576732277870178223e-01 3.815574049949645996e-01
6.165108084678649902e-01 2.474765539169311523e+00 2.168298959732055664e+00
9.889949560165405273e-01 -1.034080982208251953e+00 -1.355456352233886719e+00
8.549769520759582520e-01 -1.205804705619812012e+00 -1.160713076591491699e+00
5.354515314102172852e-01 -2.773526906967163086e+00 -1.593652963638305664e+00
3.080342113971710205e-01 7.546044588088989258e-01 -1.827256530523300171e-01
-8.566216826438903809e-01 -2.632786929607391357e-01 9.952443838119506836e-01
4.761148095130920410e-01 -2.256008535623550415e-01 -1.149174571037292480e+00
-8.590680956840515137e-01 -6.680785417556762695e-01 1.690839082002639771e-01
9.002508521080017090e-01 -1.200462102890014648e+00 2.106827646493911743e-01
6.430435180664062500e-01 1.887904703617095947e-01 -8.184388279914855957e-01
7.130615115165710449e-01 -2.621466875076293945e+00 -1.835411548614501953e+00
1.891702413558959961e-01 -1.205100417137145996e+00 -1.445253968238830566e+00
6.127601861953735352e-01 -1.417841076850891113e+00 -4.881855547428131104e-01
8.174698948860168457e-01 -8.572323322296142578e-01 -1.780391812324523926e+00
3.274716436862945557e-01 -1.229484796524047852e+00 -9.817875027656555176e-01
-1.800393909215927124e-01 -6.786623001098632812e-01 -3.795724511146545410e-01
-5.173929333686828613e-01 -1.470143795013427734e+00 9.599903821945190430e-01
-3.371501266956329346e-01 -1.128647446632385254e+00 1.294423490762710571e-01
3.413822650909423828e-01 -1.549130678176879883e+00 -5.322886705398559570e-01
9.148153066635131836e-01 -1.718662619590759277e+00 -8.788752555847167969e-01
-1.021633148193359375e-01 -4.174889922142028809e-01 -3.875816613435745239e-02
3.377815010026097298e-03 1.522016048431396484e+00 7.866629958152770996e-02
-4.628807902336120605e-01 -2.234203577041625977e+00 2.338213622570037842e-01
2.885439395904541016e-01 -8.371148705482482910e-01 -6.166409254074096680e-01
8.398038744926452637e-01 -7.728282809257507324e-01 5.517770349979400635e-02
-2.584362030029296875e-01 -5.836641788482666016e-01 -2.746354639530181885e-01
-9.703364223241806030e-02 -3.516838550567626953e-01 -4.427565038204193115e-01
2.160027623176574707e-01 -1.797568917274475098e+00 1.355780363082885742e-01
-8.210221529006958008e-01 -9.762048721313476562e-01 4.558075666427612305e-01
-7.848258018493652344e-01 1.357892513275146484e+00 -1.066105246543884277e+00
-3.902821540832519531e-01 -1.100718736648559570e+00 -2.571977078914642334e-01
1.876583546400070190e-01 -2.054239958524703979e-01 -4.529072046279907227e-01
1.242480948567390442e-01 -2.381083965301513672e+00 -8.019004464149475098e-01
-4.418270289897918701e-01 -1.799661517143249512e+00 3.925559222698211670e-01
-1.612815856933593750e+00 4.610531628131866455e-01 2.290095806121826172e+00
1.691867560148239136e-01 -2.141139268875122070e+00 -6.276799440383911133e-01
1.322598338127136230e+00 -1.611983418464660645e+00 -8.177559375762939453e-01
-1.857141256332397461e-01 -8.999592661857604980e-01 -1.724306195974349976e-01
-1.395950913429260254e+00 -9.262912869453430176e-01 6.394307017326354980e-01
-2.708585262298583984e-01 -1.309037685394287109e+00 7.153762876987457275e-02
-3.751493394374847412e-01 -1.184148192405700684e+00 -2.364912815392017365e-02
3.666346669197082520e-01 -6.315913200378417969e-01 -8.502717018127441406e-01
3.657061755657196045e-01 2.646210491657257080e-01 1.407067656517028809e+00
1.964302510023117065e-01 -8.806527853012084961e-01 1.171502947807312012e+00
4.081104397773742676e-01 9.128664731979370117e-01 1.076527357101440430e+00
7.557990550994873047e-01 -1.926296830177307129e+00 -1.389167308807373047e+00
6.529775857925415039e-01 -2.179338216781616211e+00 -1.249391555786132812e+00
1.232837438583374023e+00 -7.888005971908569336e-01 -2.518956661224365234e+00
7.506595849990844727e-01 -1.963180422782897949e+00 -1.813706517219543457e+00
-2.795686125755310059e-01 8.762159943580627441e-01 5.198206305503845215e-01
5.016102194786071777e-01 1.191053688526153564e-01 -9.604294896125793457e-01
8.010188341140747070e-01 8.763152956962585449e-01 -8.250080943107604980e-01
-8.682914972305297852e-01 -1.550453543663024902e+00 -1.028254330158233643e-01
1.114631295204162598e+00 -1.289073467254638672e+00 -2.035105228424072266e+00
1.081834912300109863e+00 -1.404469847679138184e+00 -1.992875099182128906e+00
6.595560908317565918e-01 -3.139208316802978516e+00 -2.001578569412231445e+00
4.435266256332397461e-01 -2.886312484741210938e+00 -1.547474741935729980e+00
1.452717900276184082e+00 -5.016710758209228516e-01 5.712597966194152832e-01
-6.756293773651123047e-02 -3.428391218185424805e-01 3.933693766593933105e-01
-7.846014946699142456e-02 -5.771827101707458496e-01 -2.115926891565322876e-02
6.478852629661560059e-01 5.830425024032592773e-02 -1.277779698371887207e+00
8.138819932937622070e-01 -3.161911010742187500e+00 -1.796182274818420410e+00
9.432388544082641602e-01 9.389057159423828125e-01 -1.596454977989196777e+00
4.098214507102966309e-01 -1.266465783119201660e+00 -8.964008092880249023e-01
3.388471007347106934e-01 -2.752243578433990479e-01 -8.975402116775512695e-01
-1.893216729164123535e+00 8.377857506275177002e-02 1.068987488746643066e+00
1.401362299919128418e+00 -1.377372503280639648e+00 -2.762691259384155273e+00
4.289525561034679413e-03 -8.063647747039794922e-01 2.287618398666381836e+00
2.672885358333587646e-01 5.794361233711242676e-01 -1.193690538406372070e+00
4.020526111125946045e-01 4.813273847103118896e-01 -1.757335066795349121e+00
6.903265118598937988e-01 -5.359070003032684326e-02 -5.639703869819641113e-01
1.161041736602783203e+00 -9.040477126836776733e-02 -2.174994230270385742e+00
1.301480293273925781e+00 -1.134685397148132324e+00 -2.342624902725219727e+00
1.168894171714782715e-01 -1.757953047752380371e+00 -1.208965301513671875e+00
2.713610827922821045e-01 -1.623882949352264404e-01 -5.922471284866333008e-01
1.042259573936462402e+00 -1.362458825111389160e+00 -2.219206333160400391e+00
6.406733989715576172e-01 -1.963840961456298828e+00 -1.557955980300903320e+00
1.547590792179107666e-01 -7.926068305969238281e-01 -5.733314752578735352e-01
2.619645893573760986e-01 2.378882318735122681e-01 -5.111383795738220215e-01
1.311080753803253174e-01 2.107690125703811646e-01 -2.576500773429870605e-01
4.129382073879241943e-01 -1.420430541038513184e+00 -1.070928335189819336e+00
1.545050382614135742e+00 -5.821497440338134766e-01 -2.293147444725036621e-01
-4.366006255149841309e-01 -9.349696636199951172e-01 8.873676061630249023e-01
-2.722972258925437927e-02 -9.498176574707031250e-01 -1.457590460777282715e-01
5.930883288383483887e-01 -1.416202425956726074e+00 -1.189824342727661133e+00
-1.120994091033935547e+00 -1.558130502700805664e+00 7.789011001586914062e-01
1.078538298606872559e+00 -9.289964437484741211e-01 6.709145307540893555e-01
-6.447873115539550781e-01 -2.892648220062255859e+00 2.244755625724792480e-01
-1.017765104770660400e-01 -8.313508629798889160e-01 9.807565063238143921e-02
5.946742296218872070e-01 -1.452220916748046875e+00 -1.333268165588378906e+00
4.300010502338409424e-01 -7.565293312072753906e-01 -1.071275830268859863e+00
4.160763323307037354e-01 -9.595701694488525391e-01 -6.397685408592224121e-01
-5.652518272399902344e-01 -1.112661957740783691e+00 -1.683599799871444702e-01
1.729580610990524292e-01 -1.984250187873840332e+00 -7.757208347320556641e-01
-1.812433898448944092e-01 -7.237663865089416504e-01 -6.575772762298583984e-01
7.735370397567749023e-01 -1.965783238410949707e+00 -1.817398667335510254e+00
5.608949065208435059e-01 -8.306709527969360352e-01 -1.255849003791809082e+00
1.544570028781890869e-01 -2.210749149322509766e+00 -7.413271069526672363e-01
1.347004771232604980e-01 4.235402941703796387e-01 -6.281589269638061523e-01
-7.550368905067443848e-01 -1.468234300613403320e+00 -6.036331653594970703e-01
-8.655979633331298828e-01 -1.412433624267578125e+00 -1.395119190216064453e+00
1.511670112609863281e+00 -1.705820083618164062e+00 -5.677391290664672852e-01
3.751703500747680664e-01 -6.391581296920776367e-01 -9.804291129112243652e-01
-3.050705194473266602e-01 -1.158352971076965332e+00 2.739945054054260254e-01
1.612785309553146362e-01 -2.846732616424560547e+00 1.441441297531127930e+00
3.452537953853607178e-02 -4.097298979759216309e-01 -1.411758363246917725e-02
-7.963240742683410645e-01 7.734826803207397461e-01 -4.928817749023437500e-01
5.575721859931945801e-01 7.953354716300964355e-01 -1.608724236488342285e+00
4.091080427169799805e-01 -5.743353366851806641e-01 -9.821817874908447266e-01
1.391413211822509766e+00 1.271172642707824707e+00 -6.180373430252075195e-01
-4.382535815238952637e-01 1.740047216415405273e+00 1.411118507385253906e+00
6.661664247512817383e-01 -3.153777718544006348e-01 -6.952143311500549316e-01
5.761344730854034424e-02 -7.320500016212463379e-01 -3.190254569053649902e-01
3.018434941768646240e-01 -8.012214899063110352e-01 4.596850834786891937e-03
7.900648564100265503e-02 2.057640254497528076e-02 -1.756953597068786621e-01
1.357164621353149414e+00 3.395387530326843262e-01 -4.621092975139617920e-01
8.111886978149414062e-01 1.984263062477111816e-01 6.805065870285034180e-01
3.364970386028289795e-01 3.824132084846496582e-01 8.983524888753890991e-02
8.864427208900451660e-01 -3.167043924331665039e+00 -2.015571355819702148e+00
2.275685817003250122e-01 -9.388208985328674316e-01 -6.684961915016174316e-01
6.873543858528137207e-01 -4.102194905281066895e-01 -1.431705713272094727e+00
9.372563958168029785e-01 -3.107932090759277344e+00 -2.103292942047119141e+00
1.277869582176208496e+00 -2.456855058670043945e+00 -2.522604942321777344e+00
1.426009982824325562e-01 -2.729393959045410156e+00 -8.841350674629211426e-01
8.427565693855285645e-01 -2.637623786926269531e+00 -2.096970319747924805e+00
3.251124620437622070e-01 -8.693819642066955566e-01 -8.156756162643432617e-01
5.214244723320007324e-01 -2.240654230117797852e+00 -1.106427669525146484e+00
9.176288843154907227e-01 -1.377683281898498535e+00 -1.716353535652160645e+00
5.316866636276245117e-01 -1.269522029906511307e-02 -1.085237860679626465e+00
6.993581056594848633e-01 -4.287208020687103271e-01 -3.202943503856658936e-01
3.787835687398910522e-02 -7.365788817405700684e-01 -3.155359625816345215e-01
2.269898205995559692e-01 -1.377368688583374023e+00 -7.616602778434753418e-01
5.688968896865844727e-01 -1.656167149543762207e+00 -1.079885125160217285e+00
1.620421707630157471e-01 -2.689512729644775391e+00 -1.043532490730285645e+00
8.240063190460205078e-01 -1.849496364593505859e+00 -2.094112157821655273e+00
4.458149075508117676e-01 -2.223131507635116577e-01 -8.454349637031555176e-01
-1.446244597434997559e+00 -1.535174250602722168e+00 7.768989205360412598e-01
1.159143447875976562e+00 -1.133250355720520020e+00 -2.335533142089843750e+00
-6.827459335327148438e-01 1.231177568435668945e+00 -9.198169708251953125e-01
-5.424340441823005676e-02 5.629076361656188965e-01 -8.202416300773620605e-01
-6.230680346488952637e-01 -7.428663372993469238e-01 -1.935387104749679565e-01
4.854193031787872314e-01 -1.614895820617675781e+00 -6.476321220397949219e-01
5.119241774082183838e-02 2.246326446533203125e+00 -9.766992330551147461e-01
6.844141483306884766e-01 -3.954755365848541260e-01 -1.084605455398559570e+00
-6.280839443206787109e-01 -1.057263851165771484e+00 -1.359297752380371094e+00
-4.648824036121368408e-02 -1.475926399230957031e+00 5.472552776336669922e-01
6.261395812034606934e-01 -1.315557956695556641e+00 -8.891235589981079102e-01
5.818772315979003906e-01 -1.387938499450683594e+00 -8.062695264816284180e-01
1.047229528427124023e+00 -8.931841850280761719e-01 -1.732328176498413086e+00
4.731614291667938232e-01 -2.692317008972167969e+00 -1.271747231483459473e+00
2.741147279739379883e-01 -1.416097044944763184e+00 -6.003606319427490234e-01
1.894401013851165771e-01 -2.291402816772460938e+00 -7.077863216400146484e-01
-3.781780004501342773e-01 -5.508393645286560059e-01 4.490992724895477295e-01
1.064408898353576660e+00 1.997611112892627716e-02 -5.113567709922790527e-01
-4.340368509292602539e-01 -4.393288195133209229e-01 4.614907205104827881e-01
5.461303591728210449e-01 -1.967956900596618652e+00 -1.518925070762634277e+00
4.785390794277191162e-01 9.204969406127929688e-01 -1.329663634300231934e+00
2.364923432469367981e-02 -1.304684162139892578e+00 1.213956117630004883e+00
5.496072173118591309e-01 -7.269451618194580078e-01 -1.320995569229125977e+00
7.425286769866943359e-01 -2.009851187467575073e-01 -1.543264746665954590e+00
-1.930842399597167969e-01 -7.578130364418029785e-01 1.723896116018295288e-01
1.868936419486999512e-01 -1.190023064613342285e+00 1.470986306667327881e-01
3.022692799568176270e-01 -1.820714116096496582e+00 1.586906164884567261e-01
2.040657103061676025e-01 -1.094452261924743652e+00 -6.116756796836853027e-01
-1.583397626876831055e+00 -1.637829780578613281e+00 2.192191600799560547e+00
4.117598831653594971e-01 -1.609732270240783691e+00 -7.172199487686157227e-01
4.575617313385009766e-01 -3.101885795593261719e+00 -1.272513866424560547e+00
-1.808253079652786255e-01 -2.615472793579101562e+00 1.371086955070495605e+00
4.229202121496200562e-02 -3.899415135383605957e-01 -1.856179684400558472e-01
8.441323637962341309e-01 -2.023554325103759766e+00 -1.766949653625488281e+00
1.210742071270942688e-01 -2.250665426254272461e+00 -6.393402218818664551e-01
7.139333486557006836e-01 -1.192710280418395996e+00 -1.544669628143310547e+00
7.255110144615173340e-01 -8.593659400939941406e-01 -1.529412746429443359e+00
1.152843460440635681e-01 8.017498254776000977e-01 -7.829933762550354004e-01
-2.275071293115615845e-01 -4.020714014768600464e-02 -4.243758022785186768e-01
-3.474793434143066406e-01 -6.313427537679672241e-02 -2.302554398775100708e-01
9.193583726882934570e-01 -9.496919512748718262e-01 -3.742293119430541992e-01
5.264417529106140137e-01 -1.052930235862731934e+00 5.270756483078002930e-01
-1.174367032945156097e-03 -1.737133026123046875e+00 -5.850273966789245605e-01
1.216190814971923828e+00 -1.555429339408874512e+00 -1.404482722282409668e+00
2.095806747674942017e-01 -7.010555863380432129e-01 -2.481302469968795776e-01
2.738347053527832031e-01 2.989619076251983643e-01 -5.539367198944091797e-01
6.169973611831665039e-01 1.673024296760559082e-01 -4.304320812225341797e-01
-6.511076688766479492e-01 5.107093453407287598e-01 -2.324046641588211060e-01
4.133256152272224426e-02 1.967372447252273560e-01 6.850455403327941895e-01
-1.808638572692871094e+00 -1.285796761512756348e-01 -7.953436374664306641e-01
-5.305213928222656250e-01 5.086936950683593750e-01 1.592898964881896973e-01
-3.227678835391998291e-01 2.835153639316558838e-01 -1.201084613800048828e+00
1.986323356628417969e+00 2.333763360977172852e+00 8.386980295181274414e-01
1.682442545890808105e+00 4.221874475479125977e-01 -1.222592234611511230e+00
1.275408744812011719e+00 4.110170304775238037e-01 -5.256179347634315491e-02
3.666143715381622314e-01 5.211845040321350098e-01 -6.663092374801635742e-01
-1.031021680682897568e-02 -1.239316582679748535e+00 -3.199562430381774902e-01
-4.818600416183471680e-02 -4.385515302419662476e-02 -4.006461501121520996e-01
9.929937124252319336e-01 -9.203655123710632324e-01 -1.533187150955200195e+00
-5.272672772407531738e-01 -2.398727834224700928e-01 1.346561610698699951e-01
-4.913666248321533203e-01 -1.238890528678894043e+00 1.096871256828308105e+00
9.512225389480590820e-01 -1.172687292098999023e+00 4.398729503154754639e-01
-2.994727611541748047e+00 -1.638857007026672363e+00 -2.038759946823120117e+00
-7.251530289649963379e-01 6.790441870689392090e-01 -8.239943981170654297e-01
2.162372618913650513e-01 -4.568783760070800781e+00 -1.244217753410339355e+00
1.104980826377868652e+00 -2.914664506912231445e+00 -2.411404609680175781e+00
1.099859356880187988e+00 -2.593373537063598633e+00 -2.707793474197387695e+00
1.204038262367248535e+00 -1.294428110122680664e-01 -3.112215995788574219e-01
7.183130979537963867e-01 -2.820439338684082031e+00 -1.966860532760620117e+00
-2.488322705030441284e-01 -2.764536738395690918e-01 -2.268533408641815186e-01
-3.071410953998565674e-02 -4.920080602169036865e-01 -1.218452602624893188e-01
1.314686417579650879e+00 -1.160760164260864258e+00 -2.918520450592041016e+00
8.971540331840515137e-01 3.810302913188934326e-02 -1.967317461967468262e+00
5.919038057327270508e-01 -9.553921818733215332e-01 -1.530339956283569336e+00
2.050052732229232788e-01 -2.307986021041870117e+00 -1.033433556556701660e+00
8.167118430137634277e-01 -2.938976287841796875e+00 -1.827041268348693848e+00
5.112600922584533691e-01 -1.798395872116088867e+00 -1.155070066452026367e+00
9.860799908638000488e-01 -1.190718173980712891e+00 -1.891894936561584473e+00
2.570627927780151367e-01 -2.797843456268310547e+00 -8.881742954254150391e-01
2.240271121263504028e-01 -6.742781400680541992e-01 -5.770592093467712402e-01
5.856272578239440918e-01 -3.888159394264221191e-01 8.819509744644165039e-01
-1.662806607782840729e-02 -5.550336241722106934e-01 1.692370772361755371e-01
6.537445634603500366e-02 -1.192033290863037109e+00 3.104198873043060303e-01
-2.339725494384765625e+00 -6.480696797370910645e-01 1.138397693634033203e+00
6.529916822910308838e-02 -1.144201606512069702e-01 -6.294948458671569824e-01
1.390046715736389160e+00 -5.988279581069946289e-01 -7.389428615570068359e-01
3.719776868820190430e-02 6.343117356300354004e-01 -8.580596745014190674e-02
8.411558270454406738e-01 -3.575183629989624023e+00 -2.101483583450317383e+00
1.257805824279785156e+00 -2.073448523879051208e-02 -8.164224028587341309e-01
-5.921924710273742676e-01 -7.568259835243225098e-01 2.692144215106964111e-01
3.279489576816558838e-01 7.053346633911132812e-01 -6.317448019981384277e-01
-1.452232450246810913e-01 -8.735852837562561035e-01 -5.750466585159301758e-01
7.731721997261047363e-01 -3.034204959869384766e+00 -1.719934225082397461e+00
6.243319511413574219e-01 -3.570077419281005859e+00 -1.563743948936462402e+00
7.528150826692581177e-02 -3.592084646224975586e+00 -1.011309504508972168e+00
1.516378402709960938e+00 -1.002532720565795898e+00 3.783391416072845459e-01
2.144761681556701660e-01 -8.291791677474975586e-01 -7.933645695447921753e-02
1.604381352663040161e-01 -5.052212476730346680e-01 -2.949282228946685791e-01
-2.414588630199432373e-02 -5.842225551605224609e-01 -4.329492747783660889e-01
-5.205215513706207275e-02 -4.945374131202697754e-01 -1.094617247581481934e+00
-5.997684001922607422e-01 -1.145350933074951172e+00 6.934214383363723755e-02
-8.409260958433151245e-02 -1.819203495979309082e+00 6.429682374000549316e-01
1.234280705451965332e+00 -3.555955886840820312e+00 -2.947581052780151367e+00
6.143759489059448242e-01 -1.063708662986755371e+00 -1.412408351898193359e+00
8.528547883033752441e-01 -1.764549612998962402e+00 -1.962155222892761230e+00
2.749353647232055664e-01 4.797730967402458191e-02 -1.726723760366439819e-01
8.553935885429382324e-01 -1.112052917480468750e+00 -1.357297152280807495e-01
-7.442669272422790527e-01 -4.415038228034973145e-01 -1.806414365768432617e+00
2.429512888193130493e-01 1.164710879325866699e+00 -3.607426583766937256e-01
3.526378870010375977e-01 -1.394905328750610352e+00 1.006595134735107422e+00
1.186048746109008789e+00 2.382454425096511841e-01 5.871459245681762695e-01
1.471272706985473633e+00 2.951131388545036316e-02 8.817000314593315125e-03
-6.267968416213989258e-01 6.809614896774291992e-01 -2.449024021625518799e-01
6.089441776275634766e-01 -1.865621924400329590e+00 -1.619578957557678223e+00
2.260620445013046265e-01 -1.334290385246276855e+00 -3.377685546875000000e-01
6.268098950386047363e-01 -1.553485512733459473e+00 1.389063056558370590e-02
-1.918477565050125122e-01 -1.108578443527221680e+00 -1.398986279964447021e-01
2.077530175447463989e-01 -2.785146236419677734e+00 -9.937736392021179199e-01
3.035093843936920166e-02 -2.258542776107788086e+00 2.489908225834369659e-02
8.344364762306213379e-01 -6.096571683883666992e-01 -1.772899985313415527e+00
3.452900052070617676e-01 -9.650881886482238770e-01 -9.098743796348571777e-01
-9.509744495153427124e-02 -1.632318973541259766e+00 -1.198777079582214355e+00
5.975558757781982422e-01 -1.672650933265686035e+00 1.707790613174438477e+00
8.448492884635925293e-01 6.981845498085021973e-01 -8.348063230514526367e-01
6.602374911308288574e-01 -9.479685425758361816e-01 -1.769148826599121094e+00
7.743194103240966797e-01 -6.730526089668273926e-01 -1.613264799118041992e+00
-2.540790736675262451e-01 -3.790835618972778320e+00 -3.765869438648223877e-01
8.582454323768615723e-01 -1.481210291385650635e-01 -1.753745317459106445e+00
-1.811874508857727051e-01 -2.626430034637451172e+00 -8.143471926450729370e-02
8.578578829765319824e-01 7.339439988136291504e-01 -9.993914961814880371e-01
-3.623754978179931641e-01 -4.353607892990112305e-01 -5.115780830383300781e-01
9.038612246513366699e-01 -1.175070166587829590e+00 8.197925090789794922e-01
7.217691540718078613e-01 1.598335981369018555e+00 -4.511403739452362061e-01
-4.377864897251129150e-01 8.629949390888214111e-02 -3.778624236583709717e-01
1.951151341199874878e-01 1.924591183662414551e+00 -2.464561462402343750e-01
8.951631188392639160e-01 1.002480030059814453e+00 -1.951420426368713379e+00
5.711761116981506348e-01 -5.096439719200134277e-01 1.216975450515747070e+00
-1.266366429626941681e-02 -1.675236701965332031e+00 3.785322010517120361e-01
-9.656959772109985352e-01 1.432630419731140137e+00 -4.067333042621612549e-02
3.956636488437652588e-01 3.566354811191558838e-01 7.030320167541503906e-01
1.266648173332214355e+00 -4.445540904998779297e+00 -3.336164712905883789e+00
7.088801860809326172e-01 -4.611849308013916016e+00 -2.683226346969604492e+00
1.159534931182861328e+00 -4.684135437011718750e+00 -3.068776845932006836e+00
-4.346193969249725342e-01 -5.811271667480468750e-01 6.425740718841552734e-01
3.203009963035583496e-01 -1.152232408523559570e+00 4.381078779697418213e-01
-6.715766787528991699e-01 -3.092512369155883789e+00 -5.022307485342025757e-02
1.232457041740417480e+00 -1.535949587821960449e+00 -7.233539223670959473e-02
3.953360617160797119e-01 -7.905747294425964355e-01 -5.784625932574272156e-02
-8.977121114730834961e-02 4.942002892494201660e-01 -1.078143596649169922e+00
1.466917246580123901e-01 -4.313809797167778015e-03 -1.619373917579650879e+00
1.041114449501037598e+00 -3.385654211044311523e+00 -2.896615505218505859e+00
1.262400507926940918e+00 -3.679074525833129883e+00 -3.019775152206420898e+00
1.231113910675048828e+00 -3.777967214584350586e+00 -3.019489288330078125e+00
7.571374177932739258e-01 8.880308866500854492e-01 -1.314421772956848145e+00
7.394390702247619629e-01 -2.727422475814819336e+00 -1.830365300178527832e+00
-4.466903507709503174e-01 1.172384619712829590e+00 -4.579318687319755554e-02
-2.115592002868652344e+00 -1.798954486846923828e+00 -1.360564231872558594e+00
6.907402873039245605e-01 -2.457522869110107422e+00 -2.149335145950317383e+00
1.239409327507019043e+00 -1.109812021255493164e+00 -2.530195236206054688e+00
1.001664996147155762e+00 -1.587015271186828613e+00 -1.051962256431579590e+00
1.384161949157714844e+00 3.880611658096313477e-01 -7.138078808784484863e-01
3.496401906013488770e-01 7.113846540451049805e-01 -1.416246175765991211e+00
-5.490191578865051270e-01 -2.674318552017211914e-01 -3.941700160503387451e-01
1.807966083288192749e-02 -8.618091344833374023e-01 1.625491857528686523e+00
-2.523226022720336914e+00 8.005569577217102051e-01 -1.356688886880874634e-01
4.424310326576232910e-01 -9.734592437744140625e-01 -9.231066703796386719e-01
2.133279293775558472e-01 2.208041101694107056e-01 -9.348052144050598145e-01
9.648732095956802368e-02 -2.621623277664184570e+00 -1.085831761360168457e+00
1.047924518585205078e+00 -2.052470445632934570e+00 -2.640071630477905273e+00
4.805099964141845703e-01 -3.316684484481811523e+00 -1.994663119316101074e+00
-2.415573358535766602e+00 7.096351981163024902e-01 -9.312660694122314453e-01
3.309122025966644287e-01 -1.495483279228210449e+00 2.600705623626708984e-01
5.066413283348083496e-01 -3.568342447280883789e+00 -1.782845854759216309e+00
1.055655479431152344e+00 -2.192366600036621094e+00 -2.520542383193969727e+00
8.038603067398071289e-01 -2.665958642959594727e+00 -2.103371381759643555e+00
-1.264845848083496094e+00 5.123625993728637695e-01 -5.676985979080200195e-01
3.619490265846252441e-01 -6.613083481788635254e-01 -5.318230390548706055e-02
1.131487488746643066e-01 -6.004441976547241211e-01 -2.729458967223763466e-03
-7.970785498619079590e-01 -6.501875519752502441e-01 1.945824146270751953e+00
6.909609436988830566e-01 -2.528474092483520508e+00 -1.893640398979187012e+00
7.707327008247375488e-01 -2.260176658630371094e+00 -1.995584249496459961e+00
1.347542166709899902e+00 -9.665374159812927246e-01 -2.916508674621582031e+00
7.296448945999145508e-01 -2.221184253692626953e+00 -2.009608507156372070e+00
8.162952661514282227e-01 -2.602238893508911133e+00 -2.161395549774169922e+00
6.418748497962951660e-01 -2.739421129226684570e+00 -1.864607691764831543e+00
1.054623126983642578e+00 -1.973787903785705566e+00 -2.511338710784912109e+00
5.197232961654663086e-01 3.397406339645385742e-01 -1.187270432710647583e-01
-6.477324366569519043e-01 -2.279528230428695679e-01 2.250009059906005859e+00
8.833824992179870605e-01 -3.317596018314361572e-01 -7.138316631317138672e-01
5.053014308214187622e-02 1.858199238777160645e+00 -5.799587070941925049e-02
2.426875382661819458e-01 1.330792784690856934e+00 -1.050010204315185547e+00
1.182736754417419434e+00 -1.862282276153564453e+00 -2.751617670059204102e+00
5.916101932525634766e-01 -2.703871011734008789e+00 -1.759568810462951660e+00
6.981982588768005371e-01 -2.051426172256469727e+00 -1.837335944175720215e+00
3.807984590530395508e-01 -3.326826095581054688e+00 -1.571016311645507812e+00
5.754908919334411621e-01 -2.739632606506347656e+00 -1.973445296287536621e+00
5.788650512695312500e-01 -3.304119348526000977e+00 -1.952473163604736328e+00
8.620854616165161133e-01 -1.555397152900695801e+00 -2.238580942153930664e+00
-1.690388619899749756e-01 -2.013279646635055542e-01 -4.609614610671997070e-01
-6.796403974294662476e-02 -4.727549850940704346e-01 -4.339261949062347412e-01
-1.319015026092529297e+00 -1.526236772537231445e+00 -6.432461142539978027e-01
-1.850609898567199707e+00 5.803471207618713379e-01 -9.019392728805541992e-01
-4.162920266389846802e-02 3.408044576644897461e-01 1.294241398572921753e-01
-9.894468188285827637e-01 -6.438413262367248535e-01 6.834345459938049316e-01
