-7.255426645278930664e-01
3.229492008686065674e-01
-1.275604724884033203e+00
1.153259873390197754e+00
-5.712921172380447388e-02
-2.113322615623474121e-01
4.788682162761688232e-01
1.047399863600730896e-01
-1.167360901832580566e+00
9.150415420532226562e+00
4.726634979248046875e+00
4.814141273498535156e+00
1.405444264411926270e+00
1.196295261383056641e+00
1.115230023860931396e-01
6.486935615539550781e-01
7.910261750221252441e-01
2.382799863815307617e+00
2.336904048919677734e+00
1.051931381225585938e+00
-2.860359549522399902e-01
9.950478672981262207e-01
3.373794794082641602e+00
4.520787715911865234e+00
3.515616893768310547e+00
2.757953166961669922e+00
1.559818267822265625e+00
-1.901510953903198242e+00
-1.622052788734436035e+00
-1.202972173690795898e+00
-7.860848307609558105e-02
-3.870193660259246826e-01
1.611465692520141602e+00
-3.926404169760644436e-04
-6.306070089340209961e-01
7.968713045120239258e-01
8.457043766975402832e-01
1.900964379310607910e+00
3.768174409866333008e+00
-7.061775028705596924e-02
7.120130658149719238e-01
1.225710749626159668e+00
6.366361379623413086e-01
-9.816652536392211914e-01
-1.117691040039062500e+00
1.861642718315124512e+00
-2.938992381095886230e-01
5.430244803428649902e-01
-3.288687467575073242e-01
3.635398447513580322e-01
-4.881619513034820557e-01
6.424810290336608887e-01
1.337682485580444336e+00
-1.811916381120681763e-01
5.420464873313903809e-01
-3.231274783611297607e-01
-9.729971177875995636e-03
4.404795169830322266e-01
8.895357131958007812e+00
8.922920227050781250e+00
8.925327301025390625e+00
9.235898017883300781e+00
9.077220916748046875e+00
3.711598634719848633e+00
3.929072856903076172e+00
4.222021579742431641e+00
3.507359027862548828e+00
-5.495252609252929688e-01
2.863056898117065430e+00
3.077925205230712891e+00
1.444975852966308594e+00
4.921823024749755859e+00
2.928074836730957031e+00
1.766223788261413574e+00
4.323199748992919922e+00
3.864504098892211914e+00
1.164641857147216797e+00
2.079189062118530273e+00
8.693380951881408691e-01
1.454085826873779297e+00
4.806467056274414062e+00
4.143610000610351562e+00
1.060499072074890137e+00
2.463107585906982422e+00
4.492455959320068359e+00
4.971252441406250000e+00
2.480861991643905640e-01
7.759972214698791504e-01
2.226495742797851562e+00
3.755594491958618164e-01
3.730030298233032227e+00
6.117895126342773438e+00
2.583244085311889648e+00
1.607247233390808105e+00
7.710249423980712891e-01
-6.557667851448059082e-01
2.713881969451904297e+00
3.299066424369812012e-01
3.710806846618652344e+00
3.757432937622070312e+00
4.443478107452392578e+00
2.165110588073730469e+00
5.105443477630615234e+00
6.169601440429687500e+00
2.276753187179565430e+00
3.025476932525634766e+00
5.379977226257324219e+00
3.919181585311889648e+00
1.256972551345825195e+00
5.932413578033447266e+00
6.782634735107421875e+00
3.227203845977783203e+00
2.118092775344848633e+00
1.698805332183837891e+00
1.435025334358215332e+00
3.106086552143096924e-01
3.784876465797424316e-01
4.358873367309570312e+00
1.777752161026000977e+00
1.433395028114318848e+00
1.736744165420532227e+00
-1.038702763617038727e-02
4.591143429279327393e-01
1.877046465873718262e+00
1.921032190322875977e+00
1.364406824111938477e+00
3.315183639526367188e+00
3.557984828948974609e+00
-1.806026697158813477e+00
4.031043052673339844e+00
2.531374931335449219e+00
2.950326442718505859e+00
7.366654276847839355e-01
1.909148454666137695e+00
-1.875835776329040527e+00
8.573070764541625977e-01
4.007236003875732422e+00
4.270007610321044922e+00
2.595109701156616211e+00
9.865976572036743164e-01
2.886100709438323975e-01
5.459468364715576172e-01
8.763623982667922974e-02
-1.727020025253295898e+00
-6.108965873718261719e-01
-3.661972582340240479e-01
5.326649665832519531e+00
1.435442447662353516e+00
-3.072408437728881836e-01
1.121825814247131348e+00
5.357423424720764160e-01
9.872744977474212646e-02
2.443065121769905090e-02
5.368484020233154297e+00
3.588488698005676270e-01
8.033794164657592773e-02
-4.076640680432319641e-02
-1.449937969446182251e-01
4.785902976989746094e+00
3.762766122817993164e+00
5.421447157859802246e-01
9.827124476432800293e-01
1.254088521003723145e+00
1.650622725486755371e+00
2.398096621036529541e-01
-1.699578881263732910e+00
4.966029644012451172e+00
5.234759330749511719e+00
2.531339824199676514e-01
1.846631407737731934e+00
8.874316699802875519e-03
-1.353267073631286621e+00
3.467146396636962891e+00
3.759884595870971680e+00
3.953287839889526367e+00
4.179532527923583984e+00
1.974554210901260376e-01
-3.418582677841186523e-01
3.132327795028686523e+00
1.994582533836364746e+00
-1.885530799627304077e-01
-4.362093210220336914e-01
2.495061874389648438e+00
2.689715385437011719e+00
8.673585057258605957e-01
9.017122268676757812e+00
2.201164245605468750e+00
2.225028038024902344e+00
5.265148282051086426e-01
9.306101799011230469e-01
1.000319421291351318e-01
-4.393409192562103271e-01
8.958633542060852051e-01
-2.036785930395126343e-01
9.161557257175445557e-02
2.235817193984985352e+00
1.016163349151611328e+00
1.980286002159118652e+00
1.622935533523559570e+00
-1.035161733627319336e+00
-1.053378105163574219e+00
7.756357192993164062e-01
8.097306638956069946e-02
-3.474602997303009033e-01
8.452715277671813965e-01
-8.586945533752441406e-01
-7.718136906623840332e-01
4.891705811023712158e-01
1.178691744804382324e+00
6.192934513092041016e-01
2.554118156433105469e+00
6.753770262002944946e-02
-2.225043058395385742e+00
1.231622919440269470e-01
3.957954049110412598e-01
6.849046349525451660e-01
-9.453539550304412842e-02
2.555971860885620117e+00
4.710293412208557129e-01
1.480773329734802246e+00
-6.581454277038574219e-01
-2.076139211654663086e+00
-3.691802620887756348e-01
8.327322959899902344e+00
8.506204605102539062e+00
2.862647771835327148e+00
1.232036948204040527e+00
1.097474932670593262e+00
-3.620023727416992188e-01
9.199873208999633789e-01
-7.105697989463806152e-01
2.369790896773338318e-02
3.734081268310546875e+00
-3.342131385579705238e-03
1.750427126884460449e+00
1.860494375228881836e+00
2.205786943435668945e+00
2.551204264163970947e-01
1.211312532424926758e+00
2.373495340347290039e+00
9.200280308723449707e-01
3.366019725799560547e-01
1.260912179946899414e+00
2.239474773406982422e+00
2.021189451217651367e+00
-1.369963288307189941e-01
2.230499267578125000e+00
1.293827176094055176e+00
-1.268836617469787598e+00
1.000870823860168457e+00
-8.629512786865234375e-01
-6.505469679832458496e-01
7.108221054077148438e-01
1.354105591773986816e+00
1.357758641242980957e+00
1.411068439483642578e+00
-2.821514844894409180e+00
2.404607772827148438e+00
1.855177402496337891e+00
-9.683340787887573242e-01
-4.092662632465362549e-01
-4.560792446136474609e-01
1.914870142936706543e+00
1.922263026237487793e+00
7.219765782356262207e-01
-1.220665097236633301e+00
-2.659017086029052734e+00
4.588072299957275391e+00
4.443220615386962891e+00
2.420130252838134766e+00
1.981759309768676758e+00
-1.181235313415527344e-01
2.431673765182495117e+00
-6.150007843971252441e-01
1.417612195014953613e+00
5.725299835205078125e+00
4.100925922393798828e+00
3.010241270065307617e+00
2.372950315475463867e+00
-5.795372724533081055e-01
-8.888295292854309082e-01
1.476896643638610840e+00
1.406842350959777832e+00
6.486758232116699219e+00
2.364824295043945312e+00
1.640016198158264160e+00
2.917460501194000244e-01
-8.160374164581298828e-01
4.615010261535644531e+00
4.719806835055351257e-02
-8.176236599683761597e-02
-8.648788332939147949e-01
-5.630867555737495422e-02
1.920595407485961914e+00
3.417662620544433594e+00
8.999311327934265137e-01
2.809040546417236328e+00
2.342133045196533203e+00
3.229719877243041992e+00
-5.772227644920349121e-01
-2.492851614952087402e-01
1.289981603622436523e+00
1.844360828399658203e+00
3.771502077579498291e-01
3.736918866634368896e-01
2.101912975311279297e+00
3.226619243621826172e+00
1.256513833999633789e+00
-5.933125615119934082e-01
1.579031229019165039e+00
5.069702267646789551e-01
2.688839673995971680e+00
1.964818239212036133e+00
2.127592802047729492e+00
2.486362695693969727e+00
8.881042599678039551e-01
2.269148379564285278e-01
3.661135673522949219e+00
8.171787261962890625e-01
1.288282513618469238e+00
-9.085834026336669922e-01
-5.472853183746337891e-01
1.866778016090393066e+00
-1.324008941650390625e+00
1.856790184974670410e+00
2.371426105499267578e+00
1.618995070457458496e+00
-4.134063124656677246e-01
-8.031782507896423340e-01
1.433331131935119629e+00
5.721825361251831055e-01
4.737852513790130615e-01
3.033619880676269531e+00
-5.725659132003784180e-01
1.086935877799987793e+00
-6.368327736854553223e-01
2.339606523513793945e+00
1.800928264856338501e-01
-7.593090534210205078e-01
-1.589166879653930664e+00
3.853511095046997070e+00
1.173410654067993164e+00
1.686743140220642090e+00
3.305577278137207031e+00
6.298907756805419922e+00
2.319347381591796875e+00
4.224526882171630859e+00
1.052849888801574707e+00
3.098134040832519531e+00
1.967692255973815918e+00
-2.592203319072723389e-01
3.079406619071960449e-01
7.288326025009155273e-01
1.072388052940368652e+00
2.782722949981689453e+00
8.989963531494140625e-01
1.199302911758422852e+00
-1.565496444702148438e+00
1.832121461629867554e-01
3.367916345596313477e+00
-2.975837588310241699e-01
5.908364057540893555e-02
1.732974171638488770e+00
5.999700546264648438e+00
1.142971277236938477e+00
3.236737847328186035e-01
-2.002887964248657227e+00
-1.956428438425064087e-01
7.180855751037597656e+00
7.164748668670654297e+00
5.704761981964111328e+00
4.854692459106445312e+00
3.779779434204101562e+00
2.237560749053955078e+00
6.649550199508666992e-01
-1.161677360534667969e+00
-9.130844846367835999e-03
1.574932456016540527e+00
-8.755302429199218750e-01
-2.420987933874130249e-02
9.293444752693176270e-01
2.070096731185913086e+00
1.225265860557556152e+00
1.440445661544799805e+00
8.180603981018066406e-01
3.343907117843627930e+00
9.260576367378234863e-01
1.329595088958740234e+00
5.311030864715576172e+00
-6.368200778961181641e-01
4.249223172664642334e-01
4.715748786926269531e+00
2.602856874465942383e+00
2.340587854385375977e+00
1.718270659446716309e+00
4.194103777408599854e-01
1.585396379232406616e-01
1.996486663818359375e+00
1.610253214836120605e+00
2.308353424072265625e+00
4.630785882472991943e-01
-3.309234380722045898e-01
8.869879245758056641e-01
-4.491603374481201172e-01
8.709495663642883301e-01
-1.807142496109008789e-01
-1.772187501192092896e-01
3.737351298332214355e-01
4.142315089702606201e-01
-2.067134678363800049e-01
-3.439352512359619141e-01
-4.759940505027770996e-01
4.834018647670745850e-01
-2.997493930160999298e-02
-3.212600350379943848e-01
-6.438491344451904297e-01
-9.367396235466003418e-01
3.266802132129669189e-01
1.438318133354187012e+00
1.096724942326545715e-01
4.601824879646301270e-01
1.478407979011535645e+00
4.547931671142578125e+00
5.081899642944335938e+00
3.754458665847778320e+00
9.121135473251342773e-01
3.921895265579223633e+00
-1.970744132995605469e-01
1.819985985755920410e+00
1.869690895080566406e+00
-1.464892327785491943e-01
7.692314982414245605e-01
1.138104915618896484e+00
4.777754306793212891e+00
1.828720092773437500e+00
2.701781988143920898e+00
2.309782505035400391e+00
3.170694351196289062e+00
1.160945534706115723e+00
1.721632480621337891e+00
1.965108662843704224e-01
7.285941243171691895e-01
-1.771613240242004395e+00
3.474420011043548584e-01
2.385167777538299561e-01
3.607048511505126953e+00
2.370979189872741699e-01
4.459791183471679688e-01
2.014017343521118164e+00
1.505356907844543457e+00
3.450999975204467773e+00
3.487574338912963867e+00
2.504622459411621094e+00
9.841718673706054688e-01
1.033580780029296875e+00
-1.034894943237304688e+00
-1.669749468564987183e-01
-3.267610911279916763e-03
1.497691035270690918e+00
4.419713914394378662e-01
5.862948894500732422e+00
2.099399805068969727e+00
3.368727684020996094e+00
1.076699852943420410e+00
4.905366897583007812e-01
5.170764327049255371e-01
2.893932819366455078e+00
8.047248721122741699e-01
-8.422411680221557617e-01
-8.343830704689025879e-01
4.802298247814178467e-01
1.732223629951477051e+00
1.021013379096984863e+00
6.876129508018493652e-01
8.168684840202331543e-01
2.817056655883789062e+00
2.525449275970458984e+00
2.152197837829589844e+00
9.264163374900817871e-01
2.087926626205444336e+00
-1.208590269088745117e-01
1.179621815681457520e+00
-2.271935492753982544e-01
2.871489763259887695e+00
3.364163398742675781e+00
1.632044434547424316e+00
2.499695777893066406e+00
1.451934814453125000e+00
8.084998726844787598e-01
-5.710568428039550781e-01
1.647399663925170898e-01
-1.161734819412231445e+00
5.616548657417297363e-01
9.306308627128601074e-01
1.029936432838439941e+00
-3.735787272453308105e-01
8.286665081977844238e-01
1.407614588737487793e+00
5.681203365325927734e+00
3.581992149353027344e+00
6.510624408721923828e+00
1.002429842948913574e+00
1.291841864585876465e+00
-4.975027740001678467e-01
-6.949123144149780273e-01
8.197312057018280029e-02
2.062469869852066040e-01
7.888430356979370117e-01
2.922945261001586914e+00
5.733771324157714844e+00
5.152548789978027344e+00
-1.189104318618774414e+00
4.218162059783935547e+00
-1.544705390930175781e+00
-1.905742138624191284e-01
1.005225777626037598e+00
4.386542797088623047e+00
1.288570284843444824e+00
7.979482412338256836e-02
7.272516489028930664e-01
2.285685688257217407e-01
-1.042129278182983398e+00
8.402007818222045898e-01
2.734276533126831055e+00
1.827924251556396484e+00
7.819054722785949707e-01
1.987329244613647461e+00
1.972933888435363770e+00
9.463761448860168457e-01
5.629386305809020996e-01
3.485042333602905273e+00
3.178446292877197266e+00
3.512723922729492188e+00
-1.986900717020034790e-01
-7.031592130661010742e-01
-1.230285048484802246e+00
1.420045256614685059e+00
3.749861240386962891e+00
3.558308601379394531e+00
3.776091337203979492e+00
2.294002532958984375e+00
3.872254610061645508e+00
3.528476953506469727e+00
3.255351543426513672e+00
-7.087373733520507812e-01
1.412905812263488770e+00
-3.181129932403564453e+00
-1.385685443878173828e+00
-4.849847778677940369e-02
4.463938236236572266e+00
4.821837425231933594e+00
3.996689319610595703e+00
3.252095699310302734e+00
2.064937591552734375e+00
3.596553087234497070e+00
1.557196974754333496e+00
2.614594459533691406e+00
-2.151346206665039062e-01
-1.044723629951477051e+00
-7.580922842025756836e-01
1.717490404844284058e-01
-1.683557868003845215e+00
