1.052245378494262695e+00 2.069418191909790039e+00 5.139881968498229980e-01 7.023866772651672363e-01 1.125019788742065430e+00
-9.723765850067138672e-01 -2.500549703836441040e-02 3.854528665542602539e-01 -2.569385468959808350e-01 4.462997615337371826e-01
2.341851741075515747e-01 -4.698149263858795166e-01 -1.458483576774597168e+00 -1.572723090648651123e-01 4.311103522777557373e-01
-5.179899185895919800e-02 -1.227994441986083984e+00 -6.337432265281677246e-01 -1.522812247276306152e+00 -5.045453906059265137e-01
-1.068684816360473633e+00 -1.653675317764282227e+00 5.090050101280212402e-01 2.251652926206588745e-01 -1.509436815977096558e-01
1.133949995040893555e+00 6.645205020904541016e-01 5.014430284500122070e-01 1.225598692893981934e+00 -1.871388591825962067e-02
3.910026550292968750e-01 -7.816989421844482422e-01 1.518812626600265503e-01 4.980500042438507080e-02 2.068767249584197998e-01
-7.927567362785339355e-01 -1.122593060135841370e-01 2.904620170593261719e-01 8.274601772427558899e-03 4.808267951011657715e-01
1.262037754058837891e-01 1.572751998901367188e+00 1.503790318965911865e-01 1.167969629168510437e-01 -6.211537122726440430e-01
-1.685250848531723022e-01 3.782968819141387939e-01 -1.731972545385360718e-01 8.969352245330810547e-01 9.504497051239013672e-02
-5.983475446701049805e-01 -3.225779235363006592e-01 4.832940697669982910e-01 1.084516525268554688e+00 1.723061203956604004e-01
-4.237697124481201172e-01 2.309151589870452881e-01 6.212105751037597656e-01 1.114783644676208496e+00 2.462573647499084473e-01
-6.019327044486999512e-01 -1.121697902679443359e+00 -9.584572315216064453e-01 9.361725449562072754e-01 1.363797307014465332e+00
-6.148798465728759766e-01 7.498104572296142578e-01 8.500912785530090332e-01 6.773676872253417969e-01 -5.607118010520935059e-01
1.650226235389709473e+00 8.006532788276672363e-01 -1.204957604408264160e+00 -6.947127580642700195e-01 8.502455949783325195e-01
9.221595525741577148e-01 6.076416000723838806e-03 1.419767737388610840e+00 -7.956082224845886230e-01 3.697469532489776611e-01
6.467881798744201660e-01 -6.248027682304382324e-01 1.357371211051940918e-01 -1.144498586654663086e+00 -7.641426920890808105e-01
-6.448801755905151367e-01 -1.441014647483825684e+00 -1.015681982040405273e+00 1.013330578804016113e+00 1.315359234809875488e+00
-5.971724390983581543e-01 -1.147867441177368164e+00 -9.630489945411682129e-01 9.522070288658142090e-01 1.356416344642639160e+00
-1.197174564003944397e-01 7.663788199424743652e-01 9.179210662841796875e-02 -8.086360692977905273e-01 -2.183705717325210571e-01
6.412779092788696289e-01 -1.197996363043785095e-01 2.625953555107116699e-01 -7.210378646850585938e-01 1.014838218688964844e+00
-1.133222460746765137e+00 -5.591400265693664551e-01 -1.062153577804565430e+00 -4.729557633399963379e-01 2.422346323728561401e-01
-3.725749850273132324e-01 -5.203095078468322754e-01 6.853965520858764648e-01 1.430169582366943359e+00 -4.721084535121917725e-01
-7.765859365463256836e-01 2.373317778110504150e-01 9.494333863258361816e-01 7.752079963684082031e-01 -1.211674138903617859e-01
-6.944971680641174316e-01 -7.938445210456848145e-01 6.827808022499084473e-01 1.179774641990661621e+00 -4.512071907520294189e-01
-8.379554748535156250e-01 -2.188901007175445557e-01 2.866489291191101074e-01 6.103753447532653809e-01 5.461446642875671387e-01
2.390362322330474854e-01 7.847171425819396973e-01 -1.718176901340484619e-01 1.008242011070251465e+00 5.391401052474975586e-01
-3.288848102092742920e-01 1.166403174400329590e+00 6.566644310951232910e-01 1.418599963188171387e+00 -2.442132495343685150e-02
-2.270863950252532959e-01 -1.018218398094177246e+00 -1.664164900779724121e+00 2.868983149528503418e-01 -7.493358850479125977e-02
-5.768823027610778809e-01 1.426066875457763672e+00 9.481768012046813965e-01 3.709096312522888184e-01 -1.452946811914443970e-01
-6.748851537704467773e-01 2.623123526573181152e-01 4.033989310264587402e-01 5.884841084480285645e-01 -2.082557678222656250e-01
1.012980222702026367e+00 -1.030527234077453613e+00 -3.180579245090484619e-01 -7.108996808528900146e-02 -1.017274737358093262e+00
2.550005912780761719e-02 1.191280931234359741e-01 5.513417124748229980e-01 7.333590984344482422e-01 2.797363698482513428e-01
5.365674197673797607e-02 1.277851700782775879e+00 -4.575646519660949707e-01 2.197690010070800781e-01 4.032779932022094727e-01
-6.936965584754943848e-01 -4.425090253353118896e-01 -1.632655560970306396e-01 7.304402589797973633e-01 2.603709995746612549e-01
-4.715771675109863281e-01 1.044481396675109863e+00 2.172856330871582031e-01 -1.844657063484191895e-01 -6.534404158592224121e-01
1.218044281005859375e+00 6.038254499435424805e-01 -1.404420495033264160e+00 7.942404150962829590e-01 -1.131906747817993164e+00
-5.385621190071105957e-01 -9.569321572780609131e-02 1.120870232582092285e+00 1.363661527633666992e+00 -5.108345150947570801e-01
-8.740773797035217285e-01 -4.384428262710571289e-01 6.458978056907653809e-01 8.014539480209350586e-01 -4.520728290081024170e-01
-4.042578637599945068e-01 4.445664584636688232e-01 1.095414161682128906e-01 5.553098320960998535e-01 -2.982455193996429443e-01
-5.897965431213378906e-01 -8.164963722229003906e-01 -1.827534675598144531e+00 -1.086778379976749420e-02 4.864443838596343994e-01
-2.419704385101795197e-02 7.841790318489074707e-01 9.087451547384262085e-02 1.043889284133911133e+00 5.156224966049194336e-01
1.985405012965202332e-02 4.678816795349121094e-01 -6.975141912698745728e-02 9.590713977813720703e-01 4.863338544964790344e-02
1.160931587219238281e+00 -8.710531592369079590e-01 8.635271787643432617e-01 4.697265326976776123e-01 6.292797625064849854e-02
1.069470643997192383e+00 4.683988988399505615e-01 -1.256645619869232178e-01 -1.396312832832336426e+00 3.431434184312820435e-02
-4.110074639320373535e-01 4.532713890075683594e-01 -2.373063117265701294e-01 6.204078197479248047e-01 2.815412878990173340e-01
-2.121171057224273682e-01 6.161429286003112793e-01 1.948591321706771851e-01 9.305334091186523438e-01 4.145089387893676758e-01
-1.255982279777526855e+00 1.340537071228027344e+00 7.934026718139648438e-01 -2.046197056770324707e-01 9.413003325462341309e-01
1.060493946075439453e+00 7.947995662689208984e-01 -6.291487067937850952e-02 2.109133005142211914e+00 5.217112973332405090e-02
-4.685343801975250244e-01 -4.483766555786132812e-01 1.404367804527282715e+00 5.368966609239578247e-02 3.745627999305725098e-01
-6.299611926078796387e-01 1.083441734313964844e+00 9.042164683341979980e-01 8.219878077507019043e-01 2.163364887237548828e-01
4.899784326553344727e-01 -1.680688142776489258e+00 -1.030878305435180664e+00 -6.772984862327575684e-01 -6.015008091926574707e-01
-3.063685819506645203e-02 8.358569741249084473e-01 -8.998542428016662598e-01 -6.628929972648620605e-01 -8.545629382133483887e-01
-4.729438573122024536e-02 6.220384035259485245e-03 -1.329676151275634766e+00 -7.673127651214599609e-01 3.850251138210296631e-01
-1.137516140937805176e+00 6.335865855216979980e-01 1.591676473617553711e-01 -3.206713199615478516e-01 3.022882640361785889e-01
2.615599930286407471e-01 3.638208806514739990e-01 6.290678977966308594e-01 -8.099973201751708984e-01 -1.034996986389160156e+00
-3.993676304817199707e-01 1.279231429100036621e+00 -4.570836126804351807e-01 2.357940524816513062e-01 -1.320874691009521484e-01
1.005769848823547363e+00 3.449352085590362549e-01 1.045090556144714355e+00 -2.352866977453231812e-01 -1.341556072235107422e+00
-1.526534706354141235e-01 1.061127558350563049e-01 -5.525463223457336426e-01 9.838245511054992676e-01 2.533840537071228027e-01
-1.532022505998611450e-01 1.084184348583221436e-01 -5.516182184219360352e-01 9.866646528244018555e-01 2.532588839530944824e-01
-1.509876847267150879e-01 1.045301035046577454e-01 -5.495989322662353516e-01 9.851300716400146484e-01 2.519476115703582764e-01
-1.628874689340591431e-01 4.734505712985992432e-01 -5.460219383239746094e-01 8.288106918334960938e-01 3.336065709590911865e-01
-1.674725264310836792e-01 4.779299795627593994e-01 -5.443341732025146484e-01 8.245225548744201660e-01 3.366494774818420410e-01
-1.786361187696456909e-01 2.029999494552612305e-01 -3.950561881065368652e-01 1.078716397285461426e+00 3.643710017204284668e-01
-1.079509556293487549e-01 5.668448209762573242e-01 -5.609101057052612305e-01 8.551926612854003906e-01 4.608890116214752197e-01
1.123411655426025391e-01 -7.216235250234603882e-02 -9.045791625976562500e-01 1.064516663551330566e+00 2.720293998718261719e-01
-1.383898872882127762e-02 5.508965849876403809e-01 -8.979976773262023926e-01 6.244367957115173340e-01 5.261161923408508301e-01
-5.931439995765686035e-01 -1.276930093765258789e+00 -1.284539699554443359e+00 5.312004685401916504e-01 -4.104770720005035400e-01
1.190240308642387390e-01 1.158203959465026855e+00 1.825405806303024292e-01 8.229602575302124023e-01 -7.333655953407287598e-01
-6.739227175712585449e-01 1.051452159881591797e+00 5.153944343328475952e-02 5.864948630332946777e-01 1.188075661659240723e+00
-6.177631020545959473e-01 1.193006262183189392e-01 2.524228692054748535e-01 1.251500248908996582e+00 6.927339434623718262e-01
-5.680517554283142090e-01 1.228587031364440918e+00 -9.132596254348754883e-01 3.505208063870668411e-03 1.131343007087707520e+00
-3.242693245410919189e-01 9.241848587989807129e-01 -8.960561156272888184e-01 4.778443574905395508e-01 9.509860277175903320e-01
-1.183418750762939453e+00 9.298570752143859863e-01 5.562862753868103027e-01 9.038422107696533203e-01 1.440282702445983887e+00
-1.030861616134643555e+00 2.818686366081237793e-01 5.692374706268310547e-01 1.504668235778808594e+00 1.254178762435913086e+00
-1.713035851716995239e-01 2.757954001426696777e-01 -3.043275773525238037e-01 8.755454421043395996e-01 2.856124565005302429e-02
-7.890629768371582031e-01 -1.266037106513977051e+00 -2.402301430702209473e-01 9.732505083084106445e-01 -2.326101809740066528e-01
-3.916259109973907471e-01 1.162481665611267090e+00 -7.579470872879028320e-01 1.017666935920715332e+00 1.391852021217346191e+00
-5.671361088752746582e-01 1.092910408973693848e+00 -1.971780508756637573e-01 1.058545708656311035e+00 9.707580208778381348e-01
1.909100711345672607e-01 8.985408544540405273e-01 -6.316924095153808594e-01 1.661871552467346191e+00 4.928311705589294434e-01
4.545698463916778564e-01 5.474513173103332520e-01 3.448562324047088623e-01 1.809438109397888184e+00 -4.940700531005859375e-01
4.738324284553527832e-01 5.451157689094543457e-01 3.349959254264831543e-01 1.820815563201904297e+00 -5.110849142074584961e-01
-5.283050537109375000e-01 7.713084220886230469e-01 3.055432438850402832e-01 4.155622124671936035e-01 -1.645949184894561768e-01
-2.304587811231613159e-01 -8.101723194122314453e-01 -1.365346193313598633e+00 4.871158301830291748e-01 4.105025902390480042e-02
-4.955281615257263184e-01 -5.729483962059020996e-01 -2.183096110820770264e-01 8.581096529960632324e-01 1.004805043339729309e-01
-8.745819330215454102e-01 -3.525016903877258301e-01 -1.290900558233261108e-01 3.771047592163085938e-01 3.102719783782958984e-01
-1.490088582038879395e+00 -1.865973770618438721e-01 -2.271470129489898682e-01 -5.083162188529968262e-01 -6.255322098731994629e-01
-5.859140157699584961e-01 6.610847711563110352e-01 -6.706826090812683105e-01 -1.221599340438842773e+00 -5.624824762344360352e-01
-5.028737187385559082e-01 -2.084283530712127686e-01 -6.921473145484924316e-01 -3.906115591526031494e-01 -5.678500533103942871e-01
-1.328534841537475586e+00 -4.115135967731475830e-01 -1.096435338258743286e-01 -1.165632680058479309e-01 -5.973721742630004883e-01
6.190070882439613342e-02 5.499877929687500000e-01 -1.011764883995056152e+00 8.729616999626159668e-01 2.361212223768234253e-01
-1.880964189767837524e-01 2.590898275375366211e-01 -5.600749254226684570e-01 1.012140870094299316e+00 5.516617372632026672e-02
-6.318232417106628418e-01 4.476825594902038574e-01 -9.448638558387756348e-01 3.592357933521270752e-01 3.820863962173461914e-01
-8.498045802116394043e-01 1.504398703575134277e+00 1.033021435141563416e-01 2.716349661350250244e-01 5.166788697242736816e-01
-1.538401603698730469e+00 1.072669476270675659e-01 4.745996296405792236e-01 1.364499181509017944e-01 5.559528991580009460e-02
1.244989037513732910e+00 1.576536297798156738e+00 -6.112817525863647461e-01 1.853403925895690918e+00 -9.586192667484283447e-02
5.101868137717247009e-02 -4.517514705657958984e-01 6.419678330421447754e-01 1.605792403221130371e+00 -9.746615886688232422e-01
-5.434940457344055176e-01 -6.598877310752868652e-01 1.959817856550216675e-01 6.922248005867004395e-01 -8.041039705276489258e-01
6.893827319145202637e-01 1.978188991546630859e+00 -2.095145463943481445e+00 9.741307795047760010e-02 1.154049396514892578e+00
7.942027449607849121e-01 2.021586656570434570e+00 -2.027807474136352539e+00 2.421245872974395752e-01 1.109503269195556641e+00
-8.003789186477661133e-01 -1.617611765861511230e+00 -9.815352559089660645e-01 -2.869147062301635742e-01 -6.574259996414184570e-01
-6.815459132194519043e-01 -1.096647500991821289e+00 -7.766085267066955566e-01 -2.858504056930541992e-01 -5.689490437507629395e-01
-5.020145177841186523e-01 -5.041026473045349121e-01 -4.931562393903732300e-02 9.799235463142395020e-01 -2.292466759681701660e-01
-4.748748838901519775e-01 -2.703624069690704346e-01 -2.481332980096340179e-02 8.962841629981994629e-01 -1.683242172002792358e-01
-1.683900654315948486e-01 -1.253728747367858887e+00 -6.986947059631347656e-01 1.806142210960388184e+00 -7.561554759740829468e-02
-2.201187908649444580e-01 1.595847457647323608e-01 -2.250642776489257812e-01 1.322444796562194824e+00 2.590059936046600342e-01
-1.206949502229690552e-01 6.456771492958068848e-02 -3.913916051387786865e-01 1.305210471153259277e+00 3.387391269207000732e-01
-2.476734369993209839e-01 7.835768908262252808e-02 -3.056114614009857178e-01 1.296256899833679199e+00 4.163583219051361084e-01
3.792957365512847900e-01 2.352478355169296265e-01 -1.219015359878540039e+00 9.188501834869384766e-01 3.647373318672180176e-01
-3.195955604314804077e-02 8.732043504714965820e-01 1.305332593619823456e-02 1.175401329994201660e+00 2.443584650754928589e-01
-6.576748937368392944e-02 8.282577395439147949e-01 2.845074795186519623e-02 1.168322443962097168e+00 2.528185844421386719e-01
3.377035558223724365e-01 1.109943240880966187e-01 -2.057461440563201904e-01 1.585195660591125488e+00 -3.386416435241699219e-01
-1.089983507990837097e-01 5.678141023963689804e-03 1.996134668588638306e-01 1.391308546066284180e+00 -3.096797764301300049e-01
-7.293527126312255859e-01 3.673628568649291992e-01 -7.464005947113037109e-01 -6.385133862495422363e-01 4.171496331691741943e-01
6.654040813446044922e-01 3.712119162082672119e-01 -1.444589972496032715e+00 5.182682871818542480e-01 4.683521110564470291e-03
-3.346782326698303223e-01 1.194631695747375488e+00 2.066073864698410034e-01 5.424324870109558105e-01 9.529798626899719238e-01
-1.799455881118774414e+00 2.067225426435470581e-01 6.190704703330993652e-01 -2.357096672058105469e-01 1.171679258346557617e+00
-2.648756504058837891e-01 -2.441772967576980591e-01 -1.912615746259689331e-01 1.130883097648620605e+00 -5.934918671846389771e-02
-2.608597874641418457e-01 2.074350416660308838e-01 -4.529912769794464111e-01 7.835611104965209961e-01 7.180545926094055176e-01
-2.247852385044097900e-01 -1.094265699386596680e+00 -5.932078361511230469e-01 1.437206625938415527e+00 3.481844961643218994e-01
-4.768585562705993652e-01 6.076378822326660156e-01 -1.025842949748039246e-01 5.654351115226745605e-01 8.205410242080688477e-01
-1.021048545837402344e+00 2.045987993478775024e-01 7.852601408958435059e-01 5.200402066111564636e-02 1.987284719944000244e-01
-2.035356611013412476e-01 -6.562674790620803833e-02 -4.242425560951232910e-01 7.506786584854125977e-01 9.971956610679626465e-01
1.021883357316255569e-02 -2.674188017845153809e-01 -4.013983607292175293e-01 9.953448772430419922e-01 -7.470927238464355469e-01
-8.253555297851562500e-01 -6.195655465126037598e-01 9.019745588302612305e-01 1.132416486740112305e+00 -2.393574565649032593e-01
-4.724060893058776855e-01 -1.823783218860626221e-01 -5.168161988258361816e-01 4.427210688591003418e-01 3.879590332508087158e-01
-2.966712713241577148e-01 -5.818765163421630859e-01 -9.296339154243469238e-01 5.919173359870910645e-01 2.978560328483581543e-01
-3.562764525413513184e-01 -6.853483319282531738e-01 1.078464910387992859e-01 1.281170845031738281e+00 1.419779844582080841e-02
4.617997705936431885e-01 -1.547047257423400879e+00 6.709597110748291016e-01 1.522997170686721802e-01 -1.720192193984985352e+00
-2.747726440429687500e-01 -2.828221768140792847e-02 -2.017225474119186401e-01 1.009439349174499512e+00 -1.502057909965515137e-01
-2.205516844987869263e-01 1.458802521228790283e-01 2.264928370714187622e-01 1.130002856254577637e+00 -3.610122203826904297e-01
-1.060610294342041016e+00 5.186424776911735535e-02 3.953516483306884766e-01 2.949550151824951172e-01 -1.267739385366439819e-01
-2.932192757725715637e-02 8.680297136306762695e-01 6.601340174674987793e-01 -6.536517739295959473e-01 -1.014079451560974121e-01
-7.678776383399963379e-01 -5.267613530158996582e-01 2.619880139827728271e-01 -5.251915752887725830e-02 -3.869304955005645752e-01
-1.843732316046953201e-03 6.378231644630432129e-01 2.718797028064727783e-01 2.655016779899597168e-01 6.537085175514221191e-01
-1.115980625152587891e+00 7.625380158424377441e-01 2.634969651699066162e-01 1.013809889554977417e-01 9.598210453987121582e-01
-6.228285431861877441e-01 5.094221234321594238e-01 3.245157375931739807e-02 4.564658701419830322e-01 2.036853581666946411e-01
-4.773861765861511230e-01 2.260107733309268951e-02 -2.801022529602050781e-01 6.620622277259826660e-01 8.310379087924957275e-02
1.404497474431991577e-01 -3.161149322986602783e-01 -4.157232344150543213e-01 1.427838683128356934e+00 -6.175727248191833496e-01
-4.059602022171020508e-01 -9.356712102890014648e-01 -5.025430917739868164e-01 -1.673890352249145508e-01 5.903674364089965820e-01
-2.161241918802261353e-01 -9.068611264228820801e-01 -1.378760784864425659e-01 6.988340616226196289e-01 -1.052992045879364014e-01
-2.511120140552520752e-01 -3.123874068260192871e-01 -8.822754025459289551e-02 5.902014374732971191e-01 -4.087534844875335693e-01
3.547693192958831787e-01 -2.699662148952484131e-01 1.603727787733078003e-01 5.067782998085021973e-01 2.240135669708251953e-01
9.492408037185668945e-01 1.126041337847709656e-01 -8.654425740242004395e-01 -8.694679141044616699e-01 -1.082393825054168701e-01
6.049346923828125000e-01 2.004785230383276939e-03 -1.733850955963134766e+00 -2.184574306011199951e-01 7.051781564950942993e-02
-1.114597320556640625e+00 5.453963875770568848e-01 -1.254787921905517578e+00 1.174387037754058838e-01 -1.699413537979125977e+00
-3.359666466712951660e-02 -2.704062461853027344e+00 -2.648412287235260010e-01 2.701445817947387695e+00 -7.369993329048156738e-01
-9.638320803642272949e-01 1.570235192775726318e-01 -5.075598955154418945e-01 4.620267450809478760e-01 1.096856117248535156e+00
-6.744912862777709961e-01 1.674033328890800476e-02 -9.000311493873596191e-01 5.011717677116394043e-01 6.021175980567932129e-01
-1.206019997596740723e+00 3.353909552097320557e-01 -3.162995353341102600e-02 1.909715682268142700e-01 2.941118180751800537e-01
-1.118525028228759766e+00 -6.383840441703796387e-01 -2.693914175033569336e-01 9.623565673828125000e-01 8.569952845573425293e-01
-8.695323467254638672e-01 -5.455194115638732910e-01 -7.743566632270812988e-01 8.814915269613265991e-02 -5.896007418632507324e-01
1.103710770606994629e+00 -7.627587765455245972e-02 -1.040360569953918457e+00 -9.654176831245422363e-01 -5.387843251228332520e-01
-1.036015897989273071e-01 -3.175397157669067383e+00 -2.818523347377777100e-01 2.790415048599243164e+00 -9.213166236877441406e-01
1.434521794319152832e+00 5.106442570686340332e-01 1.622553616762161255e-01 6.597454547882080078e-01 1.430977106094360352e+00
-9.472139477729797363e-01 1.837443828582763672e+00 -1.800668835639953613e+00 -5.074695944786071777e-01 1.174612879753112793e+00
8.559072017669677734e-01 1.666158318519592285e+00 -1.784607768058776855e-01 1.809024810791015625e+00 1.206970930099487305e+00
-8.529208898544311523e-01 8.460523486137390137e-01 -8.322193622589111328e-01 -5.077320933341979980e-01 -1.122740268707275391e+00
-3.460879027843475342e-01 -2.647624969482421875e+00 -3.436997532844543457e-01 2.124970912933349609e+00 -7.319130301475524902e-01
-4.196405708789825439e-01 -3.098778486251831055e+00 -3.904912173748016357e-01 2.236307382583618164e+00 -8.514694571495056152e-01
7.503941059112548828e-01 -1.089628815650939941e+00 -8.415051549673080444e-02 -1.889868676662445068e-01 1.192584276199340820e+00
-9.377189911901950836e-03 5.020856484770774841e-02 5.901788473129272461e-01 -5.493471026420593262e-01 1.102556064724922180e-01
-4.064388871192932129e-01 -1.394217848777770996e+00 -2.341479957103729248e-01 1.489201903343200684e+00 -9.235087037086486816e-02
-2.945902943611145020e-01 -1.463884353637695312e+00 -1.646846532821655273e-01 1.705847620964050293e+00 -1.818317323923110962e-01
-6.050209403038024902e-01 -2.513329684734344482e-01 -4.713398516178131104e-01 1.352041721343994141e+00 3.145397305488586426e-01
-3.727910816669464111e-01 -9.310234189033508301e-01 4.085481762886047363e-01 4.747758507728576660e-01 8.124796301126480103e-02
-1.983563452959060669e-01 2.295426838099956512e-02 -6.048947572708129883e-01 7.835631370544433594e-01 4.481392204761505127e-01
-1.914992928504943848e-01 1.762643307447433472e-01 -5.844364762306213379e-01 7.233226299285888672e-01 4.803928434848785400e-01
-9.039019346237182617e-01 -6.403164863586425781e-01 -4.705002307891845703e-01 1.466706395149230957e-01 3.580246567726135254e-01
-1.135748103260993958e-01 3.243083879351615906e-02 -2.333839535713195801e-01 8.699884414672851562e-01 1.651528030633926392e-01
-1.159647345542907715e+00 -1.711504578590393066e+00 3.523694276809692383e-01 4.793463647365570068e-01 -8.168730735778808594e-01
-4.767933189868927002e-01 1.339640378952026367e+00 -6.704902648925781250e-01 4.295741617679595947e-01 2.434248685836791992e+00
-4.524260014295578003e-02 9.525262564420700073e-02 -7.568429708480834961e-01 9.355903863906860352e-01 7.385441064834594727e-01
-1.749972105026245117e-01 -4.783521294593811035e-01 -9.477754831314086914e-01 9.549735188484191895e-01 6.770674586296081543e-01
-4.897351861000061035e-01 1.312826275825500488e-01 -4.398016035556793213e-01 4.966833591461181641e-01 4.201265275478363037e-01
-4.525888264179229736e-01 -3.702006861567497253e-02 -3.371779620647430420e-01 6.948979496955871582e-01 3.322947025299072266e-01
-1.364656805992126465e+00 -5.029786825180053711e-01 -3.885127007961273193e-01 9.426277279853820801e-01 9.540865421295166016e-01
-5.195519328117370605e-01 2.139252424240112305e+00 7.051789015531539917e-02 2.344899810850620270e-02 5.696524977684020996e-01
3.545832633972167969e-01 -2.028364241123199463e-01 -5.469098687171936035e-01 1.247150421142578125e+00 -6.352082639932632446e-02
2.894196510314941406e-01 -8.734678030014038086e-01 -7.217784523963928223e-01 1.398982286453247070e+00 -1.891721785068511963e-01
-3.336499929428100586e-01 -1.220161557197570801e+00 -1.735313057899475098e+00 7.750996947288513184e-01 -1.024362221360206604e-01
-1.200148940086364746e+00 8.388863205909729004e-01 -5.846812129020690918e-01 -9.929360747337341309e-01 1.524467945098876953e+00
3.058251440525054932e-01 6.969503164291381836e-01 4.703950583934783936e-01 1.038354396820068359e+00 -6.281074881553649902e-02
7.745764255523681641e-01 8.756402134895324707e-01 -1.418193578720092773e+00 3.847107887268066406e-01 7.675086259841918945e-01
3.647260367870330811e-01 1.528576493263244629e+00 -2.307437360286712646e-01 7.191422581672668457e-01 1.808792203664779663e-01
-2.015569806098937988e-01 6.075615882873535156e-01 4.049442410469055176e-01 1.046858549118041992e+00 1.904704794287681580e-02
-1.510566473007202148e-01 5.547470971941947937e-02 1.327054977416992188e+00 1.113185763359069824e+00 -1.964522719383239746e+00
2.858545631170272827e-02 6.017425656318664551e-01 1.144587516784667969e+00 9.623137116432189941e-01 -1.832214474678039551e+00
-7.881979644298553467e-02 -1.664556711912155151e-01 -5.827916860580444336e-01 -8.391346931457519531e-01 1.507826209068298340e+00
2.122846394777297974e-01 -3.203465044498443604e-01 4.814492762088775635e-01 -1.689231276512145996e+00 1.337494134902954102e+00
1.229442954063415527e+00 -1.992769725620746613e-02 -1.075365543365478516e+00 -4.671099483966827393e-01 -7.647156715393066406e-01
1.959023624658584595e-01 1.541083097457885742e+00 9.755922555923461914e-01 7.613043189048767090e-01 -1.321815967559814453e+00
2.270558774471282959e-01 -3.663849458098411560e-02 4.174963235855102539e-01 1.131034612655639648e+00 -1.529222369194030762e+00
3.044723868370056152e-01 3.029609024524688721e-01 6.215595081448554993e-02 6.388889551162719727e-01 -1.609002947807312012e+00
-6.420036405324935913e-02 1.014773726463317871e+00 -1.126406192779541016e+00 -9.309082627296447754e-01 1.673449575901031494e-01
3.426418900489807129e-01 1.589493632316589355e+00 1.254193425178527832e+00 1.075491189956665039e+00 -1.509413957595825195e+00
5.370585322380065918e-01 2.011443078517913818e-01 1.255643367767333984e+00 1.765953898429870605e+00 -2.372771978378295898e+00
9.425945281982421875e-01 1.484450817108154297e+00 -2.044629752635955811e-01 1.002169966697692871e+00 -1.300713419914245605e+00
4.463522136211395264e-01 1.262720584869384766e+00 4.427592158317565918e-01 6.846913099288940430e-01 -1.900817751884460449e+00
2.414343953132629395e-01 4.471736848354339600e-01 2.219346612691879272e-01 1.577139645814895630e-01 -1.630413532257080078e-01
-4.552524089813232422e-01 4.354046285152435303e-01 6.566247344017028809e-02 1.608977913856506348e+00 -1.043004766106605530e-01
7.154700160026550293e-01 -9.932325482368469238e-01 -1.137863397598266602e+00 2.511748969554901123e-01 -4.218078851699829102e-01
-3.704021573066711426e-01 -9.799602627754211426e-01 1.431252658367156982e-01 4.517649412155151367e-01 -1.381570100784301758e-01
2.855590581893920898e-01 -4.124411940574645996e-01 -3.642850816249847412e-01 -2.540776252746582031e+00 6.464779376983642578e-01
1.258593797683715820e+00 1.689501166343688965e+00 -1.007936477661132812e+00 4.939645528793334961e-01 -5.235272049903869629e-01
1.986280232667922974e-01 -1.827996373176574707e-01 4.000810980796813965e-01 -2.516035139560699463e-01 1.883777529001235962e-01
2.552902698516845703e-01 -9.240342974662780762e-01 2.603326439857482910e-01 -9.505046606063842773e-01 1.160272117704153061e-02
6.925045847892761230e-01 -4.609156548976898193e-01 -3.058913350105285645e-01 -2.366917729377746582e-01 4.106116592884063721e-01
-1.818611145019531250e+00 -1.954319000244140625e+00 -1.237598806619644165e-01 -1.890664100646972656e-01 -6.031700968742370605e-01
2.128432512283325195e+00 -1.024929642677307129e+00 -6.812669336795806885e-02 1.641262769699096680e-01 2.200109213590621948e-01
1.083483338356018066e+00 -5.048592090606689453e-01 6.807576417922973633e-01 1.361860513687133789e+00 1.795145273208618164e-01
8.152378797531127930e-01 -1.078667044639587402e+00 -3.089251816272735596e-01 -5.453561544418334961e-01 -1.365345239639282227e+00
-1.085546374320983887e+00 -7.117748260498046875e-01 1.263728380203247070e+00 -4.206780493259429932e-01 -6.147720217704772949e-01
5.025073289871215820e-01 -2.578482925891876221e-01 3.018753528594970703e-01 -7.200908660888671875e-01 -5.934833884239196777e-01
-8.905743807554244995e-02 -1.090260744094848633e-01 1.019773125648498535e+00 1.371675610542297363e+00 2.468261122703552246e-01
5.429512858390808105e-01 -3.233635425567626953e-01 3.810045076534152031e-03 2.164415359497070312e+00 -2.373326718807220459e-01
-1.346218734979629517e-01 2.359690815210342407e-01 -9.265817999839782715e-01 -4.148334860801696777e-01 -8.692105412483215332e-01
-6.909133195877075195e-01 -2.421291470527648926e-01 2.942554652690887451e-01 7.315582633018493652e-01 8.483517915010452271e-02
-4.037581086158752441e-01 3.527833223342895508e-01 -2.815746366977691650e-01 1.063891500234603882e-01 -3.009937405586242676e-01
2.833016812801361084e-01 -1.746218353509902954e-01 -6.888623237609863281e-01 5.145547166466712952e-02 -1.597937941551208496e+00
-9.644533991813659668e-01 -1.474484562873840332e+00 -1.584208488464355469e+00 -6.369399428367614746e-01 3.764971196651458740e-01
-1.780594736337661743e-01 7.992270588874816895e-01 -8.019222877919673920e-03 -6.104755997657775879e-01 -1.057308673858642578e+00
-1.128690391778945923e-01 6.260108947753906250e-02 1.590193957090377808e-01 -2.143783718347549438e-01 5.792961120605468750e-01
-3.552698791027069092e-01 4.979343116283416748e-01 4.452282190322875977e-01 1.021778821945190430e+00 1.674285829067230225e-01
-3.694895803928375244e-01 5.332386493682861328e-01 4.495202004909515381e-01 9.906193017959594727e-01 1.802452653646469116e-01
5.635321140289306641e-01 9.904029965400695801e-01 -2.480412125587463379e-01 1.116380095481872559e+00 -4.290109574794769287e-01
-4.711885452270507812e-01 4.899907112121582031e-01 -1.845192015171051025e-01 4.162228107452392578e-01 2.136109918355941772e-01
7.394804358482360840e-01 -6.149603128433227539e-01 -2.686722576618194580e-01 1.105887651443481445e+00 6.415060162544250488e-02
8.821249008178710938e-01 7.285504937171936035e-01 -1.018960028886795044e-01 1.822791576385498047e+00 -7.041759490966796875e-01
-1.896361410617828369e-01 7.018390297889709473e-01 -1.904418468475341797e+00 -4.517209827899932861e-01 -5.768681764602661133e-01
-1.816087067127227783e-01 1.532310724258422852e+00 -2.548084259033203125e-01 -1.201126575469970703e+00 1.134325504302978516e+00
-1.498908281326293945e+00 2.198226936161518097e-02 -2.286526411771774292e-01 -1.073749214410781860e-01 -3.320354819297790527e-01
4.213788211345672607e-01 1.008678078651428223e+00 -1.510826349258422852e-01 9.789775609970092773e-01 -4.058297872543334961e-01
-1.090385794639587402e+00 5.700134634971618652e-01 -2.250610738992691040e-01 -6.682321429252624512e-01 -1.627604216337203979e-01
-5.276685357093811035e-01 1.470828205347061157e-01 1.526957098394632339e-02 6.746106743812561035e-01 5.307290554046630859e-01
1.305079907178878784e-01 2.345704883337020874e-01 1.490612477064132690e-01 1.103505134582519531e+00 -6.278380155563354492e-01
-5.415834188461303711e-01 8.421756029129028320e-01 1.374553918838500977e+00 1.010708928108215332e+00 -2.814386785030364990e-01
-1.261607557535171509e-01 1.397883176803588867e+00 4.685224965214729309e-02 3.333446085453033447e-01 2.015218436717987061e-01
1.215412139892578125e+00 3.435543477535247803e-01 6.766453981399536133e-01 7.966403365135192871e-01 1.827901363372802734e+00
4.233970344066619873e-01 2.327507972717285156e+00 -1.609210073947906494e-01 -5.560105443000793457e-01 -8.280280232429504395e-01
2.810635268688201904e-01 -7.021457552909851074e-01 -6.864049285650253296e-02 1.227601885795593262e+00 -9.545662403106689453e-01
3.795758485794067383e-01 6.320220232009887695e-01 -3.984419107437133789e-01 9.644631147384643555e-01 -4.308918118476867676e-01
-9.082261472940444946e-02 2.557536065578460693e-01 9.169930592179298401e-03 9.119402766227722168e-01 -1.583371460437774658e-01
-2.410100549459457397e-01 9.851799011230468750e-01 -4.736784696578979492e-01 6.616449356079101562e-01 1.215212583541870117e+00
-1.676443070173263550e-01 7.142115235328674316e-01 5.064748525619506836e-01 6.262660622596740723e-01 -1.289306282997131348e+00
3.985786437988281250e-01 3.240723609924316406e-01 4.097675085067749023e-01 5.538102984428405762e-01 -3.191649913787841797e-01
-3.189211487770080566e-01 1.141469001770019531e+00 3.630837202072143555e-01 5.780018568038940430e-01 2.698381543159484863e-01
-9.534326791763305664e-01 1.146397233009338379e+00 5.748848915100097656e-01 -1.626382023096084595e-01 8.049260079860687256e-02
-8.079207688570022583e-02 1.434569120407104492e+00 3.595680370926856995e-02 4.593240320682525635e-01 3.072036504745483398e-01
-4.359135925769805908e-01 1.074651956558227539e+00 -9.460344314575195312e-01 -4.480710029602050781e-01 1.902547776699066162e-01
-5.064467787742614746e-01 1.606020033359527588e-01 6.056749224662780762e-01 1.345963329076766968e-01 -2.239886075258255005e-01
-2.962552905082702637e-01 6.296570301055908203e-01 8.379268050193786621e-01 9.431986808776855469e-01 9.614967107772827148e-01
7.151147723197937012e-01 1.293649435043334961e+00 2.061144113540649414e+00 1.272956430912017822e-01 -3.402555882930755615e-01
-8.928903341293334961e-01 -9.920701384544372559e-01 1.803623437881469727e-01 1.611782193183898926e+00 1.606746315956115723e-01
1.414325684309005737e-01 8.558644652366638184e-01 -9.500851035118103027e-01 2.532054483890533447e-01 -1.906014978885650635e-01
-7.857049107551574707e-01 3.004199564456939697e-01 -2.614937722682952881e-01 -3.330801147967576981e-03 1.651973575353622437e-01
1.988659054040908813e-01 1.338348150253295898e+00 -5.264694690704345703e-01 -3.701460063457489014e-01 -4.965691566467285156e-01
-2.994625270366668701e-01 9.966385364532470703e-01 4.772639572620391846e-01 7.712831497192382812e-01 -2.519570589065551758e-01
7.621874809265136719e-01 4.608304202556610107e-01 -1.052920341491699219e+00 1.384527921676635742e+00 2.120305150747299194e-01
3.530347347259521484e-01 1.663766741752624512e+00 5.259113907814025879e-01 -1.025478728115558624e-02 9.593890309333801270e-01
-2.472473382949829102e-01 -4.122836589813232422e-01 -7.812048196792602539e-01 -1.482806444168090820e+00 -1.083150744438171387e+00
-5.813033580780029297e-01 1.658579945564270020e+00 2.609274983406066895e-01 -1.187166497111320496e-01 5.295173078775405884e-02
2.872892022132873535e-01 5.558969378471374512e-01 -2.642407715320587158e-01 8.570223450660705566e-01 -1.222046136856079102e+00
-1.040503680706024170e-01 7.157273590564727783e-02 -4.726088941097259521e-01 7.005910277366638184e-01 -5.762852430343627930e-01
-5.056438446044921875e-01 5.963806509971618652e-01 8.584681749343872070e-01 2.163849771022796631e-01 3.821565955877304077e-02
-5.916917920112609863e-01 -1.357600092887878418e-01 3.987343609333038330e-01 -1.078969240188598633e+00 -1.801132559776306152e-01
2.143698632717132568e-01 -3.805817663669586182e-01 -5.905178561806678772e-02 7.554128170013427734e-01 -1.190378367900848389e-01
-4.231058955192565918e-01 3.966437578201293945e-01 3.650712370872497559e-01 9.874414801597595215e-01 2.204456180334091187e-01
-3.979272544384002686e-01 3.399848937988281250e-01 3.396762907505035400e-01 1.021271109580993652e+00 1.939003318548202515e-01
-1.064525544643402100e-01 6.700239777565002441e-01 -4.053864479064941406e-01 9.529529809951782227e-01 6.370061635971069336e-01
-6.623866558074951172e-01 -4.149745404720306396e-01 -6.451126653701066971e-03 1.164673805236816406e+00 5.108945369720458984e-01
-3.691312670707702637e-01 2.780906856060028076e-01 -1.215020939707756042e-01 7.014398276805877686e-02 -6.482421159744262695e-01
-6.997088789939880371e-01 -2.254427969455718994e-01 6.126525998115539551e-01 4.150382876396179199e-01 -5.870587825775146484e-01
-5.129398107528686523e-01 1.586279988288879395e+00 -3.629054725170135498e-01 -4.350303709506988525e-01 5.459638833999633789e-01
-1.304250121116638184e+00 -6.144264936447143555e-01 -1.149737462401390076e-02 1.983926594257354736e-01 2.651847600936889648e-01
-4.477506279945373535e-01 2.451781183481216431e-02 4.455402493476867676e-01 1.147929430007934570e+00 -8.258495479822158813e-02
-3.513030409812927246e-01 8.429180085659027100e-02 4.019909203052520752e-01 1.193634748458862305e+00 -8.304323256015777588e-02
-5.125554800033569336e-01 7.176934480667114258e-01 -1.698850691318511963e-01 4.090877175331115723e-01 9.684398770332336426e-01
-1.041155979037284851e-01 3.211058974266052246e-01 -4.169970750808715820e-01 9.535593390464782715e-01 6.588467359542846680e-01
-2.883294820785522461e-01 9.945431351661682129e-01 -3.284188508987426758e-01 -4.206267595291137695e-01 -7.418259233236312866e-02
-1.732363700866699219e+00 3.555168807506561279e-01 -1.418358087539672852e+00 -2.025755405426025391e+00 1.225295782089233398e+00
-9.512789845466613770e-01 -8.216261267662048340e-01 -3.737903386354446411e-02 3.128983676433563232e-01 -7.645942270755767822e-03
-6.476694345474243164e-01 -2.117670059204101562e+00 -2.395837306976318359e-01 9.294399619102478027e-01 -1.313643574714660645e+00
-2.532083392143249512e-01 1.091551661491394043e+00 7.641838788986206055e-01 9.867730736732482910e-01 1.077959761023521423e-01
-5.804359912872314453e-01 -6.092133373022079468e-02 -1.749812841415405273e+00 -7.695949077606201172e-01 -4.453040957450866699e-01
1.278402090072631836e+00 4.362424015998840332e-01 -7.515090703964233398e-01 1.525893807411193848e+00 -2.866195142269134521e-01
1.925657540559768677e-01 -8.170379996299743652e-01 -7.170505523681640625e-01 1.206547975540161133e+00 -3.254355788230895996e-01
1.572793126106262207e-01 -1.088365435600280762e+00 -2.309622168540954590e-01 9.632214903831481934e-01 -1.122454285621643066e+00
3.005653023719787598e-01 9.227486252784729004e-01 3.495750725269317627e-01 1.127785086631774902e+00 -5.401946306228637695e-01
8.228749632835388184e-01 -1.217251420021057129e+00 1.763306140899658203e+00 1.548177838325500488e+00 3.611206114292144775e-01
-1.278990626335144043e+00 -8.496473431587219238e-01 4.034353420138359070e-02 2.253856509923934937e-01 2.280137836933135986e-01
3.598862886428833008e-01 7.603418827056884766e-01 -1.045196652412414551e+00 -4.064837992191314697e-01 -2.460265308618545532e-01
1.041722655296325684e+00 -1.322859168052673340e+00 -8.632587194442749023e-01 4.749196469783782959e-01 6.627330780029296875e-01
6.128739714622497559e-01 1.157911777496337891e+00 6.089845299720764160e-01 1.386035680770874023e+00 -1.433357000350952148e+00
4.809344708919525146e-01 9.176554083824157715e-01 4.548716545104980469e-01 1.235209226608276367e+00 -1.486675739288330078e+00
-5.196109414100646973e-01 -6.215048432350158691e-01 1.121614575386047363e+00 1.720073938369750977e+00 -2.667210698127746582e-01
-3.428938388824462891e-01 -4.624108225107192993e-02 2.469627372920513153e-02 8.855114579200744629e-01 4.140299856662750244e-01
-3.938022628426551819e-02 9.672898650169372559e-01 -3.211763873696327209e-02 5.546734929084777832e-01 1.799160838127136230e-01
-2.622372508049011230e-01 2.050310373306274414e-01 -3.766043186187744141e-01 4.924634397029876709e-01 1.386727392673492432e-01
-9.675984382629394531e-01 7.311242222785949707e-01 1.708174467086791992e+00 9.493621438741683960e-02 6.982250213623046875e-01
-4.834457039833068848e-01 -5.848727822303771973e-01 -8.509796112775802612e-02 1.056181937456130981e-01 6.159051060676574707e-01
-1.069696545600891113e+00 -1.881313443183898926e+00 -6.084592938423156738e-01 -1.531068235635757446e-01 3.806879222393035889e-01
-1.160352081060409546e-01 -1.950932145118713379e-01 4.467396438121795654e-01 1.004548430442810059e+00 1.822647899389266968e-01
-6.857094168663024902e-01 -8.740616589784622192e-02 2.857409119606018066e-01 -4.638662636280059814e-01 9.511297345161437988e-01
7.159489989280700684e-01 3.329467475414276123e-01 -1.670748233795166016e+00 5.005825757980346680e-01 2.324549436569213867e+00
-6.253526210784912109e-01 4.257089495658874512e-01 -6.136459112167358398e-01 -2.499666959047317505e-01 4.185424745082855225e-01
1.054625153541564941e+00 6.467601656913757324e-01 -9.096627831459045410e-01 1.205973386764526367e+00 -1.553578227758407593e-01
7.715076804161071777e-01 -1.277146577835083008e+00 -1.511934757232666016e+00 7.067603468894958496e-01 -2.598394155502319336e-01
1.013428330421447754e+00 4.058071598410606384e-02 -4.360146224498748779e-01 6.078622937202453613e-01 -9.019819498062133789e-01
1.888662278652191162e-01 1.419060945510864258e+00 5.031567811965942383e-01 3.203145265579223633e-01 7.095887660980224609e-01
6.429066061973571777e-01 -1.526398509740829468e-01 -3.194719254970550537e-01 1.112666368484497070e+00 4.397712051868438721e-01
-3.447665274143218994e-01 -1.958021670579910278e-01 -1.657854206860065460e-02 7.628552317619323730e-01 -1.382719911634922028e-02
-1.208950400352478027e+00 9.837103486061096191e-01 3.583782315254211426e-01 -4.788088202476501465e-01 6.506150364875793457e-01
-7.165161371231079102e-01 4.468840360641479492e-01 -1.172946393489837646e-01 -6.387419104576110840e-01 -1.787569932639598846e-02
-1.383519619703292847e-01 -9.974279403686523438e-01 -4.649008512496948242e-01 1.072397351264953613e+00 -3.108862042427062988e-01
-4.937572181224822998e-01 1.633989065885543823e-01 -7.255120873451232910e-01 -8.552164584398269653e-02 3.153083473443984985e-02
-7.863255739212036133e-01 4.312940686941146851e-02 6.742299068719148636e-03 1.585795044898986816e+00 7.422490119934082031e-01
-4.695362448692321777e-01 5.654284954071044922e-01 3.591254353523254395e-01 4.282771348953247070e-01 1.866132020950317383e-01
-6.048272848129272461e-01 -1.020239472389221191e+00 -9.336193650960922241e-02 6.563522815704345703e-01 -1.235151439905166626e-01
-5.762981772422790527e-01 2.565696537494659424e-01 -1.501196026802062988e-01 2.222650051116943359e-01 8.451912403106689453e-01
-4.827594757080078125e-01 -6.237662434577941895e-01 -4.759073853492736816e-01 -8.723503947257995605e-01 -6.499180942773818970e-02
-1.489907383918762207e+00 1.601750701665878296e-01 -1.066900640726089478e-01 7.372024059295654297e-01 5.117099285125732422e-01
-1.064350008964538574e+00 5.661134123802185059e-01 -1.400569379329681396e-01 -1.975590288639068604e-01 1.061211347579956055e+00
-3.489570319652557373e-01 -1.400629878044128418e+00 6.168314814567565918e-01 7.391514182090759277e-01 1.050836682319641113e+00
-7.724031805992126465e-01 -1.180641770362854004e+00 -4.441709518432617188e-01 2.446668297052383423e-01 -4.174521565437316895e-01
2.207342721521854401e-02 -7.817215323448181152e-01 1.078380107879638672e+00 2.070436000823974609e+00 -7.930270433425903320e-01
-4.947023093700408936e-02 2.299589216709136963e-01 4.382331669330596924e-01 1.107428789138793945e+00 -5.701774954795837402e-01
-6.302601099014282227e-01 -1.243329763412475586e+00 -1.739334940910339355e+00 -5.814304947853088379e-01 2.142595797777175903e-01
2.627091668546199799e-02 -1.428576260805130005e-01 2.312737256288528442e-01 5.397922396659851074e-01 -1.671187877655029297e-01
-1.037495017051696777e+00 1.915000826120376587e-01 1.183868199586868286e-01 1.334598213434219360e-01 8.694735169410705566e-01
6.266881246119737625e-04 -1.108642816543579102e+00 -1.825442910194396973e-01 3.710609301924705505e-02 -1.136406660079956055e+00
-6.108735874295234680e-02 6.243355870246887207e-01 -2.656395733356475830e-01 9.591217339038848877e-02 5.223658084869384766e-01
-6.439706087112426758e-01 1.178062438964843750e+00 8.680534362792968750e-01 1.351304054260253906e-01 -1.282418705523014069e-02
-6.353542208671569824e-02 -2.048847973346710205e-01 -4.136800467967987061e-01 1.616460531949996948e-01 -1.214662194252014160e+00
-4.384572207927703857e-01 6.756829023361206055e-01 1.948785483837127686e-01 6.568741798400878906e-01 2.229600548744201660e-01
-6.946121454238891602e-01 1.724926978349685669e-01 5.475227236747741699e-01 6.387814283370971680e-01 -3.365827798843383789e-01
-1.918811947107315063e-01 1.766978263854980469e+00 3.633613288402557373e-01 1.746519804000854492e-01 -2.151631265878677368e-01
1.468423753976821899e-01 7.785425186157226562e-01 4.411795735359191895e-01 9.702551364898681641e-01 -9.230763912200927734e-01
-1.245833560824394226e-01 -8.974964618682861328e-01 -1.334620237350463867e+00 -1.517080307006835938e+00 4.222078323364257812e-01
-4.479201436042785645e-01 7.596673816442489624e-02 -9.680954366922378540e-02 -3.978053927421569824e-01 8.787543177604675293e-01
-3.780664503574371338e-01 1.386592149734497070e+00 8.526976704597473145e-01 1.016528367996215820e+00 4.057050645351409912e-01
-9.546829462051391602e-01 -1.702557057142257690e-01 -3.562148809432983398e-01 3.054849505424499512e-01 5.716078281402587891e-01
9.545734524726867676e-01 9.310328960418701172e-01 -1.197051763534545898e+00 1.369235754013061523e+00 2.648403644561767578e-01
-2.649203240871429443e-01 1.595504641532897949e+00 1.053422927856445312e+00 1.256010293960571289e+00 3.636474013328552246e-01
-3.249118626117706299e-01 1.579766511917114258e+00 1.076379776000976562e+00 1.205298423767089844e+00 3.764960467815399170e-01
-7.678943872451782227e-01 6.018939614295959473e-02 -1.932970583438873291e-01 1.167455315589904785e-01 2.345637679100036621e-01
-3.589970469474792480e-01 -2.113444954156875610e-01 -8.574038743972778320e-02 7.932342886924743652e-01 -2.801099978387355804e-02
-2.792647778987884521e-01 -1.309694647789001465e+00 -9.324126243591308594e-01 7.026875019073486328e-01 -3.126878440380096436e-01
1.466021835803985596e-01 9.040489196777343750e-01 -3.168217539787292480e-01 1.086046814918518066e+00 3.746050298213958740e-01
1.561822593212127686e-01 4.229174852371215820e-01 -3.983316719532012939e-01 1.291789531707763672e+00 2.475470155477523804e-01
-1.339078396558761597e-01 -1.713759064674377441e+00 -8.597211241722106934e-01 6.324484348297119141e-01 -3.318783342838287354e-01
-1.936386823654174805e-01 -2.877150774002075195e-01 2.061839699745178223e-01 1.276760816574096680e+00 -5.996308326721191406e-01
-3.293439149856567383e-01 -2.038438081741333008e+00 -5.189957022666931152e-01 1.528677940368652344e+00 -8.876487016677856445e-01
-3.238100409507751465e-01 -9.508820772171020508e-01 -1.319582223892211914e+00 6.801103353500366211e-01 1.401263475418090820e-01
-7.554105520248413086e-01 5.963661074638366699e-01 -1.008391976356506348e-01 3.511969447135925293e-01 5.712399482727050781e-01
-6.724168658256530762e-01 -5.846757292747497559e-01 1.755507707595825195e+00 1.903916001319885254e+00 -8.545087575912475586e-01
-7.071384191513061523e-01 -7.961446642875671387e-01 1.809893488883972168e+00 2.017166614532470703e+00 -9.170709848403930664e-01
1.232578277587890625e+00 6.148046255111694336e-01 -2.027447938919067383e+00 1.037546157836914062e+00 4.941579401493072510e-01
-7.361804842948913574e-01 6.759442090988159180e-01 1.100224137306213379e+00 8.596990108489990234e-01 -1.154626369476318359e+00
-7.909358143806457520e-01 -1.586839795112609863e+00 1.714979052543640137e+00 2.258048057556152344e+00 -1.110349178314208984e+00
1.269132852554321289e+00 -2.441212534904479980e-01 -4.457493126392364502e-01 -3.434677720069885254e-01 -1.292239725589752197e-01
-9.388242959976196289e-01 -1.421791791915893555e+00 -3.291782736778259277e-01 -1.174741387367248535e+00 -6.466904282569885254e-01
-7.555249333381652832e-01 -3.532529249787330627e-02 -3.490609526634216309e-01 2.920677959918975830e-01 4.927835762500762939e-01
-5.622198581695556641e-01 1.583468317985534668e-01 4.531110525131225586e-01 9.758110642433166504e-01 2.770058214664459229e-01
-2.446972951292991638e-02 6.200823783874511719e-01 4.496062994003295898e-01 8.556491881608963013e-02 1.485696583986282349e-01
-9.277481436729431152e-01 4.426716268062591553e-01 2.345806360244750977e-01 7.728424072265625000e-01 9.186482429504394531e-01
-3.287742137908935547e-01 6.930503845214843750e-01 -4.313643276691436768e-02 -7.256395220756530762e-01 -1.643545985221862793e+00
-1.402094960212707520e+00 -4.242724180221557617e-01 9.078699350357055664e-01 -9.657409787178039551e-01 3.138578832149505615e-01
-5.417023897171020508e-01 8.800624310970306396e-02 5.821046829223632812e-01 1.229725241661071777e+00 2.310242354869842529e-01
-5.584766268730163574e-01 1.179179325699806213e-01 5.811003446578979492e-01 1.208099365234375000e+00 2.394811958074569702e-01
-5.222382545471191406e-01 1.987257301807403564e-01 5.201930403709411621e-01 1.143865227699279785e+00 2.423892319202423096e-01
-8.924472928047180176e-01 2.623575273901224136e-04 4.626383781433105469e-01 6.861879229545593262e-01 4.021371603012084961e-01
-5.582838058471679688e-01 6.480544805526733398e-01 5.389730334281921387e-01 8.052990436553955078e-01 3.357646465301513672e-01
2.459610551595687866e-01 4.610585570335388184e-01 -4.945001900196075439e-01 1.067687153816223145e+00 1.050572395324707031e-01
-2.352366447448730469e-01 6.985505819320678711e-01 -2.028502076864242554e-01 5.327549576759338379e-01 -1.823066473007202148e-01
-7.234216928482055664e-01 4.630032181739807129e-01 -1.195457816123962402e+00 -6.331018209457397461e-01 -1.238887477666139603e-02
4.152725636959075928e-01 1.793333053588867188e+00 -4.063943624496459961e-01 -1.036353945732116699e+00 7.744653150439262390e-03
-5.676586627960205078e-01 5.257026553153991699e-01 -4.186805784702301025e-01 -2.981534004211425781e-01 5.778424143791198730e-01
1.224772095680236816e+00 1.874627768993377686e-01 -7.826791703701019287e-02 -1.308310776948928833e-02 -4.795128405094146729e-01
-1.171833992004394531e+00 -2.825705409049987793e-01 -6.051822304725646973e-01 -5.628265738487243652e-01 6.699849618598818779e-04
-9.382779002189636230e-01 -1.551364511251449585e-01 3.526830375194549561e-01 1.375961303710937500e-01 3.855960369110107422e-01
-5.178575515747070312e-01 4.241931140422821045e-01 8.228565454483032227e-01 6.550797820091247559e-01 2.577773928642272949e-01
-9.968459010124206543e-01 -1.845649123191833496e+00 -1.091976642608642578e+00 -1.389083504676818848e+00 -1.064978018403053284e-01
-5.667048692703247070e-01 3.432617709040641785e-02 -3.440899848937988281e-01 -6.527854800224304199e-01 -6.509354114532470703e-01
-7.717698812484741211e-01 -7.518557906150817871e-01 -4.619207680225372314e-01 2.012004405260086060e-01 1.019209027290344238e-01
-1.885394901037216187e-01 -3.270075023174285889e-01 -3.236851990222930908e-01 6.741253137588500977e-01 -1.348887830972671509e-01
-2.480896264314651489e-01 -3.832668066024780273e-01 2.737483195960521698e-02 5.189377665519714355e-01 -7.219719886779785156e-01
6.187109351158142090e-01 1.128417372703552246e+00 2.280322313308715820e-01 1.154061317443847656e+00 1.770490854978561401e-01
-3.223460912704467773e-01 5.897866934537887573e-02 4.431096836924552917e-02 8.512067198753356934e-01 2.840864360332489014e-01
1.986358910799026489e-01 5.302255153656005859e-01 -1.094284877181053162e-01 9.586210846900939941e-01 -1.172978997230529785e+00
6.495173573493957520e-01 2.168199568986892700e-01 -9.379228204488754272e-02 1.313379645347595215e+00 -1.822670340538024902e+00
-4.656615853309631348e-01 -4.406428709626197815e-02 1.132830753922462463e-01 7.655022740364074707e-01 2.873636782169342041e-01
-5.006937980651855469e-01 6.908932328224182129e-01 -2.055175602436065674e-01 8.512281626462936401e-02 2.328668385744094849e-01
2.223709225654602051e-01 1.831831485033035278e-01 -4.347452521324157715e-01 9.971554279327392578e-01 -2.043682634830474854e-01
-6.004878878593444824e-01 1.211687684059143066e+00 4.080083668231964111e-01 1.933996081352233887e-01 4.391744732856750488e-01
-7.904285192489624023e-02 6.555666029453277588e-02 -3.505448997020721436e-01 -8.833032250404357910e-01 2.854872345924377441e-01
-3.252597451210021973e-01 3.842608034610748291e-01 1.531757786870002747e-02 -4.462753832340240479e-01 -5.343253016471862793e-01
2.463821917772293091e-01 7.817407697439193726e-02 -8.193960189819335938e-01 1.134071469306945801e+00 1.320811033248901367e+00
3.798597455024719238e-01 7.841432690620422363e-01 -2.010788172483444214e-01 1.047438979148864746e+00 -8.040561079978942871e-01
-1.023084163665771484e+00 -1.303708404302597046e-01 1.908380240201950073e-01 -1.277329206466674805e+00 5.814461708068847656e-01
-5.293453335762023926e-01 -6.796044111251831055e-01 -3.763405382633209229e-01 5.335007905960083008e-01 -3.625630438327789307e-01
-2.119787037372589111e-02 1.720260739326477051e+00 5.679538473486900330e-02 2.162339836359024048e-01 -8.715279698371887207e-01
3.881477117538452148e-01 -1.530589222908020020e+00 6.012831330299377441e-01 -1.378186494112014771e-01 1.221557855606079102e-01
7.143540382385253906e-01 -4.519320130348205566e-01 3.105614185333251953e-01 1.809932947158813477e+00 -1.031575918197631836e+00
-5.091335773468017578e-01 1.464870572090148926e+00 3.094132542610168457e-01 -4.639576673507690430e-01 5.501332283020019531e-01
-1.179696440696716309e+00 -4.459800720214843750e-01 2.164678126573562622e-01 -7.953019738197326660e-01 -6.053350567817687988e-01
-2.518912851810455322e-01 -2.168885171413421631e-01 1.128056764602661133e+00 2.504018545150756836e-01 1.529436469078063965e+00
-9.390712529420852661e-02 7.297757863998413086e-01 1.337363600730895996e+00 -9.728013277053833008e-01 9.115212559700012207e-01
-3.722667694091796875e-01 -7.968178391456604004e-01 -4.393511638045310974e-02 -2.497857093811035156e+00 -9.821017980575561523e-01
9.765264391899108887e-01 -4.561341702938079834e-01 -2.070054054260253906e+00 1.243220686912536621e+00 -5.699187517166137695e-01
8.668506741523742676e-01 -4.151513278484344482e-01 4.275660812854766846e-01 3.319864347577095032e-02 -5.079922452569007874e-02
-1.264539808034896851e-01 1.312284588813781738e+00 8.069403767585754395e-01 1.947593569755554199e+00 2.027881890535354614e-01
2.819892764091491699e-02 1.134865522384643555e+00 -7.661834955215454102e-01 5.755609869956970215e-01 5.485855937004089355e-01
8.341360688209533691e-01 4.203709959983825684e-01 -1.701753258705139160e+00 1.366622000932693481e-01 -2.021287567913532257e-02
-2.173988521099090576e-01 -1.415211558341979980e-01 -7.322693467140197754e-01 -6.494061946868896484e-01 -2.025126963853836060e-01
6.867465972900390625e-01 4.185625016689300537e-01 -2.438854277133941650e-01 5.077285170555114746e-01 -3.797333836555480957e-01
-2.933441698551177979e-01 3.243517577648162842e-01 -3.431388139724731445e-01 -7.683053016662597656e-01 -4.492635373026132584e-03
6.549744009971618652e-01 -1.937415450811386108e-01 -1.660390734672546387e+00 -4.593050479888916016e-02 -5.996415615081787109e-01
-1.394832134246826172e+00 3.515706360340118408e-01 2.290106266736984253e-01 -1.294406056404113770e+00 -6.935324668884277344e-01
-3.872573375701904297e-01 1.334595799446105957e+00 7.093664407730102539e-01 7.681070566177368164e-01 4.392055273056030273e-01
-3.752858638763427734e-01 -2.776982784271240234e-01 -8.864411115646362305e-01 5.065903067588806152e-01 -4.714627284556627274e-03
1.183747887611389160e+00 -2.992855012416839600e-01 4.035962820053100586e-01 -6.857636570930480957e-01 -6.279668807983398438e-01
7.359648942947387695e-01 8.518357872962951660e-01 -1.220320612192153931e-01 1.355761051177978516e+00 -7.992986440658569336e-01
7.793078422546386719e-01 7.378157377243041992e-01 -1.183108463883399963e-01 1.476091623306274414e+00 -8.449999690055847168e-01
1.254408597946166992e+00 7.989629358053207397e-02 -1.314644217491149902e+00 1.577755093574523926e+00 -5.977066755294799805e-01
9.277459979057312012e-01 1.101196289062500000e+00 -1.462280631065368652e+00 1.317502737045288086e+00 2.027807980775833130e-01
1.606387019157409668e+00 6.658544540405273438e-01 -1.678704500198364258e+00 1.478369116783142090e+00 -5.308969020843505859e-01
-3.221372142434120178e-02 4.890334606170654297e-02 -5.499378442764282227e-01 7.630617618560791016e-01 -4.911562502384185791e-01
5.264551639556884766e-01 1.872151017189025879e+00 7.006461918354034424e-02 4.763254225254058838e-01 -4.949596822261810303e-01
5.747818350791931152e-01 2.042036950588226318e-01 -1.387610316276550293e+00 6.046115756034851074e-01 -4.365787208080291748e-01
2.928155474364757538e-02 -5.770485401153564453e-01 -9.390659630298614502e-02 1.238619446754455566e+00 -1.146999821066856384e-01
-5.769482627511024475e-02 3.543088138103485107e-01 -4.205779731273651123e-01 5.157275199890136719e-01 3.997169733047485352e-01
-2.434559017419815063e-01 -1.420844793319702148e+00 -2.773263156414031982e-01 1.258417844772338867e+00 -1.293099373579025269e-01
3.624388873577117920e-01 8.660272359848022461e-01 4.506949782371520996e-01 1.301718711853027344e+00 -9.552335143089294434e-01
5.338013172149658203e-02 9.098668098449707031e-01 7.151185721158981323e-02 7.618528604507446289e-01 -1.050483286380767822e-01
1.743482202291488647e-01 7.099916934967041016e-01 2.164498567581176758e-01 1.089327454566955566e+00 -2.386329919099807739e-01
-3.525895774364471436e-01 9.618998318910598755e-02 3.069415688514709473e-01 8.200162649154663086e-01 -3.065823316574096680e-01
-4.356710016727447510e-01 -4.247300326824188232e-01 4.508741796016693115e-01 1.282656311988830566e+00 -2.715526223182678223e-01
-4.888303875923156738e-01 9.753413796424865723e-01 5.037508010864257812e-01 -1.439526230096817017e-01 5.198452472686767578e-01
-7.930345535278320312e-01 -8.266687393188476562e-01 8.782995343208312988e-01 1.305284976959228516e+00 -7.865968942642211914e-01
1.613239049911499023e-01 2.347932904958724976e-01 -7.790046930313110352e-01 8.397002220153808594e-01 -1.303241401910781860e-01
-1.245861276984214783e-01 1.101384520530700684e+00 -3.835615515708923340e-01 5.103394985198974609e-01 7.472268342971801758e-01
-4.429655373096466064e-01 3.959749042987823486e-01 -3.584963977336883545e-01 1.217655986547470093e-01 -3.343981206417083740e-01
7.442846298217773438e-01 1.397443532943725586e+00 5.802934169769287109e-01 8.548750728368759155e-02 -3.621013090014457703e-02
1.038178563117980957e+00 -2.760886549949645996e-01 -5.131768584251403809e-01 4.002223312854766846e-01 2.948088645935058594e-01
3.646684587001800537e-01 1.560341477394104004e+00 7.146863937377929688e-01 1.072919249534606934e+00 -1.255191922187805176e+00
1.111584067344665527e+00 6.539202928543090820e-01 -2.321966290473937988e-01 1.343441963195800781e+00 -2.074318826198577881e-01
5.288971662521362305e-01 8.608254790306091309e-01 -2.773369252681732178e-01 1.018630266189575195e+00 4.582028090953826904e-01
-4.758798778057098389e-01 -5.520025491714477539e-01 1.263267636299133301e+00 1.377975583076477051e+00 -1.495934128761291504e+00
-1.542549878358840942e-01 2.165894061326980591e-01 -6.202958822250366211e-01 3.301115334033966064e-01 -7.535592317581176758e-01
9.098453521728515625e-01 2.198504686355590820e+00 -8.681396394968032837e-02 6.795588731765747070e-01 -1.486842989921569824e+00
2.736539840698242188e-01 2.082609176635742188e+00 8.606855869293212891e-01 6.114547252655029297e-01 -1.488262176513671875e+00
-3.978301882743835449e-01 -9.759214520454406738e-01 4.131466448307037354e-01 1.370282769203186035e+00 -1.265148043632507324e+00
3.524252027273178101e-02 1.171573042869567871e+00 2.503805160522460938e-01 7.480416297912597656e-01 -7.439896464347839355e-01
5.256490111351013184e-01 -4.823554456233978271e-01 -1.093391537666320801e+00 5.014842748641967773e-01 -1.223474621772766113e+00
1.414585709571838379e-01 2.672910988330841064e-01 -2.270452678203582764e-02 3.839201331138610840e-01 -1.363803744316101074e+00
4.364915192127227783e-01 4.467223286628723145e-01 5.102694630622863770e-01 1.028391122817993164e+00 -1.796906352043151855e+00
-3.382536172866821289e-01 -2.514473795890808105e-01 4.223751723766326904e-01 3.747482001781463623e-01 -1.537035822868347168e+00
4.948865175247192383e-01 2.092976123094558716e-01 -2.723574936389923096e-01 3.289229273796081543e-01 -2.007385969161987305e+00
-4.265116453170776367e-01 1.313043087720870972e-01 -5.832977294921875000e-01 -6.931161284446716309e-01 -7.308672666549682617e-01
9.093139320611953735e-02 3.190687298774719238e-01 3.707917332649230957e-01 6.522251367568969727e-01 -1.425382137298583984e+00
-4.038863182067871094e-01 -3.417594134807586670e-01 1.276817768812179565e-01 1.098803400993347168e+00 -2.509497106075286865e-01
-3.287597298622131348e-01 2.999467849731445312e-01 -1.241486426442861557e-02 7.920537590980529785e-01 -3.108704835176467896e-02
-1.022359848022460938e+00 -8.372727036476135254e-01 3.735325932502746582e-01 8.379773497581481934e-01 5.044983699917793274e-03
1.503956019878387451e-01 7.822115719318389893e-02 -2.423049211502075195e-01 9.197736382484436035e-01 -6.872828602790832520e-01
-1.705366969108581543e-01 7.556034326553344727e-01 6.232465505599975586e-01 1.026739835739135742e+00 2.018124982714653015e-02
-3.881404995918273926e-01 1.779258251190185547e-01 6.077944636344909668e-01 9.949312210083007812e-01 -3.132226169109344482e-01
-2.025334984064102173e-01 -8.067520856857299805e-01 4.036623239517211914e-01 8.306861519813537598e-01 -1.554522156715393066e+00
7.811028361320495605e-01 1.177927136421203613e+00 -3.961851894855499268e-01 5.699683427810668945e-01 4.678453207015991211e-01
-4.787119328975677490e-01 -7.168822735548019409e-02 6.196938157081604004e-01 5.497227907180786133e-01 -1.896387040615081787e-01
-8.987017273902893066e-01 1.717175096273422241e-01 2.965871058404445648e-02 -4.662800952792167664e-02 2.010199427604675293e-01
-1.475227624177932739e-01 -3.116088211536407471e-01 3.062026500701904297e-01 1.617443084716796875e+00 -3.529074192047119141e-01
2.699719369411468506e-01 -7.585235238075256348e-01 -1.893789887428283691e+00 2.338671237230300903e-01 -1.261428594589233398e+00
-8.092764019966125488e-01 -2.737772166728973389e-01 4.868952184915542603e-02 6.802805662155151367e-01 3.315968215465545654e-01
2.044478245079517365e-02 1.137642383575439453e+00 2.917467951774597168e-01 1.018961548805236816e+00 6.210382580757141113e-01
-2.009283900260925293e-01 1.183739048428833485e-03 -1.272862851619720459e-01 1.249868631362915039e+00 -1.271154433488845825e-01
-4.168122112751007080e-01 1.031042218208312988e+00 1.066568732261657715e+00 8.249404430389404297e-01 -3.491747975349426270e-01
-5.904540419578552246e-01 -2.163942009210586548e-01 9.778319299221038818e-02 1.054256558418273926e+00 -7.927616685628890991e-02
-6.939274072647094727e-01 -1.206949502229690552e-01 2.538946568965911865e-01 8.582376837730407715e-01 -5.868291258811950684e-01
-1.078121423721313477e+00 -6.367564201354980469e-01 6.958059221506118774e-02 8.560130000114440918e-01 5.733104348182678223e-01
-2.425715476274490356e-01 4.427014291286468506e-01 8.966903686523437500e-01 5.256684422492980957e-01 3.936507105827331543e-01
-9.437263756990432739e-02 -1.646410226821899414e+00 8.725069761276245117e-01 -3.864028155803680420e-01 3.410910442471504211e-02
-2.243675440549850464e-01 8.062558770179748535e-01 -6.363481879234313965e-01 -6.459000706672668457e-02 4.035945832729339600e-01
-1.059341207146644592e-01 2.557547092437744141e-01 -4.909605979919433594e-01 4.212613999843597412e-01 1.776811927556991577e-01
7.479519844055175781e-01 -5.287452936172485352e-01 -7.559082508087158203e-01 1.563700199127197266e+00 -4.349130392074584961e-01
1.059973314404487610e-01 -1.672092676162719727e-01 -5.740281343460083008e-01 9.042184352874755859e-01 -1.752689182758331299e-01
1.125324666500091553e-01 -2.900228202342987061e-01 -1.710976511240005493e-01 1.234527230262756348e+00 -3.499724566936492920e-01
1.723667979240417480e-01 5.060793161392211914e-01 -6.017478704452514648e-01 2.799320816993713379e-01 -6.405852437019348145e-01
-3.452068269252777100e-01 -2.242407798767089844e-01 2.876722812652587891e-01 8.986319303512573242e-01 -3.664021492004394531e-01
-8.710027933120727539e-01 -4.104872643947601318e-01 5.306730866432189941e-01 1.796612292528152466e-01 3.346608579158782959e-01
-1.424673080444335938e+00 5.648012459278106689e-02 7.378007471561431885e-02 -1.197580456733703613e+00 8.706933856010437012e-01
7.311388254165649414e-01 -1.585625290870666504e+00 -7.008725404739379883e-02 1.271463871002197266e+00 3.374053537845611572e-01
6.388197094202041626e-02 -1.055367588996887207e+00 -1.344581365585327148e+00 6.579940021038055420e-02 -3.043285906314849854e-01
-1.557423919439315796e-01 1.220393419265747070e+00 2.484491616487503052e-01 -7.493908703327178955e-02 6.701983213424682617e-01
-1.066516160964965820e+00 -2.961677610874176025e-01 -5.237047076225280762e-01 -5.088669657707214355e-01 -4.633157551288604736e-01
2.277250736951828003e-01 -8.889344930648803711e-01 -1.723467350006103516e+00 -2.232465595006942749e-01 2.826557159423828125e-01
4.123055040836334229e-01 1.380698323249816895e+00 1.877229511737823486e-01 6.494658589363098145e-01 3.674260377883911133e-01
8.123276233673095703e-01 -8.698680251836776733e-02 -8.572169542312622070e-01 -7.809492945671081543e-01 5.358091592788696289e-01
-5.023691058158874512e-02 8.719144016504287720e-02 4.691055715084075928e-01 3.838192522525787354e-01 -1.903254866600036621e+00
6.556949019432067871e-02 9.594114422798156738e-01 6.167021989822387695e-01 1.974709182977676392e-01 -1.698459506034851074e+00
1.127523854374885559e-01 9.751706719398498535e-01 5.933285951614379883e-01 2.383408546447753906e-01 -1.686850547790527344e+00
-5.987669825553894043e-01 -1.520381808280944824e+00 -4.568009078502655029e-01 3.280194699764251709e-01 -2.763100564479827881e-01
-2.314210385084152222e-01 1.102361321449279785e+00 1.009867787361145020e+00 1.559684798121452332e-02 -8.874474763870239258e-01
1.085960939526557922e-01 8.130508065223693848e-01 -4.265567660331726074e-01 -8.705479502677917480e-01 -4.955435395240783691e-01
9.584149122238159180e-01 1.174902439117431641e+00 1.494355678558349609e+00 1.287801623344421387e+00 -1.356209516525268555e-01
-6.416816711425781250e-01 -1.284557938575744629e+00 -4.268095195293426514e-01 -1.103730320930480957e+00 -4.613890051841735840e-01
-1.295496344566345215e+00 -3.413058817386627197e-01 -5.717515945434570312e-01 -5.462757349014282227e-01 1.149085521697998047e+00
3.869129717350006104e-01 -8.967712521553039551e-01 1.213211178779602051e+00 -3.493287861347198486e-01 -8.781167864799499512e-01
-1.695898920297622681e-01 9.071720242500305176e-01 4.539013504981994629e-01 -1.658505499362945557e-01 -1.454351067543029785e+00
-5.042734742164611816e-01 1.270976901054382324e+00 5.574290156364440918e-01 -6.259548664093017578e-01 -1.291855454444885254e+00
1.955779828131198883e-02 3.738585710525512695e-01 4.946430325508117676e-01 3.017293810844421387e-01 -1.688777685165405273e+00
-1.218398213386535645e+00 -1.030378580093383789e+00 4.804204776883125305e-02 2.576440274715423584e-01 1.430613845586776733e-01
5.101248621940612793e-01 5.160893201828002930e-01 1.630699872970581055e+00 1.840838551521301270e+00 -2.440309762954711914e+00
-1.298101395368576050e-01 -1.478995203971862793e+00 -4.496555030345916748e-01 5.349766612052917480e-01 -1.293583959341049194e-01
2.540128491818904877e-02 -1.036623716354370117e+00 1.407132863998413086e+00 1.068257093429565430e+00 5.957646965980529785e-01
4.257639348506927490e-01 6.859381198883056641e-01 1.577925920486450195e+00 1.600138545036315918e+00 -2.428663015365600586e+00
5.069666504859924316e-01 5.725452303886413574e-01 1.691527247428894043e+00 1.862877726554870605e+00 -2.442384719848632812e+00
1.603069603443145752e-01 -5.504562854766845703e-01 -6.865761876106262207e-01 5.563768148422241211e-01 3.038974702358245850e-01
-7.328510284423828125e-02 8.764068484306335449e-01 -3.759783208370208740e-01 1.491318047046661377e-01 -6.521680355072021484e-01
-5.056234002113342285e-01 -2.362747192382812500e-01 1.188159883022308350e-01 -5.140404105186462402e-01 -4.494394958019256592e-01
8.384803682565689087e-02 2.651938915252685547e+00 1.188104987144470215e+00 5.706712603569030762e-01 6.566247940063476562e-01
-4.885648190975189209e-01 8.229185342788696289e-01 -9.337943196296691895e-01 1.331233978271484375e-01 2.212493866682052612e-01
1.133731845766305923e-02 -1.465605139732360840e+00 1.670252680778503418e+00 1.188202023506164551e+00 -8.642218112945556641e-01
4.216335713863372803e-01 5.596249103546142578e-01 5.583779215812683105e-01 1.030372381210327148e+00 -2.208724737167358398e+00
-9.839893579483032227e-01 1.656424283981323242e+00 2.155133008956909180e+00 1.689878106117248535e-01 -1.085662484169006348e+00
-3.097486495971679688e-01 1.408637762069702148e+00 1.877425074577331543e+00 7.513425946235656738e-01 -1.630542278289794922e+00
-1.488929688930511475e-01 -1.810426235198974609e+00 -4.139236211776733398e-01 8.940066695213317871e-01 -1.924437403678894043e+00
-6.500520706176757812e-01 -6.594830155372619629e-01 -3.379299938678741455e-01 -1.323566287755966187e-01 -1.390399694442749023e+00
-4.587833210825920105e-02 4.343803822994232178e-01 -1.471258103847503662e-01 9.140409827232360840e-01 1.202350258827209473e+00
1.768213212490081787e-01 1.664259470999240875e-02 7.094640135765075684e-01 3.789682984352111816e-01 1.244388699531555176e+00
-9.747930169105529785e-01 -1.349479317665100098e+00 -5.989094972610473633e-01 -3.358735740184783936e-01 -1.575948715209960938e+00
3.495846688747406006e-02 -7.971557378768920898e-01 -6.292409300804138184e-01 4.883807897567749023e-01 -1.592732310295104980e+00
6.353227049112319946e-02 -3.209131360054016113e-01 -2.875985801219940186e-01 5.122488737106323242e-01 -1.437085509300231934e+00
-3.431558012962341309e-01 5.787689089775085449e-01 -4.271703064441680908e-01 -1.820292174816131592e-01 6.446020007133483887e-01
-2.988524734973907471e-01 -4.368227124214172363e-01 -2.407124042510986328e-01 6.096784397959709167e-02 -1.319414675235748291e-01
-9.731941223144531250e-01 4.021023213863372803e-01 7.561046630144119263e-02 3.848813176155090332e-01 -1.585995405912399292e-01
6.918195486068725586e-01 -7.410714626312255859e-01 1.714756786823272705e-01 8.697332739830017090e-01 -8.653645515441894531e-01
-6.926177740097045898e-01 -1.850986778736114502e-01 -8.604989647865295410e-01 -6.057136058807373047e-01 3.998648226261138916e-01
-2.001225948333740234e-01 7.128739356994628906e-02 -7.514744997024536133e-01 -1.442269086837768555e-01 2.414333224296569824e-01
-2.517068386077880859e-01 -5.147971510887145996e-01 -8.034774065017700195e-01 4.286539554595947266e-02 8.219900727272033691e-02
-6.855580210685729980e-02 -1.174286127090454102e+00 -1.112860918045043945e+00 3.554887771606445312e-01 -1.332938969135284424e-01
-1.714292615652084351e-01 -6.517415046691894531e-01 -8.030808568000793457e-01 1.960800886154174805e-01 1.818978344090282917e-03
-6.420693993568420410e-01 -9.008039236068725586e-01 -7.508938908576965332e-01 -1.653795838356018066e-01 9.946848452091217041e-02
1.012195423245429993e-01 -1.113054275512695312e+00 -1.161983132362365723e+00 5.015769004821777344e-01 -1.554723083972930908e-01
4.447075426578521729e-01 8.342203497886657715e-01 -9.395438432693481445e-01 -4.361544549465179443e-01 6.097901612520217896e-02
1.073945090174674988e-01 2.944494485855102539e-01 9.570149704813957214e-03 -5.043401718139648438e-01 4.127604961395263672e-01
2.235792726278305054e-01 -1.632445573806762695e+00 2.162038087844848633e-01 -9.781965017318725586e-01 6.160830706357955933e-02
-1.219176530838012695e+00 8.817507028579711914e-01 6.629649996757507324e-01 7.033200860023498535e-01 -1.677505731582641602e+00
1.861942582763731480e-03 1.981797516345977783e-01 -9.287383556365966797e-01 1.011375188827514648e+00 7.426801323890686035e-01
-1.467312455177307129e+00 -4.635453522205352783e-01 9.459796547889709473e-01 1.132082641124725342e-01 -1.189682722091674805e+00
-1.208116173744201660e+00 -6.397389769554138184e-01 6.058138608932495117e-01 2.762165665626525879e-01 -1.263025164604187012e+00
-1.847044825553894043e+00 -4.590649008750915527e-01 4.865567088127136230e-01 -5.911510586738586426e-01 -9.524571895599365234e-01
-1.379685878753662109e+00 -1.883726716041564941e+00 2.144695259630680084e-02 3.383995592594146729e-01 -1.568950176239013672e+00
-2.588998556137084961e+00 -1.534501612186431885e-01 6.411533951759338379e-01 -1.434715747833251953e+00 -5.412399172782897949e-01
-2.300404787063598633e+00 -6.992274522781372070e-01 1.225288152694702148e+00 -4.580786526203155518e-01 -9.650580286979675293e-01
-1.960056662559509277e+00 -8.497161269187927246e-01 1.596747279167175293e+00 2.309480607509613037e-01 -1.232684016227722168e+00
-2.196859598159790039e+00 4.652311801910400391e-01 4.654375091195106506e-02 -1.683964133262634277e+00 -2.962808012962341309e-01
3.117424249649047852e-01 -1.234321594238281250e+00 -5.955805182456970215e-01 1.234574556350708008e+00 -8.332758545875549316e-01
8.236904144287109375e-01 2.357106655836105347e-01 7.858759760856628418e-01 8.233065605163574219e-01 4.385038316249847412e-01
-1.378889322280883789e+00 3.158320784568786621e-01 -8.904534578323364258e-01 -8.915151357650756836e-01 2.902136445045471191e-01
-8.539839386940002441e-01 -4.080400168895721436e-01 -1.071363329887390137e+00 4.533796906471252441e-01 -3.722333312034606934e-01
-9.997544884681701660e-01 9.255986213684082031e-01 4.682740569114685059e-01 -7.816465944051742554e-02 4.096312448382377625e-02
