3.709291517734527588e-01
6.159884929656982422e-01
-2.775817513465881348e-01
1.693939715623855591e-01
3.798670470714569092e-01
3.393117189407348633e-01
-2.935661375522613525e-01
-4.341532588005065918e-01
-9.437081813812255859e-01
2.538922786712646484e+00
2.520745754241943359e+00
2.501859664916992188e+00
1.958293080329895020e+00
-1.857688426971435547e+00
-4.589171409606933594e-01
-1.100743412971496582e+00
-1.694524884223937988e-01
3.252459526062011719e+00
3.198780298233032227e+00
7.161942124366760254e-01
3.514177203178405762e-01
-1.780132293701171875e+00
2.197962284088134766e+00
2.272615432739257812e+00
2.191935300827026367e+00
2.126446962356567383e+00
1.672439694404602051e+00
9.821553826332092285e-01
-1.334647554904222488e-02
1.182962417602539062e+00
3.825795650482177734e-01
-1.655355393886566162e-01
-7.811042666435241699e-01
-2.150915116071701050e-01
-4.699502885341644287e-02
7.464435696601867676e-01
1.230544686317443848e+00
1.589471817016601562e+00
1.607405543327331543e+00
-1.589970350265502930e+00
7.492239475250244141e-01
2.273982524871826172e+00
1.474273204803466797e+00
-4.849090278148651123e-01
5.495705008506774902e-01
1.790140122175216675e-01
7.664034962654113770e-01
1.720758676528930664e+00
1.218775987625122070e+00
-8.675426244735717773e-01
2.221225500106811523e+00
-1.915643960237503052e-01
8.378031849861145020e-02
3.952006101608276367e-01
1.860856264829635620e-01
8.682631850242614746e-01
9.233389496803283691e-01
9.957485198974609375e-01
2.775904178619384766e+00
2.777507781982421875e+00
2.775839805603027344e+00
2.771678686141967773e+00
2.776041507720947266e+00
3.163359642028808594e+00
3.170600652694702148e+00
3.158398151397705078e+00
3.161799430847167969e+00
1.940089106559753418e+00
-8.352294564247131348e-03
1.299473047256469727e+00
1.551972270011901855e+00
3.342469453811645508e+00
3.336606264114379883e+00
2.294592618942260742e+00
2.223776102066040039e+00
3.022248029708862305e+00
2.804926156997680664e+00
2.912794113159179688e+00
2.652115583419799805e+00
2.960509538650512695e+00
1.730633258819580078e+00
1.736850500106811523e+00
2.439172029495239258e+00
1.322026729583740234e+00
2.900895833969116211e+00
2.907195091247558594e+00
1.443062722682952881e-01
2.901211380958557129e-01
2.042996287345886230e-01
4.591782391071319580e-02
3.148776531219482422e+00
3.151189804077148438e+00
2.184744596481323242e+00
1.382842183113098145e+00
8.954340815544128418e-01
3.111956119537353516e-01
2.520069599151611328e+00
2.713493824005126953e+00
2.982136726379394531e+00
3.012235403060913086e+00
4.040097713470458984e+00
4.031659603118896484e+00
2.589109659194946289e+00
2.588978767395019531e+00
3.132150650024414062e+00
3.133131742477416992e+00
2.986015558242797852e+00
2.923084259033203125e+00
3.382331609725952148e+00
2.836933851242065430e+00
2.833303213119506836e+00
2.230658292770385742e+00
2.237376928329467773e+00
2.014671087265014648e+00
7.672820091247558594e-01
8.291299343109130859e-01
2.817738771438598633e+00
2.867573499679565430e+00
3.054512739181518555e+00
2.941054105758666992e+00
3.082853317260742188e+00
1.233534216880798340e+00
-8.071786165237426758e-01
-4.044540524482727051e-01
1.664877891540527344e+00
3.240284204483032227e+00
3.140932321548461914e+00
3.050311088562011719e+00
8.055565357208251953e-01
2.796866893768310547e+00
2.215165853500366211e+00
2.258295059204101562e+00
-2.069285884499549866e-02
2.063851356506347656e+00
1.048480629920959473e+00
6.715250015258789062e-01
3.381200790405273438e+00
3.392049551010131836e+00
2.549355268478393555e+00
-6.405717879533767700e-02
1.953540682792663574e+00
1.703504800796508789e+00
-1.060546338558197021e-01
-4.021832942962646484e-01
-3.207976818084716797e-01
-8.567432761192321777e-01
2.361451625823974609e+00
2.412130117416381836e+00
-2.551040947437286377e-01
-1.086574792861938477e-01
1.432576417922973633e+00
7.855006456375122070e-01
4.791449308395385742e-01
2.331028223037719727e+00
-3.627800345420837402e-01
-1.561579410918056965e-03
-5.660189390182495117e-01
1.330854147672653198e-01
2.429205894470214844e+00
2.424805164337158203e+00
-1.141797184944152832e+00
-1.171037077903747559e+00
2.400412559509277344e+00
2.572522640228271484e+00
-5.174819827079772949e-01
9.687032699584960938e-01
3.354038476943969727e+00
3.356858730316162109e+00
2.854089975357055664e+00
3.275022268295288086e+00
1.078973770141601562e+00
1.215738058090209961e-01
3.532546281814575195e+00
3.527590990066528320e+00
3.309097528457641602e+00
3.279966592788696289e+00
1.168115660548210144e-01
4.194041192531585693e-01
3.391294479370117188e+00
2.708145618438720703e+00
-6.735942363739013672e-01
-2.216438204050064087e-01
8.103000521659851074e-01
1.797847151756286621e+00
2.848959922790527344e+00
2.247734308242797852e+00
1.143481254577636719e+00
1.173686385154724121e+00
3.223150372505187988e-01
8.153097033500671387e-01
-4.716591909527778625e-02
7.645262479782104492e-01
5.974283218383789062e-01
3.879807293415069580e-01
-1.439167737960815430e+00
7.810211777687072754e-01
7.927078604698181152e-01
5.182678103446960449e-01
5.098705887794494629e-01
-4.307694435119628906e-01
8.259702920913696289e-01
9.727606922388076782e-02
4.536616504192352295e-01
-1.217000484466552734e+00
1.623070359230041504e+00
-8.470929861068725586e-01
-4.705940186977386475e-01
-6.701087951660156250e-01
6.144089698791503906e-01
-3.070528805255889893e-01
6.192003488540649414e-01
1.269906312227249146e-01
4.258678555488586426e-01
-1.173919558525085449e+00
2.382252663373947144e-01
1.994989752769470215e+00
9.696400761604309082e-01
1.999981552362442017e-01
3.269867599010467529e-01
1.219879627227783203e+00
9.554411172866821289e-01
-1.302343606948852539e-01
-6.598474979400634766e-01
2.269127845764160156e+00
2.265827894210815430e+00
2.792173147201538086e+00
5.172598958015441895e-01
-7.664538621902465820e-01
-5.995812639594078064e-02
9.822890758514404297e-01
3.723756074905395508e-01
-3.289674818515777588e-01
2.787925481796264648e+00
1.820837259292602539e-01
1.456391692161560059e+00
1.857612252235412598e+00
1.373007059097290039e+00
3.537754118442535400e-01
-6.663748621940612793e-01
1.036136746406555176e+00
6.128753423690795898e-01
1.303305506706237793e+00
1.430460691452026367e+00
5.223240852355957031e-01
1.424746870994567871e+00
6.257222294807434082e-01
1.052140593528747559e+00
1.633433461189270020e+00
6.157724857330322266e-01
9.244440197944641113e-01
-1.758889555931091309e+00
7.982490658760070801e-01
1.204320788383483887e+00
-2.384002208709716797e-01
1.980540871620178223e+00
1.727054476737976074e+00
-1.058425903320312500e+00
1.417132139205932617e+00
3.150765895843505859e-01
3.351717591285705566e-01
2.387874871492385864e-01
2.155909061431884766e+00
8.399296998977661133e-01
2.767585992813110352e+00
1.470525622367858887e+00
2.286271154880523682e-01
4.858769774436950684e-01
2.474730968475341797e+00
2.464538812637329102e+00
2.918777227401733398e+00
2.691749811172485352e+00
1.795354485511779785e+00
5.987871885299682617e-01
2.304038498550653458e-03
-1.025566816329956055e+00
2.360306501388549805e+00
2.352354049682617188e+00
3.431452035903930664e+00
3.367331266403198242e+00
-3.177222609519958496e-01
1.056232810020446777e+00
1.990830302238464355e+00
1.430706143379211426e+00
2.129668474197387695e+00
1.320748686790466309e+00
8.848995566368103027e-01
9.019320607185363770e-01
-4.736038297414779663e-02
2.203710556030273438e+00
-2.362749576568603516e-01
-3.862862884998321533e-01
4.804060161113739014e-01
1.299973279237747192e-01
1.324696421623229980e+00
1.382471084594726562e+00
1.343135952949523926e+00
1.890689492225646973e+00
2.652522802352905273e+00
2.777734994888305664e+00
1.107873201370239258e+00
-5.130529999732971191e-01
-4.419906139373779297e-01
2.328987598419189453e+00
-2.692491710186004639e-01
4.080337882041931152e-01
1.933608174324035645e+00
1.300986289978027344e+00
5.636183023452758789e-01
1.126591086387634277e+00
1.145060300827026367e+00
3.669972419738769531e-01
2.344482421875000000e+00
1.466132998466491699e+00
5.293392539024353027e-01
1.861474871635437012e+00
1.720316886901855469e+00
-4.506946802139282227e-01
2.793449401855468750e+00
1.436106324195861816e+00
1.725189447402954102e+00
-8.035838007926940918e-01
6.261782646179199219e-01
5.210044384002685547e-01
6.417441368103027344e-01
1.684378385543823242e+00
1.573664665222167969e+00
6.826108098030090332e-01
1.563985586166381836e+00
-7.343585491180419922e-01
-2.100837975740432739e-01
-1.493067502975463867e+00
-6.275591999292373657e-02
-9.248495101928710938e-02
9.496963620185852051e-01
-1.463875323534011841e-01
1.018463134765625000e+00
3.679964244365692139e-01
3.049987554550170898e-01
-2.526314742863178253e-02
2.641387581825256348e-01
2.010158061981201172e+00
1.694419741630554199e+00
1.786474704742431641e+00
1.867351412773132324e+00
1.871306777000427246e+00
2.710648298263549805e+00
2.185228824615478516e+00
-4.645103514194488525e-01
3.259674310684204102e+00
3.152844429016113281e+00
1.009840130805969238e+00
9.644665122032165527e-01
-2.183694541454315186e-01
1.019706726074218750e+00
3.118463039398193359e+00
1.426576733589172363e+00
1.400384783744812012e+00
6.872866749763488770e-01
6.890010237693786621e-01
1.017856955528259277e+00
-3.205373585224151611e-01
6.756368279457092285e-02
-5.352063775062561035e-01
2.370749711990356445e+00
3.055732250213623047e-01
5.528467297554016113e-01
2.209776826202869415e-02
-8.999031186103820801e-01
2.305231571197509766e+00
2.297466278076171875e+00
2.327679872512817383e+00
2.830557346343994141e+00
2.545832872390747070e+00
2.206594228744506836e+00
-2.614249587059020996e-01
1.490308880805969238e+00
9.292034506797790527e-01
3.409627914428710938e+00
4.732873141765594482e-01
-4.241930544376373291e-01
2.759802579879760742e+00
2.536610841751098633e+00
-7.122198939323425293e-01
4.176853597164154053e-01
2.034629821777343750e+00
8.340792059898376465e-01
1.557793498039245605e+00
9.768587946891784668e-01
2.839414834976196289e+00
1.090689375996589661e-01
3.080594912171363831e-02
2.818333864212036133e+00
1.830235719680786133e+00
1.596063971519470215e+00
1.211323738098144531e+00
-8.939898014068603516e-01
-1.928853988647460938e-01
1.006797075271606445e+00
3.814098536968231201e-01
-3.285026848316192627e-01
2.246253490447998047e+00
-7.647520303726196289e-01
-1.343040227890014648e+00
4.143379628658294678e-01
3.202412128448486328e-01
-5.294126868247985840e-01
-2.925343513488769531e-01
-2.093195915222167969e-01
1.640380382537841797e+00
-2.349957078695297241e-02
1.252780914306640625e+00
1.322739720344543457e-01
1.164226412773132324e+00
8.417565226554870605e-01
9.744665026664733887e-01
1.519311666488647461e+00
2.275990724563598633e+00
-1.218434348702430725e-01
1.311354279518127441e+00
1.942453980445861816e+00
1.289186626672744751e-01
-9.622116684913635254e-01
2.404166936874389648e+00
2.391838312149047852e+00
3.360450983047485352e+00
-1.100125074386596680e+00
3.227206468582153320e+00
1.743628382682800293e+00
5.115221738815307617e-01
3.165446519851684570e+00
4.272397756576538086e-01
5.920853614807128906e-01
2.218713045120239258e+00
2.126566410064697266e+00
2.977509260177612305e+00
3.013125658035278320e+00
3.059085607528686523e+00
3.214026689529418945e-01
7.302832007408142090e-01
1.614637136459350586e+00
1.329463720321655273e+00
6.146032363176345825e-02
1.060779213905334473e+00
1.082065463066101074e+00
-1.765669226646423340e+00
1.568293333053588867e+00
4.189830720424652100e-01
2.551241517066955566e-01
1.025458931922912598e+00
5.736330151557922363e-01
1.318365573883056641e+00
1.305060625076293945e+00
1.610049605369567871e+00
1.147852063179016113e+00
6.115229725837707520e-01
2.404303252696990967e-01
1.877537965774536133e+00
1.025807380676269531e+00
3.291312754154205322e-01
8.366420269012451172e-01
2.200646638870239258e+00
2.105310201644897461e+00
2.148930549621582031e+00
-9.157310426235198975e-02
3.685691356658935547e-01
1.560758471488952637e+00
1.260439872741699219e+00
-4.910658895969390869e-01
-5.617140531539916992e-01
7.243328094482421875e-01
-5.014836192131042480e-01
1.989822745323181152e+00
1.116713166236877441e+00
1.873046517372131348e+00
9.476722478866577148e-01
1.747749567031860352e+00
2.274953842163085938e+00
1.619120359420776367e+00
1.185006022453308105e+00
2.563016414642333984e+00
-8.304434418678283691e-01
8.826472610235214233e-02
3.008000135421752930e+00
2.317744016647338867e+00
2.232780694961547852e+00
2.498361349105834961e+00
2.113962650299072266e+00
4.587857425212860107e-01
1.831083655357360840e+00
-1.927364319562911987e-01
-2.390533834695816040e-01
6.498773097991943359e-01
-8.115652203559875488e-02
1.100118637084960938e+00
9.939126968383789062e-01
1.986739486455917358e-01
-1.519508659839630127e-02
-9.342267513275146484e-01
2.142130851745605469e+00
2.136284351348876953e+00
2.133061170578002930e+00
1.822039037942886353e-01
1.082439899444580078e+00
1.106929063796997070e+00
-1.559836268424987793e-01
1.975012421607971191e-01
-5.407544970512390137e-01
-1.079313680529594421e-01
2.498629570007324219e+00
2.533825874328613281e+00
2.412861347198486328e+00
-9.449815005064010620e-02
1.455006599426269531e+00
-4.388031065464019775e-01
-1.132505774497985840e+00
1.503781676292419434e+00
1.449937939643859863e+00
-6.486114859580993652e-01
4.836085438728332520e-01
1.124589204788208008e+00
4.471823871135711670e-01
-7.706651091575622559e-01
-2.817361652851104736e-01
9.517372846603393555e-01
6.986225247383117676e-01
6.175636053085327148e-01
2.006119728088378906e+00
2.046358108520507812e+00
-1.136557534337043762e-01
-6.559430807828903198e-02
2.076687574386596680e+00
2.028789043426513672e+00
1.981715559959411621e+00
-7.705472707748413086e-01
4.521624147891998291e-01
2.585344016551971436e-01
-8.192357420921325684e-01
4.096343994140625000e+00
3.960635662078857422e+00
4.064153671264648438e+00
4.060361862182617188e+00
4.065402030944824219e+00
4.056201457977294922e+00
4.026008129119873047e+00
9.419759511947631836e-01
2.310543060302734375e-01
9.191011190414428711e-01
1.817539930343627930e+00
-8.718230724334716797e-01
1.832063317298889160e+00
1.796874880790710449e+00
1.801986455917358398e+00
1.712383747100830078e+00
1.688083410263061523e+00
1.339055776596069336e+00
1.225529193878173828e+00
1.602276206016540527e+00
7.068554162979125977e-01
1.370772004127502441e+00
4.670741558074951172e-01
-6.022109091281890869e-02
4.932504296302795410e-01
