1.1746918531e+00 1.1746918531e+00 1.1746918531e+00 1.1746918531e+00 1.1746918531e+00 1.1746918531e+00 
1.1730664003e+00 1.1730664003e+00 1.1730664003e+00 1.1730664003e+00 1.1730664003e+00 1.1730664003e+00 
1.1681727897e+00 1.1681727897e+00 1.1681727897e+00 1.1681727897e+00 1.1681727897e+00 1.1681727897e+00 
1.1599601489e+00 1.1599601489e+00 1.1599601489e+00 1.1599601489e+00 1.1599601489e+00 1.1599601489e+00 
1.1483466863e+00 1.1483466863e+00 1.1483466863e+00 1.1483466863e+00 1.1483466863e+00 1.1483466863e+00 
1.1332243769e+00 1.1332243769e+00 1.1332243769e+00 1.1332243769e+00 1.1332243769e+00 1.1332243769e+00 
1.1144659760e+00 1.1144659760e+00 1.1144659760e+00 1.1144659760e+00 1.1144659760e+00 1.1144659760e+00 
1.0919350142e+00 1.0919350142e+00 1.0919350142e+00 1.0919350142e+00 1.0919350142e+00 1.0919350142e+00 
1.0654999867e+00 1.0654999867e+00 1.0654999867e+00 1.0654999867e+00 1.0654999867e+00 1.0654999867e+00 
1.0350549770e+00 1.0350549770e+00 1.0350549770e+00 1.0350549770e+00 1.0350549770e+00 1.0350549770e+00 
1.0005508094e+00 1.0005508094e+00 1.0005508094e+00 1.0005508094e+00 1.0005508094e+00 1.0005508094e+00 
9.6204407807e-01 9.6204407807e-01 9.6204407807e-01 9.6204407807e-01 9.6204407807e-01 9.6204407807e-01 
9.1977677508e-01 9.1977677508e-01 9.1977677508e-01 9.1977677508e-01 9.1977677508e-01 9.1977677508e-01 
8.7430666850e-01 8.7430666850e-01 8.7430666850e-01 8.7430666850e-01 8.7430666850e-01 8.7430666850e-01 
8.2671215918e-01 8.2671215918e-01 8.2671215918e-01 8.2671215918e-01 8.2671215918e-01 8.2671215918e-01 
7.7886382605e-01 7.7886382605e-01 7.7886382605e-01 7.7886382605e-01 7.7886382605e-01 7.7886382605e-01 
7.3359865272e-01 7.3359865272e-01 7.3359865272e-01 7.3359865272e-01 7.3359865272e-01 7.3359865272e-01 
6.9436702006e-01 6.9436702006e-01 6.9436702006e-01 6.9436702006e-01 6.9436702006e-01 6.9436702006e-01 
6.6426714219e-01 6.6426714219e-01 6.6426714219e-01 6.6426714219e-01 6.6426714219e-01 6.6426714219e-01 
6.4538818944e-01 6.4538818944e-01 6.4538818944e-01 6.4538818944e-01 6.4538818944e-01 6.4538818944e-01 
6.3892666425e-01 6.3892666425e-01 6.3892666425e-01 6.3892666425e-01 6.3892666425e-01 6.3892666425e-01 
