9.3152200162e+00 9.3152200162e+00 9.3152200162e+00 9.3152200162e+00 9.3152200162e+00 9.3152200162e+00 
9.3151428272e+00 9.3151428272e+00 9.3151428272e+00 9.3151428272e+00 9.3151428272e+00 9.3151428272e+00 
9.3149066930e+00 9.3149066930e+00 9.3149066930e+00 9.3149066930e+00 9.3149066930e+00 9.3149066930e+00 
9.3144979471e+00 9.3144979471e+00 9.3144979471e+00 9.3144979471e+00 9.3144979471e+00 9.3144979471e+00 
9.3138939159e+00 9.3138939159e+00 9.3138939159e+00 9.3138939159e+00 9.3138939159e+00 9.3138939159e+00 
9.3130630195e+00 9.3130630195e+00 9.3130630195e+00 9.3130630195e+00 9.3130630195e+00 9.3130630195e+00 
9.3119647874e+00 9.3119647874e+00 9.3119647874e+00 9.3119647874e+00 9.3119647874e+00 9.3119647874e+00 
9.3105496212e+00 9.3105496212e+00 9.3105496212e+00 9.3105496212e+00 9.3105496212e+00 9.3105496212e+00 
9.3087580055e+00 9.3087580055e+00 9.3087580055e+00 9.3087580055e+00 9.3087580055e+00 9.3087580055e+00 
9.3065186485e+00 9.3065186485e+00 9.3065186485e+00 9.3065186485e+00 9.3065186485e+00 9.3065186485e+00 
9.3037446467e+00 9.3037446467e+00 9.3037446467e+00 9.3037446467e+00 9.3037446467e+00 9.3037446467e+00 
9.3003261267e+00 9.3003261267e+00 9.3003261267e+00 9.3003261267e+00 9.3003261267e+00 9.3003261267e+00 
9.2961168495e+00 9.2961168495e+00 9.2961168495e+00 9.2961168495e+00 9.2961168495e+00 9.2961168495e+00 
9.2909113308e+00 9.2909113308e+00 9.2909113308e+00 9.2909113308e+00 9.2909113308e+00 9.2909113308e+00 
9.2844108643e+00 9.2844108643e+00 9.2844108643e+00 9.2844108643e+00 9.2844108643e+00 9.2844108643e+00 
9.2761939559e+00 9.2761939559e+00 9.2761939559e+00 9.2761939559e+00 9.2761939559e+00 9.2761939559e+00 
9.2657823154e+00 9.2657823154e+00 9.2657823154e+00 9.2657823154e+00 9.2657823154e+00 9.2657823154e+00 
9.2531274574e+00 9.2531274574e+00 9.2531274574e+00 9.2531274574e+00 9.2531274574e+00 9.2531274574e+00 
9.2399231245e+00 9.2399231245e+00 9.2399231245e+00 9.2399231245e+00 9.2399231245e+00 9.2399231245e+00 
9.2299244097e+00 9.2299244097e+00 9.2299244097e+00 9.2299244097e+00 9.2299244097e+00 9.2299244097e+00 
9.2262267752e+00 9.2262267752e+00 9.2262267752e+00 9.2262267752e+00 9.2262267752e+00 9.2262267752e+00 
