9.7853943633e+00 9.7853943633e+00 9.7853943633e+00 9.7853943633e+00 9.7853943633e+00 9.7853943633e+00 
9.7850459576e+00 9.7850459576e+00 9.7850459576e+00 9.7850459576e+00 9.7850459576e+00 9.7850459576e+00 
9.7839871344e+00 9.7839871344e+00 9.7839871344e+00 9.7839871344e+00 9.7839871344e+00 9.7839871344e+00 
9.7821772941e+00 9.7821772941e+00 9.7821772941e+00 9.7821772941e+00 9.7821772941e+00 9.7821772941e+00 
9.7795495410e+00 9.7795495410e+00 9.7795495410e+00 9.7795495410e+00 9.7795495410e+00 9.7795495410e+00 
9.7760120017e+00 9.7760120017e+00 9.7760120017e+00 9.7760120017e+00 9.7760120017e+00 9.7760120017e+00 
9.7714500809e+00 9.7714500809e+00 9.7714500809e+00 9.7714500809e+00 9.7714500809e+00 9.7714500809e+00 
9.7657303007e+00 9.7657303007e+00 9.7657303007e+00 9.7657303007e+00 9.7657303007e+00 9.7657303007e+00 
9.7587069812e+00 9.7587069812e+00 9.7587069812e+00 9.7587069812e+00 9.7587069812e+00 9.7587069812e+00 
9.7502341330e+00 9.7502341330e+00 9.7502341330e+00 9.7502341330e+00 9.7502341330e+00 9.7502341330e+00 
9.7401868308e+00 9.7401868308e+00 9.7401868308e+00 9.7401868308e+00 9.7401868308e+00 9.7401868308e+00 
9.7284991983e+00 9.7284991983e+00 9.7284991983e+00 9.7284991983e+00 9.7284991983e+00 9.7284991983e+00 
9.7152288057e+00 9.7152288057e+00 9.7152288057e+00 9.7152288057e+00 9.7152288057e+00 9.7152288057e+00 
9.7006518741e+00 9.7006518741e+00 9.7006518741e+00 9.7006518741e+00 9.7006518741e+00 9.7006518741e+00 
9.6853545885e+00 9.6853545885e+00 9.6853545885e+00 9.6853545885e+00 9.6853545885e+00 9.6853545885e+00 
9.6702076402e+00 9.6702076402e+00 9.6702076402e+00 9.6702076402e+00 9.6702076402e+00 9.6702076402e+00 
9.6561586990e+00 9.6561586990e+00 9.6561586990e+00 9.6561586990e+00 9.6561586990e+00 9.6561586990e+00 
9.6440351833e+00 9.6440351833e+00 9.6440351833e+00 9.6440351833e+00 9.6440351833e+00 9.6440351833e+00 
9.6345673388e+00 9.6345673388e+00 9.6345673388e+00 9.6345673388e+00 9.6345673388e+00 9.6345673388e+00 
9.6284802269e+00 9.6284802269e+00 9.6284802269e+00 9.6284802269e+00 9.6284802269e+00 9.6284802269e+00 
9.6263613546e+00 9.6263613546e+00 9.6263613546e+00 9.6263613546e+00 9.6263613546e+00 9.6263613546e+00 
