1.0129821330e+01 1.0129821330e+01 1.0129821330e+01 1.0129821330e+01 1.0129821330e+01 1.0129821330e+01 
1.0129206432e+01 1.0129206432e+01 1.0129206432e+01 1.0129206432e+01 1.0129206432e+01 1.0129206432e+01 
1.0127354649e+01 1.0127354649e+01 1.0127354649e+01 1.0127354649e+01 1.0127354649e+01 1.0127354649e+01 
1.0124245028e+01 1.0124245028e+01 1.0124245028e+01 1.0124245028e+01 1.0124245028e+01 1.0124245028e+01 
1.0119843737e+01 1.0119843737e+01 1.0119843737e+01 1.0119843737e+01 1.0119843737e+01 1.0119843737e+01 
1.0114106035e+01 1.0114106035e+01 1.0114106035e+01 1.0114106035e+01 1.0114106035e+01 1.0114106035e+01 
1.0106979780e+01 1.0106979780e+01 1.0106979780e+01 1.0106979780e+01 1.0106979780e+01 1.0106979780e+01 
1.0098411591e+01 1.0098411591e+01 1.0098411591e+01 1.0098411591e+01 1.0098411591e+01 1.0098411591e+01 
1.0088357556e+01 1.0088357556e+01 1.0088357556e+01 1.0088357556e+01 1.0088357556e+01 1.0088357556e+01 
1.0076801667e+01 1.0076801667e+01 1.0076801667e+01 1.0076801667e+01 1.0076801667e+01 1.0076801667e+01 
1.0063786610e+01 1.0063786610e+01 1.0063786610e+01 1.0063786610e+01 1.0063786610e+01 1.0063786610e+01 
1.0049461871e+01 1.0049461871e+01 1.0049461871e+01 1.0049461871e+01 1.0049461871e+01 1.0049461871e+01 
1.0034146966e+01 1.0034146966e+01 1.0034146966e+01 1.0034146966e+01 1.0034146966e+01 1.0034146966e+01 
1.0018379085e+01 1.0018379085e+01 1.0018379085e+01 1.0018379085e+01 1.0018379085e+01 1.0018379085e+01 
1.0002874403e+01 1.0002874403e+01 1.0002874403e+01 1.0002874403e+01 1.0002874403e+01 1.0002874403e+01 
9.9883768565e+00 9.9883768565e+00 9.9883768565e+00 9.9883768565e+00 9.9883768565e+00 9.9883768565e+00 
9.9755065026e+00 9.9755065026e+00 9.9755065026e+00 9.9755065026e+00 9.9755065026e+00 9.9755065026e+00 
9.9647282996e+00 9.9647282996e+00 9.9647282996e+00 9.9647282996e+00 9.9647282996e+00 9.9647282996e+00 
9.9564594937e+00 9.9564594937e+00 9.9564594937e+00 9.9564594937e+00 9.9564594937e+00 9.9564594937e+00 
9.9511863233e+00 9.9511863233e+00 9.9511863233e+00 9.9511863233e+00 9.9511863233e+00 9.9511863233e+00 
9.9493559507e+00 9.9493559507e+00 9.9493559507e+00 9.9493559507e+00 9.9493559507e+00 9.9493559507e+00 
