1.0395264791e+01 1.0395264791e+01 1.0395264791e+01 1.0395264791e+01 1.0395264791e+01 1.0395264791e+01 
1.0394656607e+01 1.0394656607e+01 1.0394656607e+01 1.0394656607e+01 1.0394656607e+01 1.0394656607e+01 
1.0392828160e+01 1.0392828160e+01 1.0392828160e+01 1.0392828160e+01 1.0392828160e+01 1.0392828160e+01 
1.0389768056e+01 1.0389768056e+01 1.0389768056e+01 1.0389768056e+01 1.0389768056e+01 1.0389768056e+01 
1.0385458355e+01 1.0385458355e+01 1.0385458355e+01 1.0385458355e+01 1.0385458355e+01 1.0385458355e+01 
1.0379876492e+01 1.0379876492e+01 1.0379876492e+01 1.0379876492e+01 1.0379876492e+01 1.0379876492e+01 
1.0372998753e+01 1.0372998753e+01 1.0372998753e+01 1.0372998753e+01 1.0372998753e+01 1.0372998753e+01 
1.0364806384e+01 1.0364806384e+01 1.0364806384e+01 1.0364806384e+01 1.0364806384e+01 1.0364806384e+01 
1.0355296106e+01 1.0355296106e+01 1.0355296106e+01 1.0355296106e+01 1.0355296106e+01 1.0355296106e+01 
1.0344497801e+01 1.0344497801e+01 1.0344497801e+01 1.0344497801e+01 1.0344497801e+01 1.0344497801e+01 
1.0332502978e+01 1.0332502978e+01 1.0332502978e+01 1.0332502978e+01 1.0332502978e+01 1.0332502978e+01 
1.0319506214e+01 1.0319506214e+01 1.0319506214e+01 1.0319506214e+01 1.0319506214e+01 1.0319506214e+01 
1.0305850925e+01 1.0305850925e+01 1.0305850925e+01 1.0305850925e+01 1.0305850925e+01 1.0305850925e+01 
1.0292043044e+01 1.0292043044e+01 1.0292043044e+01 1.0292043044e+01 1.0292043044e+01 1.0292043044e+01 
1.0278684188e+01 1.0278684188e+01 1.0278684188e+01 1.0278684188e+01 1.0278684188e+01 1.0278684188e+01 
1.0266345592e+01 1.0266345592e+01 1.0266345592e+01 1.0266345592e+01 1.0266345592e+01 1.0266345592e+01 
1.0255476708e+01 1.0255476708e+01 1.0255476708e+01 1.0255476708e+01 1.0255476708e+01 1.0255476708e+01 
1.0246405024e+01 1.0246405024e+01 1.0246405024e+01 1.0246405024e+01 1.0246405024e+01 1.0246405024e+01 
1.0239439107e+01 1.0239439107e+01 1.0239439107e+01 1.0239439107e+01 1.0239439107e+01 1.0239439107e+01 
1.0234981592e+01 1.0234981592e+01 1.0234981592e+01 1.0234981592e+01 1.0234981592e+01 1.0234981592e+01 
1.0233429401e+01 1.0233429401e+01 1.0233429401e+01 1.0233429401e+01 1.0233429401e+01 1.0233429401e+01 
