1.0613913166e+01 1.0613913166e+01 1.0613913166e+01 1.0613913166e+01 1.0613913166e+01 1.0613913166e+01 
1.0613403079e+01 1.0613403079e+01 1.0613403079e+01 1.0613403079e+01 1.0613403079e+01 1.0613403079e+01 
1.0611870221e+01 1.0611870221e+01 1.0611870221e+01 1.0611870221e+01 1.0611870221e+01 1.0611870221e+01 
1.0609307043e+01 1.0609307043e+01 1.0609307043e+01 1.0609307043e+01 1.0609307043e+01 1.0609307043e+01 
1.0605701842e+01 1.0605701842e+01 1.0605701842e+01 1.0605701842e+01 1.0605701842e+01 1.0605701842e+01 
1.0601040363e+01 1.0601040363e+01 1.0601040363e+01 1.0601040363e+01 1.0601040363e+01 1.0601040363e+01 
1.0595308686e+01 1.0595308686e+01 1.0595308686e+01 1.0595308686e+01 1.0595308686e+01 1.0595308686e+01 
1.0588498242e+01 1.0588498242e+01 1.0588498242e+01 1.0588498242e+01 1.0588498242e+01 1.0588498242e+01 
1.0580614376e+01 1.0580614376e+01 1.0580614376e+01 1.0580614376e+01 1.0580614376e+01 1.0580614376e+01 
1.0571690622e+01 1.0571690622e+01 1.0571690622e+01 1.0571690622e+01 1.0571690622e+01 1.0571690622e+01 
1.0561811551e+01 1.0561811551e+01 1.0561811551e+01 1.0561811551e+01 1.0561811551e+01 1.0561811551e+01 
1.0551145687e+01 1.0551145687e+01 1.0551145687e+01 1.0551145687e+01 1.0551145687e+01 1.0551145687e+01 
1.0539980092e+01 1.0539980092e+01 1.0539980092e+01 1.0539980092e+01 1.0539980092e+01 1.0539980092e+01 
1.0528725626e+01 1.0528725626e+01 1.0528725626e+01 1.0528725626e+01 1.0528725626e+01 1.0528725626e+01 
1.0517858865e+01 1.0517858865e+01 1.0517858865e+01 1.0517858865e+01 1.0517858865e+01 1.0517858865e+01 
1.0507825179e+01 1.0507825179e+01 1.0507825179e+01 1.0507825179e+01 1.0507825179e+01 1.0507825179e+01 
1.0498971493e+01 1.0498971493e+01 1.0498971493e+01 1.0498971493e+01 1.0498971493e+01 1.0498971493e+01 
1.0491548788e+01 1.0491548788e+01 1.0491548788e+01 1.0491548788e+01 1.0491548788e+01 1.0491548788e+01 
1.0485806143e+01 1.0485806143e+01 1.0485806143e+01 1.0485806143e+01 1.0485806143e+01 1.0485806143e+01 
1.0482100651e+01 1.0482100651e+01 1.0482100651e+01 1.0482100651e+01 1.0482100651e+01 1.0482100651e+01 
1.0480802402e+01 1.0480802402e+01 1.0480802402e+01 1.0480802402e+01 1.0480802402e+01 1.0480802402e+01 
