1.0800275101e+01 1.0800275101e+01 1.0800275101e+01 1.0800275101e+01 1.0800275101e+01 1.0800275101e+01 
1.0799881582e+01 1.0799881582e+01 1.0799881582e+01 1.0799881582e+01 1.0799881582e+01 1.0799881582e+01 
1.0798699004e+01 1.0798699004e+01 1.0798699004e+01 1.0798699004e+01 1.0798699004e+01 1.0798699004e+01 
1.0796721483e+01 1.0796721483e+01 1.0796721483e+01 1.0796721483e+01 1.0796721483e+01 1.0796721483e+01 
1.0793939861e+01 1.0793939861e+01 1.0793939861e+01 1.0793939861e+01 1.0793939861e+01 1.0793939861e+01 
1.0790342880e+01 1.0790342880e+01 1.0790342880e+01 1.0790342880e+01 1.0790342880e+01 1.0790342880e+01 
1.0785919265e+01 1.0785919265e+01 1.0785919265e+01 1.0785919265e+01 1.0785919265e+01 1.0785919265e+01 
1.0780661314e+01 1.0780661314e+01 1.0780661314e+01 1.0780661314e+01 1.0780661314e+01 1.0780661314e+01 
1.0774570986e+01 1.0774570986e+01 1.0774570986e+01 1.0774570986e+01 1.0774570986e+01 1.0774570986e+01 
1.0767670140e+01 1.0767670140e+01 1.0767670140e+01 1.0767670140e+01 1.0767670140e+01 1.0767670140e+01 
1.0760017381e+01 1.0760017381e+01 1.0760017381e+01 1.0760017381e+01 1.0760017381e+01 1.0760017381e+01 
1.0751733514e+01 1.0751733514e+01 1.0751733514e+01 1.0751733514e+01 1.0751733514e+01 1.0751733514e+01 
1.0743030319e+01 1.0743030319e+01 1.0743030319e+01 1.0743030319e+01 1.0743030319e+01 1.0743030319e+01 
1.0734218581e+01 1.0734218581e+01 1.0734218581e+01 1.0734218581e+01 1.0734218581e+01 1.0734218581e+01 
1.0725666676e+01 1.0725666676e+01 1.0725666676e+01 1.0725666676e+01 1.0725666676e+01 1.0725666676e+01 
1.0717725163e+01 1.0717725163e+01 1.0717725163e+01 1.0717725163e+01 1.0717725163e+01 1.0717725163e+01 
1.0710669573e+01 1.0710669573e+01 1.0710669573e+01 1.0710669573e+01 1.0710669573e+01 1.0710669573e+01 
1.0704699299e+01 1.0704699299e+01 1.0704699299e+01 1.0704699299e+01 1.0704699299e+01 1.0704699299e+01 
1.0700023635e+01 1.0700023635e+01 1.0700023635e+01 1.0700023635e+01 1.0700023635e+01 1.0700023635e+01 
1.0696969674e+01 1.0696969674e+01 1.0696969674e+01 1.0696969674e+01 1.0696969674e+01 1.0696969674e+01 
1.0695890555e+01 1.0695890555e+01 1.0695890555e+01 1.0695890555e+01 1.0695890555e+01 1.0695890555e+01 
