1.0961950445e+01 1.0961950445e+01 1.0961950445e+01 1.0961950445e+01 1.0961950445e+01 1.0961950445e+01 
1.0961667589e+01 1.0961667589e+01 1.0961667589e+01 1.0961667589e+01 1.0961667589e+01 1.0961667589e+01 
1.0960817298e+01 1.0960817298e+01 1.0960817298e+01 1.0960817298e+01 1.0960817298e+01 1.0960817298e+01 
1.0959394520e+01 1.0959394520e+01 1.0959394520e+01 1.0959394520e+01 1.0959394520e+01 1.0959394520e+01 
1.0957391256e+01 1.0957391256e+01 1.0957391256e+01 1.0957391256e+01 1.0957391256e+01 1.0957391256e+01 
1.0954797298e+01 1.0954797298e+01 1.0954797298e+01 1.0954797298e+01 1.0954797298e+01 1.0954797298e+01 
1.0951601526e+01 1.0951601526e+01 1.0951601526e+01 1.0951601526e+01 1.0951601526e+01 1.0951601526e+01 
1.0947794091e+01 1.0947794091e+01 1.0947794091e+01 1.0947794091e+01 1.0947794091e+01 1.0947794091e+01 
1.0943370120e+01 1.0943370120e+01 1.0943370120e+01 1.0943370120e+01 1.0943370120e+01 1.0943370120e+01 
1.0938336136e+01 1.0938336136e+01 1.0938336136e+01 1.0938336136e+01 1.0938336136e+01 1.0938336136e+01 
1.0932721382e+01 1.0932721382e+01 1.0932721382e+01 1.0932721382e+01 1.0932721382e+01 1.0932721382e+01 
1.0926596915e+01 1.0926596915e+01 1.0926596915e+01 1.0926596915e+01 1.0926596915e+01 1.0926596915e+01 
1.0920101003e+01 1.0920101003e+01 1.0920101003e+01 1.0920101003e+01 1.0920101003e+01 1.0920101003e+01 
1.0913453298e+01 1.0913453298e+01 1.0913453298e+01 1.0913453298e+01 1.0913453298e+01 1.0913453298e+01 
1.0906930439e+01 1.0906930439e+01 1.0906930439e+01 1.0906930439e+01 1.0906930439e+01 1.0906930439e+01 
1.0900807175e+01 1.0900807175e+01 1.0900807175e+01 1.0900807175e+01 1.0900807175e+01 1.0900807175e+01 
1.0895304025e+01 1.0895304025e+01 1.0895304025e+01 1.0895304025e+01 1.0895304025e+01 1.0895304025e+01 
1.0890581279e+01 1.0890581279e+01 1.0890581279e+01 1.0890581279e+01 1.0890581279e+01 1.0890581279e+01 
1.0886818228e+01 1.0886818228e+01 1.0886818228e+01 1.0886818228e+01 1.0886818228e+01 1.0886818228e+01 
1.0884319744e+01 1.0884319744e+01 1.0884319744e+01 1.0884319744e+01 1.0884319744e+01 1.0884319744e+01 
1.0883427057e+01 1.0883427057e+01 1.0883427057e+01 1.0883427057e+01 1.0883427057e+01 1.0883427057e+01 
