1.1103711156e+01 1.1103711156e+01 1.1103711156e+01 1.1103711156e+01 1.1103711156e+01 1.1103711156e+01 
1.1103525569e+01 1.1103525569e+01 1.1103525569e+01 1.1103525569e+01 1.1103525569e+01 1.1103525569e+01 
1.1102967273e+01 1.1102967273e+01 1.1102967273e+01 1.1102967273e+01 1.1102967273e+01 1.1102967273e+01 
1.1102031722e+01 1.1102031722e+01 1.1102031722e+01 1.1102031722e+01 1.1102031722e+01 1.1102031722e+01 
1.1100711560e+01 1.1100711560e+01 1.1100711560e+01 1.1100711560e+01 1.1100711560e+01 1.1100711560e+01 
1.1098996989e+01 1.1098996989e+01 1.1098996989e+01 1.1098996989e+01 1.1098996989e+01 1.1098996989e+01 
1.1096876370e+01 1.1096876370e+01 1.1096876370e+01 1.1096876370e+01 1.1096876370e+01 1.1096876370e+01 
1.1094337203e+01 1.1094337203e+01 1.1094337203e+01 1.1094337203e+01 1.1094337203e+01 1.1094337203e+01 
1.1091367789e+01 1.1091367789e+01 1.1091367789e+01 1.1091367789e+01 1.1091367789e+01 1.1091367789e+01 
1.1087960352e+01 1.1087960352e+01 1.1087960352e+01 1.1087960352e+01 1.1087960352e+01 1.1087960352e+01 
1.1084117555e+01 1.1084117555e+01 1.1084117555e+01 1.1084117555e+01 1.1084117555e+01 1.1084117555e+01 
1.1079866048e+01 1.1079866048e+01 1.1079866048e+01 1.1079866048e+01 1.1079866048e+01 1.1079866048e+01 
1.1075279136e+01 1.1075279136e+01 1.1075279136e+01 1.1075279136e+01 1.1075279136e+01 1.1075279136e+01 
1.1070497100e+01 1.1070497100e+01 1.1070497100e+01 1.1070497100e+01 1.1070497100e+01 1.1070497100e+01 
1.1065718237e+01 1.1065718237e+01 1.1065718237e+01 1.1065718237e+01 1.1065718237e+01 1.1065718237e+01 
1.1061153799e+01 1.1061153799e+01 1.1061153799e+01 1.1061153799e+01 1.1061153799e+01 1.1061153799e+01 
1.1056978856e+01 1.1056978856e+01 1.1056978856e+01 1.1056978856e+01 1.1056978856e+01 1.1056978856e+01 
1.1053321597e+01 1.1053321597e+01 1.1053321597e+01 1.1053321597e+01 1.1053321597e+01 1.1053321597e+01 
1.1050336707e+01 1.1050336707e+01 1.1050336707e+01 1.1050336707e+01 1.1050336707e+01 1.1050336707e+01 
1.1048311117e+01 1.1048311117e+01 1.1048311117e+01 1.1048311117e+01 1.1048311117e+01 1.1048311117e+01 
1.1047576954e+01 1.1047576954e+01 1.1047576954e+01 1.1047576954e+01 1.1047576954e+01 1.1047576954e+01 
