1.1228963147e+01 1.1228963147e+01 1.1228963147e+01 1.1228963147e+01 1.1228963147e+01 1.1228963147e+01 
1.1228859954e+01 1.1228859954e+01 1.1228859954e+01 1.1228859954e+01 1.1228859954e+01 1.1228859954e+01 
1.1228548979e+01 1.1228548979e+01 1.1228548979e+01 1.1228548979e+01 1.1228548979e+01 1.1228548979e+01 
1.1228026057e+01 1.1228026057e+01 1.1228026057e+01 1.1228026057e+01 1.1228026057e+01 1.1228026057e+01 
1.1227284302e+01 1.1227284302e+01 1.1227284302e+01 1.1227284302e+01 1.1227284302e+01 1.1227284302e+01 
1.1226314179e+01 1.1226314179e+01 1.1226314179e+01 1.1226314179e+01 1.1226314179e+01 1.1226314179e+01 
1.1225103556e+01 1.1225103556e+01 1.1225103556e+01 1.1225103556e+01 1.1225103556e+01 1.1225103556e+01 
1.1223637724e+01 1.1223637724e+01 1.1223637724e+01 1.1223637724e+01 1.1223637724e+01 1.1223637724e+01 
1.1221899414e+01 1.1221899414e+01 1.1221899414e+01 1.1221899414e+01 1.1221899414e+01 1.1221899414e+01 
1.1219869234e+01 1.1219869234e+01 1.1219869234e+01 1.1219869234e+01 1.1219869234e+01 1.1219869234e+01 
1.1217528141e+01 1.1217528141e+01 1.1217528141e+01 1.1217528141e+01 1.1217528141e+01 1.1217528141e+01 
1.1214866045e+01 1.1214866045e+01 1.1214866045e+01 1.1214866045e+01 1.1214866045e+01 1.1214866045e+01 
1.1211901639e+01 1.1211901639e+01 1.1211901639e+01 1.1211901639e+01 1.1211901639e+01 1.1211901639e+01 
1.1208707538e+01 1.1208707538e+01 1.1208707538e+01 1.1208707538e+01 1.1208707538e+01 1.1208707538e+01 
1.1205414667e+01 1.1205414667e+01 1.1205414667e+01 1.1205414667e+01 1.1205414667e+01 1.1205414667e+01 
1.1202179448e+01 1.1202179448e+01 1.1202179448e+01 1.1202179448e+01 1.1202179448e+01 1.1202179448e+01 
1.1199137657e+01 1.1199137657e+01 1.1199137657e+01 1.1199137657e+01 1.1199137657e+01 1.1199137657e+01 
1.1196389662e+01 1.1196389662e+01 1.1196389662e+01 1.1196389662e+01 1.1196389662e+01 1.1196389662e+01 
1.1194068757e+01 1.1194068757e+01 1.1194068757e+01 1.1194068757e+01 1.1194068757e+01 1.1194068757e+01 
1.1192446434e+01 1.1192446434e+01 1.1192446434e+01 1.1192446434e+01 1.1192446434e+01 1.1192446434e+01 
1.1191847360e+01 1.1191847360e+01 1.1191847360e+01 1.1191847360e+01 1.1191847360e+01 1.1191847360e+01 
