1.1340326654e+01 1.1340326654e+01 1.1340326654e+01 1.1340326654e+01 1.1340326654e+01 1.1340326654e+01 
1.1340291721e+01 1.1340291721e+01 1.1340291721e+01 1.1340291721e+01 1.1340291721e+01 1.1340291721e+01 
1.1340185648e+01 1.1340185648e+01 1.1340185648e+01 1.1340185648e+01 1.1340185648e+01 1.1340185648e+01 
1.1340004599e+01 1.1340004599e+01 1.1340004599e+01 1.1340004599e+01 1.1340004599e+01 1.1340004599e+01 
1.1339742116e+01 1.1339742116e+01 1.1339742116e+01 1.1339742116e+01 1.1339742116e+01 1.1339742116e+01 
1.1339388964e+01 1.1339388964e+01 1.1339388964e+01 1.1339388964e+01 1.1339388964e+01 1.1339388964e+01 
1.1338932778e+01 1.1338932778e+01 1.1338932778e+01 1.1338932778e+01 1.1338932778e+01 1.1338932778e+01 
1.1338357352e+01 1.1338357352e+01 1.1338357352e+01 1.1338357352e+01 1.1338357352e+01 1.1338357352e+01 
1.1337641410e+01 1.1337641410e+01 1.1337641410e+01 1.1337641410e+01 1.1337641410e+01 1.1337641410e+01 
1.1336756946e+01 1.1336756946e+01 1.1336756946e+01 1.1336756946e+01 1.1336756946e+01 1.1336756946e+01 
1.1335668377e+01 1.1335668377e+01 1.1335668377e+01 1.1335668377e+01 1.1335668377e+01 1.1335668377e+01 
1.1334336755e+01 1.1334336755e+01 1.1334336755e+01 1.1334336755e+01 1.1334336755e+01 1.1334336755e+01 
1.1332736389e+01 1.1332736389e+01 1.1332736389e+01 1.1332736389e+01 1.1332736389e+01 1.1332736389e+01 
1.1330883085e+01 1.1330883085e+01 1.1330883085e+01 1.1330883085e+01 1.1330883085e+01 1.1330883085e+01 
1.1328849671e+01 1.1328849671e+01 1.1328849671e+01 1.1328849671e+01 1.1328849671e+01 1.1328849671e+01 
1.1326744381e+01 1.1326744381e+01 1.1326744381e+01 1.1326744381e+01 1.1326744381e+01 1.1326744381e+01 
1.1324668037e+01 1.1324668037e+01 1.1324668037e+01 1.1324668037e+01 1.1324668037e+01 1.1324668037e+01 
1.1322696039e+01 1.1322696039e+01 1.1322696039e+01 1.1322696039e+01 1.1322696039e+01 1.1322696039e+01 
1.1320942336e+01 1.1320942336e+01 1.1320942336e+01 1.1320942336e+01 1.1320942336e+01 1.1320942336e+01 
1.1319664526e+01 1.1319664526e+01 1.1319664526e+01 1.1319664526e+01 1.1319664526e+01 1.1319664526e+01 
1.1319180818e+01 1.1319180818e+01 1.1319180818e+01 1.1319180818e+01 1.1319180818e+01 1.1319180818e+01 
