2.4091259060e+00 2.4091259060e+00 2.4091259060e+00 2.4091259060e+00 2.4091259060e+00 2.4091259060e+00 
2.4065443319e+00 2.4065443319e+00 2.4065443319e+00 2.4065443319e+00 2.4065443319e+00 2.4065443319e+00 
2.3988104978e+00 2.3988104978e+00 2.3988104978e+00 2.3988104978e+00 2.3988104978e+00 2.3988104978e+00 
2.3859573544e+00 2.3859573544e+00 2.3859573544e+00 2.3859573544e+00 2.3859573544e+00 2.3859573544e+00 
2.3680407883e+00 2.3680407883e+00 2.3680407883e+00 2.3680407883e+00 2.3680407883e+00 2.3680407883e+00 
2.3451411428e+00 2.3451411428e+00 2.3451411428e+00 2.3451411428e+00 2.3451411428e+00 2.3451411428e+00 
2.3173655359e+00 2.3173655359e+00 2.3173655359e+00 2.3173655359e+00 2.3173655359e+00 2.3173655359e+00 
2.2848513072e+00 2.2848513072e+00 2.2848513072e+00 2.2848513072e+00 2.2848513072e+00 2.2848513072e+00 
2.2477712837e+00 2.2477712837e+00 2.2477712837e+00 2.2477712837e+00 2.2477712837e+00 2.2477712837e+00 
2.2063422214e+00 2.2063422214e+00 2.2063422214e+00 2.2063422214e+00 2.2063422214e+00 2.2063422214e+00 
2.1608390213e+00 2.1608390213e+00 2.1608390213e+00 2.1608390213e+00 2.1608390213e+00 2.1608390213e+00 
2.1116195714e+00 2.1116195714e+00 2.1116195714e+00 2.1116195714e+00 2.1116195714e+00 2.1116195714e+00 
2.0591691172e+00 2.0591691172e+00 2.0591691172e+00 2.0591691172e+00 2.0591691172e+00 2.0591691172e+00 
2.0041799485e+00 2.0041799485e+00 2.0041799485e+00 2.0041799485e+00 2.0041799485e+00 2.0041799485e+00 
1.9476920705e+00 1.9476920705e+00 1.9476920705e+00 1.9476920705e+00 1.9476920705e+00 1.9476920705e+00 
1.8913263954e+00 1.8913263954e+00 1.8913263954e+00 1.8913263954e+00 1.8913263954e+00 1.8913263954e+00 
1.8376054991e+00 1.8376054991e+00 1.8376054991e+00 1.8376054991e+00 1.8376054991e+00 1.8376054991e+00 
1.7901383826e+00 1.7901383826e+00 1.7901383826e+00 1.7901383826e+00 1.7901383826e+00 1.7901383826e+00 
1.7530206469e+00 1.7530206469e+00 1.7530206469e+00 1.7530206469e+00 1.7530206469e+00 1.7530206469e+00 
1.7294954377e+00 1.7294954377e+00 1.7294954377e+00 1.7294954377e+00 1.7294954377e+00 1.7294954377e+00 
1.7214178503e+00 1.7214178503e+00 1.7214178503e+00 1.7214178503e+00 1.7214178503e+00 1.7214178503e+00 
