1.1439903485e+01 1.1439903485e+01 1.1439903485e+01 1.1439903485e+01 1.1439903485e+01 1.1439903485e+01 
1.1439924214e+01 1.1439924214e+01 1.1439924214e+01 1.1439924214e+01 1.1439924214e+01 1.1439924214e+01 
1.1439985238e+01 1.1439985238e+01 1.1439985238e+01 1.1439985238e+01 1.1439985238e+01 1.1439985238e+01 
1.1440083030e+01 1.1440083030e+01 1.1440083030e+01 1.1440083030e+01 1.1440083030e+01 1.1440083030e+01 
1.1440211562e+01 1.1440211562e+01 1.1440211562e+01 1.1440211562e+01 1.1440211562e+01 1.1440211562e+01 
1.1440361987e+01 1.1440361987e+01 1.1440361987e+01 1.1440361987e+01 1.1440361987e+01 1.1440361987e+01 
1.1440522000e+01 1.1440522000e+01 1.1440522000e+01 1.1440522000e+01 1.1440522000e+01 1.1440522000e+01 
1.1440674610e+01 1.1440674610e+01 1.1440674610e+01 1.1440674610e+01 1.1440674610e+01 1.1440674610e+01 
1.1440796007e+01 1.1440796007e+01 1.1440796007e+01 1.1440796007e+01 1.1440796007e+01 1.1440796007e+01 
1.1440852331e+01 1.1440852331e+01 1.1440852331e+01 1.1440852331e+01 1.1440852331e+01 1.1440852331e+01 
1.1440796177e+01 1.1440796177e+01 1.1440796177e+01 1.1440796177e+01 1.1440796177e+01 1.1440796177e+01 
1.1440566935e+01 1.1440566935e+01 1.1440566935e+01 1.1440566935e+01 1.1440566935e+01 1.1440566935e+01 
1.1440103881e+01 1.1440103881e+01 1.1440103881e+01 1.1440103881e+01 1.1440103881e+01 1.1440103881e+01 
1.1439375802e+01 1.1439375802e+01 1.1439375802e+01 1.1439375802e+01 1.1439375802e+01 1.1439375802e+01 
1.1438405486e+01 1.1438405486e+01 1.1438405486e+01 1.1438405486e+01 1.1438405486e+01 1.1438405486e+01 
1.1437258422e+01 1.1437258422e+01 1.1437258422e+01 1.1437258422e+01 1.1437258422e+01 1.1437258422e+01 
1.1436003808e+01 1.1436003808e+01 1.1436003808e+01 1.1436003808e+01 1.1436003808e+01 1.1436003808e+01 
1.1434694144e+01 1.1434694144e+01 1.1434694144e+01 1.1434694144e+01 1.1434694144e+01 1.1434694144e+01 
1.1433425435e+01 1.1433425435e+01 1.1433425435e+01 1.1433425435e+01 1.1433425435e+01 1.1433425435e+01 
1.1432442375e+01 1.1432442375e+01 1.1432442375e+01 1.1432442375e+01 1.1432442375e+01 1.1432442375e+01 
1.1432057358e+01 1.1432057358e+01 1.1432057358e+01 1.1432057358e+01 1.1432057358e+01 1.1432057358e+01 
