3.6077262930e+00 3.6077262930e+00 3.6077262930e+00 3.6077262930e+00 3.6077262930e+00 3.6077262930e+00 
3.6050045434e+00 3.6050045434e+00 3.6050045434e+00 3.6050045434e+00 3.6050045434e+00 3.6050045434e+00 
3.5968619399e+00 3.5968619399e+00 3.5968619399e+00 3.5968619399e+00 3.5968619399e+00 3.5968619399e+00 
3.5833662498e+00 3.5833662498e+00 3.5833662498e+00 3.5833662498e+00 3.5833662498e+00 3.5833662498e+00 
3.5646298766e+00 3.5646298766e+00 3.5646298766e+00 3.5646298766e+00 3.5646298766e+00 3.5646298766e+00 
3.5408091241e+00 3.5408091241e+00 3.5408091241e+00 3.5408091241e+00 3.5408091241e+00 3.5408091241e+00 
3.5121033453e+00 3.5121033453e+00 3.5121033453e+00 3.5121033453e+00 3.5121033453e+00 3.5121033453e+00 
3.4787542298e+00 3.4787542298e+00 3.4787542298e+00 3.4787542298e+00 3.4787542298e+00 3.4787542298e+00 
3.4410456981e+00 3.4410456981e+00 3.4410456981e+00 3.4410456981e+00 3.4410456981e+00 3.4410456981e+00 
3.3993052695e+00 3.3993052695e+00 3.3993052695e+00 3.3993052695e+00 3.3993052695e+00 3.3993052695e+00 
3.3539085274e+00 3.3539085274e+00 3.3539085274e+00 3.3539085274e+00 3.3539085274e+00 3.3539085274e+00 
3.3052897629e+00 3.3052897629e+00 3.3052897629e+00 3.3052897629e+00 3.3052897629e+00 3.3052897629e+00 
3.2539647428e+00 3.2539647428e+00 3.2539647428e+00 3.2539647428e+00 3.2539647428e+00 3.2539647428e+00 
3.2005772356e+00 3.2005772356e+00 3.2005772356e+00 3.2005772356e+00 3.2005772356e+00 3.2005772356e+00 
3.1459918919e+00 3.1459918919e+00 3.1459918919e+00 3.1459918919e+00 3.1459918919e+00 3.1459918919e+00 
3.0914742886e+00 3.0914742886e+00 3.0914742886e+00 3.0914742886e+00 3.0914742886e+00 3.0914742886e+00 
3.0390128710e+00 3.0390128710e+00 3.0390128710e+00 3.0390128710e+00 3.0390128710e+00 3.0390128710e+00 
2.9917488280e+00 2.9917488280e+00 2.9917488280e+00 2.9917488280e+00 2.9917488280e+00 2.9917488280e+00 
2.9539504578e+00 2.9539504578e+00 2.9539504578e+00 2.9539504578e+00 2.9539504578e+00 2.9539504578e+00 
2.9296376392e+00 2.9296376392e+00 2.9296376392e+00 2.9296376392e+00 2.9296376392e+00 2.9296376392e+00 
2.9212403319e+00 2.9212403319e+00 2.9212403319e+00 2.9212403319e+00 2.9212403319e+00 2.9212403319e+00 
