4.7192525353e+00 4.7192525353e+00 4.7192525353e+00 4.7192525353e+00 4.7192525353e+00 4.7192525353e+00 
4.7168379031e+00 4.7168379031e+00 4.7168379031e+00 4.7168379031e+00 4.7168379031e+00 4.7168379031e+00 
4.7096170028e+00 4.7096170028e+00 4.7096170028e+00 4.7096170028e+00 4.7096170028e+00 4.7096170028e+00 
4.6976584925e+00 4.6976584925e+00 4.6976584925e+00 4.6976584925e+00 4.6976584925e+00 4.6976584925e+00 
4.6810757137e+00 4.6810757137e+00 4.6810757137e+00 4.6810757137e+00 4.6810757137e+00 4.6810757137e+00 
4.6600251198e+00 4.6600251198e+00 4.6600251198e+00 4.6600251198e+00 4.6600251198e+00 4.6600251198e+00 
4.6347042084e+00 4.6347042084e+00 4.6347042084e+00 4.6347042084e+00 4.6347042084e+00 4.6347042084e+00 
4.6053491197e+00 4.6053491197e+00 4.6053491197e+00 4.6053491197e+00 4.6053491197e+00 4.6053491197e+00 
4.5722321746e+00 4.5722321746e+00 4.5722321746e+00 4.5722321746e+00 4.5722321746e+00 4.5722321746e+00 
4.5356598381e+00 4.5356598381e+00 4.5356598381e+00 4.5356598381e+00 4.5356598381e+00 4.5356598381e+00 
4.4959720160e+00 4.4959720160e+00 4.4959720160e+00 4.4959720160e+00 4.4959720160e+00 4.4959720160e+00 
4.4535445044e+00 4.4535445044e+00 4.4535445044e+00 4.4535445044e+00 4.4535445044e+00 4.4535445044e+00 
4.4087984398e+00 4.4087984398e+00 4.4087984398e+00 4.4087984398e+00 4.4087984398e+00 4.4087984398e+00 
4.3622253614e+00 4.3622253614e+00 4.3622253614e+00 4.3622253614e+00 4.3622253614e+00 4.3622253614e+00 
4.3144478836e+00 4.3144478836e+00 4.3144478836e+00 4.3144478836e+00 4.3144478836e+00 4.3144478836e+00 
4.2663613219e+00 4.2663613219e+00 4.2663613219e+00 4.2663613219e+00 4.2663613219e+00 4.2663613219e+00 
4.2194424831e+00 4.2194424831e+00 4.2194424831e+00 4.2194424831e+00 4.2194424831e+00 4.2194424831e+00 
4.1762925300e+00 4.1762925300e+00 4.1762925300e+00 4.1762925300e+00 4.1762925300e+00 4.1762925300e+00 
4.1409913984e+00 4.1409913984e+00 4.1409913984e+00 4.1409913984e+00 4.1409913984e+00 4.1409913984e+00 
4.1179257442e+00 4.1179257442e+00 4.1179257442e+00 4.1179257442e+00 4.1179257442e+00 4.1179257442e+00 
4.1099059853e+00 4.1099059853e+00 4.1099059853e+00 4.1099059853e+00 4.1099059853e+00 4.1099059853e+00 
