5.7209354114e+00 5.7209354114e+00 5.7209354114e+00 5.7209354114e+00 5.7209354114e+00 5.7209354114e+00 
5.7190408620e+00 5.7190408620e+00 5.7190408620e+00 5.7190408620e+00 5.7190408620e+00 5.7190408620e+00 
5.7133740437e+00 5.7133740437e+00 5.7133740437e+00 5.7133740437e+00 5.7133740437e+00 5.7133740437e+00 
5.7039851574e+00 5.7039851574e+00 5.7039851574e+00 5.7039851574e+00 5.7039851574e+00 5.7039851574e+00 
5.6909569175e+00 5.6909569175e+00 5.6909569175e+00 5.6909569175e+00 5.6909569175e+00 5.6909569175e+00 
5.6744031462e+00 5.6744031462e+00 5.6744031462e+00 5.6744031462e+00 5.6744031462e+00 5.6744031462e+00 
5.6544668561e+00 5.6544668561e+00 5.6544668561e+00 5.6544668561e+00 5.6544668561e+00 5.6544668561e+00 
5.6313178754e+00 5.6313178754e+00 5.6313178754e+00 5.6313178754e+00 5.6313178754e+00 5.6313178754e+00 
5.6051501024e+00 5.6051501024e+00 5.6051501024e+00 5.6051501024e+00 5.6051501024e+00 5.6051501024e+00 
5.5761785503e+00 5.5761785503e+00 5.5761785503e+00 5.5761785503e+00 5.5761785503e+00 5.5761785503e+00 
5.5446365319e+00 5.5446365319e+00 5.5446365319e+00 5.5446365319e+00 5.5446365319e+00 5.5446365319e+00 
5.5107738358e+00 5.5107738358e+00 5.5107738358e+00 5.5107738358e+00 5.5107738358e+00 5.5107738358e+00 
5.4748581316e+00 5.4748581316e+00 5.4748581316e+00 5.4748581316e+00 5.4748581316e+00 5.4748581316e+00 
5.4371857640e+00 5.4371857640e+00 5.4371857640e+00 5.4371857640e+00 5.4371857640e+00 5.4371857640e+00 
5.3981193038e+00 5.3981193038e+00 5.3981193038e+00 5.3981193038e+00 5.3981193038e+00 5.3981193038e+00 
5.3581989585e+00 5.3581989585e+00 5.3581989585e+00 5.3581989585e+00 5.3581989585e+00 5.3581989585e+00 
5.3184354914e+00 5.3184354914e+00 5.3184354914e+00 5.3184354914e+00 5.3184354914e+00 5.3184354914e+00 
5.2809238149e+00 5.2809238149e+00 5.2809238149e+00 5.2809238149e+00 5.2809238149e+00 5.2809238149e+00 
5.2494586596e+00 5.2494586596e+00 5.2494586596e+00 5.2494586596e+00 5.2494586596e+00 5.2494586596e+00 
5.2285565071e+00 5.2285565071e+00 5.2285565071e+00 5.2285565071e+00 5.2285565071e+00 5.2285565071e+00 
5.2212369807e+00 5.2212369807e+00 5.2212369807e+00 5.2212369807e+00 5.2212369807e+00 5.2212369807e+00 
