6.6161854491e+00 6.6161854491e+00 6.6161854491e+00 6.6161854491e+00 6.6161854491e+00 6.6161854491e+00 
6.6148341735e+00 6.6148341735e+00 6.6148341735e+00 6.6148341735e+00 6.6148341735e+00 6.6148341735e+00 
6.6107895018e+00 6.6107895018e+00 6.6107895018e+00 6.6107895018e+00 6.6107895018e+00 6.6107895018e+00 
6.6040787267e+00 6.6040787267e+00 6.6040787267e+00 6.6040787267e+00 6.6040787267e+00 6.6040787267e+00 
6.5947467555e+00 6.5947467555e+00 6.5947467555e+00 6.5947467555e+00 6.5947467555e+00 6.5947467555e+00 
6.5828552297e+00 6.5828552297e+00 6.5828552297e+00 6.5828552297e+00 6.5828552297e+00 6.5828552297e+00 
6.5684812633e+00 6.5684812633e+00 6.5684812633e+00 6.5684812633e+00 6.5684812633e+00 6.5684812633e+00 
6.5517157613e+00 6.5517157613e+00 6.5517157613e+00 6.5517157613e+00 6.5517157613e+00 6.5517157613e+00 
6.5326612488e+00 6.5326612488e+00 6.5326612488e+00 6.5326612488e+00 6.5326612488e+00 6.5326612488e+00 
6.5114291113e+00 6.5114291113e+00 6.5114291113e+00 6.5114291113e+00 6.5114291113e+00 6.5114291113e+00 
6.4881361519e+00 6.4881361519e+00 6.4881361519e+00 6.4881361519e+00 6.4881361519e+00 6.4881361519e+00 
6.4629005439e+00 6.4629005439e+00 6.4629005439e+00 6.4629005439e+00 6.4629005439e+00 6.4629005439e+00 
6.4358380539e+00 6.4358380539e+00 6.4358380539e+00 6.4358380539e+00 6.4358380539e+00 6.4358380539e+00 
6.4070624016e+00 6.4070624016e+00 6.4070624016e+00 6.4070624016e+00 6.4070624016e+00 6.4070624016e+00 
6.3767038634e+00 6.3767038634e+00 6.3767038634e+00 6.3767038634e+00 6.3767038634e+00 6.3767038634e+00 
6.3449916339e+00 6.3449916339e+00 6.3449916339e+00 6.3449916339e+00 6.3449916339e+00 6.3449916339e+00 
6.3125206493e+00 6.3125206493e+00 6.3125206493e+00 6.3125206493e+00 6.3125206493e+00 6.3125206493e+00 
6.2809046602e+00 6.2809046602e+00 6.2809046602e+00 6.2809046602e+00 6.2809046602e+00 6.2809046602e+00 
6.2536027641e+00 6.2536027641e+00 6.2536027641e+00 6.2536027641e+00 6.2536027641e+00 6.2536027641e+00 
6.2351306349e+00 6.2351306349e+00 6.2351306349e+00 6.2351306349e+00 6.2351306349e+00 6.2351306349e+00 
6.2286110812e+00 6.2286110812e+00 6.2286110812e+00 6.2286110812e+00 6.2286110812e+00 6.2286110812e+00 
