7.4153558051e+00 7.4153558051e+00 7.4153558051e+00 7.4153558051e+00 7.4153558051e+00 7.4153558051e+00 
7.4144679382e+00 7.4144679382e+00 7.4144679382e+00 7.4144679382e+00 7.4144679382e+00 7.4144679382e+00 
7.4118072297e+00 7.4118072297e+00 7.4118072297e+00 7.4118072297e+00 7.4118072297e+00 7.4118072297e+00 
7.4073822846e+00 7.4073822846e+00 7.4073822846e+00 7.4073822846e+00 7.4073822846e+00 7.4073822846e+00 
7.4012071955e+00 7.4012071955e+00 7.4012071955e+00 7.4012071955e+00 7.4012071955e+00 7.4012071955e+00 
7.3933011328e+00 7.3933011328e+00 7.3933011328e+00 7.3933011328e+00 7.3933011328e+00 7.3933011328e+00 
7.3836876904e+00 7.3836876904e+00 7.3836876904e+00 7.3836876904e+00 7.3836876904e+00 7.3836876904e+00 
7.3723938781e+00 7.3723938781e+00 7.3723938781e+00 7.3723938781e+00 7.3723938781e+00 7.3723938781e+00 
7.3594485827e+00 7.3594485827e+00 7.3594485827e+00 7.3594485827e+00 7.3594485827e+00 7.3594485827e+00 
7.3448802076e+00 7.3448802076e+00 7.3448802076e+00 7.3448802076e+00 7.3448802076e+00 7.3448802076e+00 
7.3287130594e+00 7.3287130594e+00 7.3287130594e+00 7.3287130594e+00 7.3287130594e+00 7.3287130594e+00 
7.3109619380e+00 7.3109619380e+00 7.3109619380e+00 7.3109619380e+00 7.3109619380e+00 7.3109619380e+00 
7.2916246369e+00 7.2916246369e+00 7.2916246369e+00 7.2916246369e+00 7.2916246369e+00 7.2916246369e+00 
7.2706739984e+00 7.2706739984e+00 7.2706739984e+00 7.2706739984e+00 7.2706739984e+00 7.2706739984e+00 
7.2480597236e+00 7.2480597236e+00 7.2480597236e+00 7.2480597236e+00 7.2480597236e+00 7.2480597236e+00 
7.2237605857e+00 7.2237605857e+00 7.2237605857e+00 7.2237605857e+00 7.2237605857e+00 7.2237605857e+00 
7.1980119028e+00 7.1980119028e+00 7.1980119028e+00 7.1980119028e+00 7.1980119028e+00 7.1980119028e+00 
7.1719637313e+00 7.1719637313e+00 7.1719637313e+00 7.1719637313e+00 7.1719637313e+00 7.1719637313e+00 
7.1486864645e+00 7.1486864645e+00 7.1486864645e+00 7.1486864645e+00 7.1486864645e+00 7.1486864645e+00 
7.1326024160e+00 7.1326024160e+00 7.1326024160e+00 7.1326024160e+00 7.1326024160e+00 7.1326024160e+00 
7.1268748752e+00 7.1268748752e+00 7.1268748752e+00 7.1268748752e+00 7.1268748752e+00 7.1268748752e+00 
