8.1271738501e+00 8.1271738501e+00 8.1271738501e+00 8.1271738501e+00 8.1271738501e+00 8.1271738501e+00 
8.1266432524e+00 8.1266432524e+00 8.1266432524e+00 8.1266432524e+00 8.1266432524e+00 8.1266432524e+00 
8.1250502449e+00 8.1250502449e+00 8.1250502449e+00 8.1250502449e+00 8.1250502449e+00 8.1250502449e+00 
8.1223911764e+00 8.1223911764e+00 8.1223911764e+00 8.1223911764e+00 8.1223911764e+00 8.1223911764e+00 
8.1186599214e+00 8.1186599214e+00 8.1186599214e+00 8.1186599214e+00 8.1186599214e+00 8.1186599214e+00 
8.1138477702e+00 8.1138477702e+00 8.1138477702e+00 8.1138477702e+00 8.1138477702e+00 8.1138477702e+00 
8.1079431637e+00 8.1079431637e+00 8.1079431637e+00 8.1079431637e+00 8.1079431637e+00 8.1079431637e+00 
8.1009311277e+00 8.1009311277e+00 8.1009311277e+00 8.1009311277e+00 8.1009311277e+00 8.1009311277e+00 
8.0927921556e+00 8.0927921556e+00 8.0927921556e+00 8.0927921556e+00 8.0927921556e+00 8.0927921556e+00 
8.0835001284e+00 8.0835001284e+00 8.0835001284e+00 8.0835001284e+00 8.0835001284e+00 8.0835001284e+00 
8.0730185968e+00 8.0730185968e+00 8.0730185968e+00 8.0730185968e+00 8.0730185968e+00 8.0730185968e+00 
8.0612944133e+00 8.0612944133e+00 8.0612944133e+00 8.0612944133e+00 8.0612944133e+00 8.0612944133e+00 
8.0482474493e+00 8.0482474493e+00 8.0482474493e+00 8.0482474493e+00 8.0482474493e+00 8.0482474493e+00 
8.0337560124e+00 8.0337560124e+00 8.0337560124e+00 8.0337560124e+00 8.0337560124e+00 8.0337560124e+00 
8.0176439626e+00 8.0176439626e+00 8.0176439626e+00 8.0176439626e+00 8.0176439626e+00 8.0176439626e+00 
7.9997028151e+00 7.9997028151e+00 7.9997028151e+00 7.9997028151e+00 7.9997028151e+00 7.9997028151e+00 
7.9798691235e+00 7.9798691235e+00 7.9798691235e+00 7.9798691235e+00 7.9798691235e+00 7.9798691235e+00 
7.9588531469e+00 7.9588531469e+00 7.9588531469e+00 7.9588531469e+00 7.9588531469e+00 7.9588531469e+00 
7.9392893969e+00 7.9392893969e+00 7.9392893969e+00 7.9392893969e+00 7.9392893969e+00 7.9392893969e+00 
7.9254322771e+00 7.9254322771e+00 7.9254322771e+00 7.9254322771e+00 7.9254322771e+00 7.9254322771e+00 
7.9204461967e+00 7.9204461967e+00 7.9204461967e+00 7.9204461967e+00 7.9204461967e+00 7.9204461967e+00 
