8.7583923105e+00 8.7583923105e+00 8.7583923105e+00 8.7583923105e+00 8.7583923105e+00 8.7583923105e+00 
8.7581247456e+00 8.7581247456e+00 8.7581247456e+00 8.7581247456e+00 8.7581247456e+00 8.7581247456e+00 
8.7573185461e+00 8.7573185461e+00 8.7573185461e+00 8.7573185461e+00 8.7573185461e+00 8.7573185461e+00 
8.7559632214e+00 8.7559632214e+00 8.7559632214e+00 8.7559632214e+00 8.7559632214e+00 8.7559632214e+00 
8.7540413513e+00 8.7540413513e+00 8.7540413513e+00 8.7540413513e+00 8.7540413513e+00 8.7540413513e+00 
8.7515286281e+00 8.7515286281e+00 8.7515286281e+00 8.7515286281e+00 8.7515286281e+00 8.7515286281e+00 
8.7483937913e+00 8.7483937913e+00 8.7483937913e+00 8.7483937913e+00 8.7483937913e+00 8.7483937913e+00 
8.7445982910e+00 8.7445982910e+00 8.7445982910e+00 8.7445982910e+00 8.7445982910e+00 8.7445982910e+00 
8.7400953955e+00 8.7400953955e+00 8.7400953955e+00 8.7400953955e+00 8.7400953955e+00 8.7400953955e+00 
8.7348282538e+00 8.7348282538e+00 8.7348282538e+00 8.7348282538e+00 8.7348282538e+00 8.7348282538e+00 
8.7287260923e+00 8.7287260923e+00 8.7287260923e+00 8.7287260923e+00 8.7287260923e+00 8.7287260923e+00 
8.7216971968e+00 8.7216971968e+00 8.7216971968e+00 8.7216971968e+00 8.7216971968e+00 8.7216971968e+00 
8.7136166794e+00 8.7136166794e+00 8.7136166794e+00 8.7136166794e+00 8.7136166794e+00 8.7136166794e+00 
8.7043069211e+00 8.7043069211e+00 8.7043069211e+00 8.7043069211e+00 8.7043069211e+00 8.7043069211e+00 
8.6935126388e+00 8.6935126388e+00 8.6935126388e+00 8.6935126388e+00 8.6935126388e+00 8.6935126388e+00 
8.6808951241e+00 8.6808951241e+00 8.6808951241e+00 8.6808951241e+00 8.6808951241e+00 8.6808951241e+00 
8.6661540010e+00 8.6661540010e+00 8.6661540010e+00 8.6661540010e+00 8.6661540010e+00 8.6661540010e+00 
8.6495961755e+00 8.6495961755e+00 8.6495961755e+00 8.6495961755e+00 8.6495961755e+00 8.6495961755e+00 
8.6333902709e+00 8.6333902709e+00 8.6333902709e+00 8.6333902709e+00 8.6333902709e+00 8.6333902709e+00 
8.6215634315e+00 8.6215634315e+00 8.6215634315e+00 8.6215634315e+00 8.6215634315e+00 8.6215634315e+00 
8.6172548715e+00 8.6172548715e+00 8.6172548715e+00 8.6172548715e+00 8.6172548715e+00 8.6172548715e+00 
