6.6274492864e-02 6.6274492864e-02 6.6274492864e-02 6.6274492864e-02 6.6274492864e-02 6.6274492864e-02 
6.6772210497e-02 6.6772210497e-02 6.6772210497e-02 6.6772210497e-02 6.6772210497e-02 6.6772210497e-02 
6.8272306867e-02 6.8272306867e-02 6.8272306867e-02 6.8272306867e-02 6.8272306867e-02 6.8272306867e-02 
7.0795563519e-02 7.0795563519e-02 7.0795563519e-02 7.0795563519e-02 7.0795563519e-02 7.0795563519e-02 
7.4376400383e-02 7.4376400383e-02 7.4376400383e-02 7.4376400383e-02 7.4376400383e-02 7.4376400383e-02 
7.9062402448e-02 7.9062402448e-02 7.9062402448e-02 7.9062402448e-02 7.9062402448e-02 7.9062402448e-02 
8.4913440637e-02 8.4913440637e-02 8.4913440637e-02 8.4913440637e-02 8.4913440637e-02 8.4913440637e-02 
9.2000260470e-02 9.2000260470e-02 9.2000260470e-02 9.2000260470e-02 9.2000260470e-02 9.2000260470e-02 
1.0040235004e-01 1.0040235004e-01 1.0040235004e-01 1.0040235004e-01 1.0040235004e-01 1.0040235004e-01 
1.1020470923e-01 1.1020470923e-01 1.1020470923e-01 1.1020470923e-01 1.1020470923e-01 1.1020470923e-01 
1.2149277629e-01 1.2149277629e-01 1.2149277629e-01 1.2149277629e-01 1.2149277629e-01 1.2149277629e-01 
1.3434409924e-01 1.3434409924e-01 1.3434409924e-01 1.3434409924e-01 1.3434409924e-01 1.3434409924e-01 
1.4881409348e-01 1.4881409348e-01 1.4881409348e-01 1.4881409348e-01 1.4881409348e-01 1.4881409348e-01 
1.6491093480e-01 1.6491093480e-01 1.6491093480e-01 1.6491093480e-01 1.6491093480e-01 1.6491093480e-01 
1.8255062435e-01 1.8255062435e-01 1.8255062435e-01 1.8255062435e-01 1.8255062435e-01 1.8255062435e-01 
2.0147720226e-01 2.0147720226e-01 2.0147720226e-01 2.0147720226e-01 2.0147720226e-01 2.0147720226e-01 
2.2112832256e-01 2.2112832256e-01 2.2112832256e-01 2.2112832256e-01 2.2112832256e-01 2.2112832256e-01 
2.4043903408e-01 2.4043903408e-01 2.4043903408e-01 2.4043903408e-01 2.4043903408e-01 2.4043903408e-01 
2.5764129384e-01 2.5764129384e-01 2.5764129384e-01 2.5764129384e-01 2.5764129384e-01 2.5764129384e-01 
2.7021199512e-01 2.7021199512e-01 2.7021199512e-01 2.7021199512e-01 2.7021199512e-01 2.7021199512e-01 
2.7510913789e-01 2.7510913789e-01 2.7510913789e-01 2.7510913789e-01 2.7510913789e-01 2.7510913789e-01 
