6.0914395133e-01 6.0914395133e-01 6.0914395133e-01 6.0914395133e-01 6.0914395133e-01 6.0914395133e-01 
6.0915836083e-01 6.0915836083e-01 6.0915836083e-01 6.0915836083e-01 6.0915836083e-01 6.0915836083e-01 
6.0920142181e-01 6.0920142181e-01 6.0920142181e-01 6.0920142181e-01 6.0920142181e-01 6.0920142181e-01 
6.0927263376e-01 6.0927263376e-01 6.0927263376e-01 6.0927263376e-01 6.0927263376e-01 6.0927263376e-01 
6.0937116923e-01 6.0937116923e-01 6.0937116923e-01 6.0937116923e-01 6.0937116923e-01 6.0937116923e-01 
6.0949588347e-01 6.0949588347e-01 6.0949588347e-01 6.0949588347e-01 6.0949588347e-01 6.0949588347e-01 
6.0964532725e-01 6.0964532725e-01 6.0964532725e-01 6.0964532725e-01 6.0964532725e-01 6.0964532725e-01 
6.0981776205e-01 6.0981776205e-01 6.0981776205e-01 6.0981776205e-01 6.0981776205e-01 6.0981776205e-01 
6.1001117647e-01 6.1001117647e-01 6.1001117647e-01 6.1001117647e-01 6.1001117647e-01 6.1001117647e-01 
6.1022330165e-01 6.1022330165e-01 6.1022330165e-01 6.1022330165e-01 6.1022330165e-01 6.1022330165e-01 
6.1045162050e-01 6.1045162050e-01 6.1045162050e-01 6.1045162050e-01 6.1045162050e-01 6.1045162050e-01 
6.1069336042e-01 6.1069336042e-01 6.1069336042e-01 6.1069336042e-01 6.1069336042e-01 6.1069336042e-01 
6.1094544578e-01 6.1094544578e-01 6.1094544578e-01 6.1094544578e-01 6.1094544578e-01 6.1094544578e-01 
6.1120435849e-01 6.1120435849e-01 6.1120435849e-01 6.1120435849e-01 6.1120435849e-01 6.1120435849e-01 
6.1146579219e-01 6.1146579219e-01 6.1146579219e-01 6.1146579219e-01 6.1146579219e-01 6.1146579219e-01 
6.1172385307e-01 6.1172385307e-01 6.1172385307e-01 6.1172385307e-01 6.1172385307e-01 6.1172385307e-01 
6.1196931321e-01 6.1196931321e-01 6.1196931321e-01 6.1196931321e-01 6.1196931321e-01 6.1196931321e-01 
6.1218618294e-01 6.1218618294e-01 6.1218618294e-01 6.1218618294e-01 6.1218618294e-01 6.1218618294e-01 
6.1234718524e-01 6.1234718524e-01 6.1234718524e-01 6.1234718524e-01 6.1234718524e-01 6.1234718524e-01 
6.1241930650e-01 6.1241930650e-01 6.1241930650e-01 6.1241930650e-01 6.1241930650e-01 6.1241930650e-01 
6.1241715396e-01 6.1241715396e-01 6.1241715396e-01 6.1241715396e-01 6.1241715396e-01 6.1241715396e-01 
