6.1041094089e-01 6.1041094089e-01 6.1041094089e-01 6.1041094089e-01 6.1041094089e-01 6.1041094089e-01 
6.1041600714e-01 6.1041600714e-01 6.1041600714e-01 6.1041600714e-01 6.1041600714e-01 6.1041600714e-01 
6.1043113034e-01 6.1043113034e-01 6.1043113034e-01 6.1043113034e-01 6.1043113034e-01 6.1043113034e-01 
6.1045608501e-01 6.1045608501e-01 6.1045608501e-01 6.1045608501e-01 6.1045608501e-01 6.1045608501e-01 
6.1049049948e-01 6.1049049948e-01 6.1049049948e-01 6.1049049948e-01 6.1049049948e-01 6.1049049948e-01 
6.1053386156e-01 6.1053386156e-01 6.1053386156e-01 6.1053386156e-01 6.1053386156e-01 6.1053386156e-01 
6.1058552554e-01 6.1058552554e-01 6.1058552554e-01 6.1058552554e-01 6.1058552554e-01 6.1058552554e-01 
6.1064471903e-01 6.1064471903e-01 6.1064471903e-01 6.1064471903e-01 6.1064471903e-01 6.1064471903e-01 
6.1071054691e-01 6.1071054691e-01 6.1071054691e-01 6.1071054691e-01 6.1071054691e-01 6.1071054691e-01 
6.1078198833e-01 6.1078198833e-01 6.1078198833e-01 6.1078198833e-01 6.1078198833e-01 6.1078198833e-01 
6.1085788030e-01 6.1085788030e-01 6.1085788030e-01 6.1085788030e-01 6.1085788030e-01 6.1085788030e-01 
6.1093688042e-01 6.1093688042e-01 6.1093688042e-01 6.1093688042e-01 6.1093688042e-01 6.1093688042e-01 
6.1101740476e-01 6.1101740476e-01 6.1101740476e-01 6.1101740476e-01 6.1101740476e-01 6.1101740476e-01 
6.1109755075e-01 6.1109755075e-01 6.1109755075e-01 6.1109755075e-01 6.1109755075e-01 6.1109755075e-01 
6.1117504141e-01 6.1117504141e-01 6.1117504141e-01 6.1117504141e-01 6.1117504141e-01 6.1117504141e-01 
6.1124725055e-01 6.1124725055e-01 6.1124725055e-01 6.1124725055e-01 6.1124725055e-01 6.1124725055e-01 
6.1131134762e-01 6.1131134762e-01 6.1131134762e-01 6.1131134762e-01 6.1131134762e-01 6.1131134762e-01 
6.1136452611e-01 6.1136452611e-01 6.1136452611e-01 6.1136452611e-01 6.1136452611e-01 6.1136452611e-01 
6.1140425475e-01 6.1140425475e-01 6.1140425475e-01 6.1140425475e-01 6.1140425475e-01 6.1140425475e-01 
6.1142876123e-01 6.1142876123e-01 6.1142876123e-01 6.1142876123e-01 6.1142876123e-01 6.1142876123e-01 
6.1143736830e-01 6.1143736830e-01 6.1143736830e-01 6.1143736830e-01 6.1143736830e-01 6.1143736830e-01 
