6.1088987452e-01 6.1088987452e-01 6.1088987452e-01 6.1088987452e-01 6.1088987452e-01 6.1088987452e-01 
6.1089202846e-01 6.1089202846e-01 6.1089202846e-01 6.1089202846e-01 6.1089202846e-01 6.1089202846e-01 
6.1089846642e-01 6.1089846642e-01 6.1089846642e-01 6.1089846642e-01 6.1089846642e-01 6.1089846642e-01 
6.1090911687e-01 6.1090911687e-01 6.1090911687e-01 6.1090911687e-01 6.1090911687e-01 6.1090911687e-01 
6.1092386066e-01 6.1092386066e-01 6.1092386066e-01 6.1092386066e-01 6.1092386066e-01 6.1092386066e-01 
6.1094253050e-01 6.1094253050e-01 6.1094253050e-01 6.1094253050e-01 6.1094253050e-01 6.1094253050e-01 
6.1096490904e-01 6.1096490904e-01 6.1096490904e-01 6.1096490904e-01 6.1096490904e-01 6.1096490904e-01 
6.1099072382e-01 6.1099072382e-01 6.1099072382e-01 6.1099072382e-01 6.1099072382e-01 6.1099072382e-01 
6.1101963649e-01 6.1101963649e-01 6.1101963649e-01 6.1101963649e-01 6.1101963649e-01 6.1101963649e-01 
6.1105122342e-01 6.1105122342e-01 6.1105122342e-01 6.1105122342e-01 6.1105122342e-01 6.1105122342e-01 
6.1108494537e-01 6.1108494537e-01 6.1108494537e-01 6.1108494537e-01 6.1108494537e-01 6.1108494537e-01 
6.1112010895e-01 6.1112010895e-01 6.1112010895e-01 6.1112010895e-01 6.1112010895e-01 6.1112010895e-01 
6.1115583243e-01 6.1115583243e-01 6.1115583243e-01 6.1115583243e-01 6.1115583243e-01 6.1115583243e-01 
6.1119104135e-01 6.1119104135e-01 6.1119104135e-01 6.1119104135e-01 6.1119104135e-01 6.1119104135e-01 
6.1122452162e-01 6.1122452162e-01 6.1122452162e-01 6.1122452162e-01 6.1122452162e-01 6.1122452162e-01 
6.1125503243e-01 6.1125503243e-01 6.1125503243e-01 6.1125503243e-01 6.1125503243e-01 6.1125503243e-01 
6.1128143499e-01 6.1128143499e-01 6.1128143499e-01 6.1128143499e-01 6.1128143499e-01 6.1128143499e-01 
6.1130277342e-01 6.1130277342e-01 6.1130277342e-01 6.1130277342e-01 6.1130277342e-01 6.1130277342e-01 
6.1131830528e-01 6.1131830528e-01 6.1131830528e-01 6.1131830528e-01 6.1131830528e-01 6.1131830528e-01 
6.1132766779e-01 6.1132766779e-01 6.1132766779e-01 6.1132766779e-01 6.1132766779e-01 6.1132766779e-01 
6.1133096620e-01 6.1133096620e-01 6.1133096620e-01 6.1133096620e-01 6.1133096620e-01 6.1133096620e-01 
