6.1112769465e-01 6.1112769465e-01 6.1112769465e-01 6.1112769465e-01 6.1112769465e-01 6.1112769465e-01 
6.1112887765e-01 6.1112887765e-01 6.1112887765e-01 6.1112887765e-01 6.1112887765e-01 6.1112887765e-01 
6.1113241710e-01 6.1113241710e-01 6.1113241710e-01 6.1113241710e-01 6.1113241710e-01 6.1113241710e-01 
6.1113828415e-01 6.1113828415e-01 6.1113828415e-01 6.1113828415e-01 6.1113828415e-01 6.1113828415e-01 
6.1114642974e-01 6.1114642974e-01 6.1114642974e-01 6.1114642974e-01 6.1114642974e-01 6.1114642974e-01 
6.1115678262e-01 6.1115678262e-01 6.1115678262e-01 6.1115678262e-01 6.1115678262e-01 6.1115678262e-01 
6.1116924542e-01 6.1116924542e-01 6.1116924542e-01 6.1116924542e-01 6.1116924542e-01 6.1116924542e-01 
6.1118368722e-01 6.1118368722e-01 6.1118368722e-01 6.1118368722e-01 6.1118368722e-01 6.1118368722e-01 
6.1119993106e-01 6.1119993106e-01 6.1119993106e-01 6.1119993106e-01 6.1119993106e-01 6.1119993106e-01 
6.1121773457e-01 6.1121773457e-01 6.1121773457e-01 6.1121773457e-01 6.1121773457e-01 6.1121773457e-01 
6.1123676481e-01 6.1123676481e-01 6.1123676481e-01 6.1123676481e-01 6.1123676481e-01 6.1123676481e-01 
6.1125657292e-01 6.1125657292e-01 6.1125657292e-01 6.1125657292e-01 6.1125657292e-01 6.1125657292e-01 
6.1127658273e-01 6.1127658273e-01 6.1127658273e-01 6.1127658273e-01 6.1127658273e-01 6.1127658273e-01 
6.1129611191e-01 6.1129611191e-01 6.1129611191e-01 6.1129611191e-01 6.1129611191e-01 6.1129611191e-01 
6.1131443545e-01 6.1131443545e-01 6.1131443545e-01 6.1131443545e-01 6.1131443545e-01 6.1131443545e-01 
6.1133087469e-01 6.1133087469e-01 6.1133087469e-01 6.1133087469e-01 6.1133087469e-01 6.1133087469e-01 
6.1134486975e-01 6.1134486975e-01 6.1134486975e-01 6.1134486975e-01 6.1134486975e-01 6.1134486975e-01 
6.1135599995e-01 6.1135599995e-01 6.1135599995e-01 6.1135599995e-01 6.1135599995e-01 6.1135599995e-01 
6.1136397118e-01 6.1136397118e-01 6.1136397118e-01 6.1136397118e-01 6.1136397118e-01 6.1136397118e-01 
6.1136870543e-01 6.1136870543e-01 6.1136870543e-01 6.1136870543e-01 6.1136870543e-01 6.1136870543e-01 
6.1137038461e-01 6.1137038461e-01 6.1137038461e-01 6.1137038461e-01 6.1137038461e-01 6.1137038461e-01 
