6.1127469008e-01 6.1127469008e-01 6.1127469008e-01 6.1127469008e-01 6.1127469008e-01 6.1127469008e-01 
6.1127546698e-01 6.1127546698e-01 6.1127546698e-01 6.1127546698e-01 6.1127546698e-01 6.1127546698e-01 
6.1127779267e-01 6.1127779267e-01 6.1127779267e-01 6.1127779267e-01 6.1127779267e-01 6.1127779267e-01 
6.1128165187e-01 6.1128165187e-01 6.1128165187e-01 6.1128165187e-01 6.1128165187e-01 6.1128165187e-01 
6.1128701801e-01 6.1128701801e-01 6.1128701801e-01 6.1128701801e-01 6.1128701801e-01 6.1128701801e-01 
6.1129385109e-01 6.1129385109e-01 6.1129385109e-01 6.1129385109e-01 6.1129385109e-01 6.1129385109e-01 
6.1130209366e-01 6.1130209366e-01 6.1130209366e-01 6.1130209366e-01 6.1130209366e-01 6.1130209366e-01 
6.1131166391e-01 6.1131166391e-01 6.1131166391e-01 6.1131166391e-01 6.1131166391e-01 6.1131166391e-01 
6.1132244447e-01 6.1132244447e-01 6.1132244447e-01 6.1132244447e-01 6.1132244447e-01 6.1132244447e-01 
6.1133426649e-01 6.1133426649e-01 6.1133426649e-01 6.1133426649e-01 6.1133426649e-01 6.1133426649e-01 
6.1134689049e-01 6.1134689049e-01 6.1134689049e-01 6.1134689049e-01 6.1134689049e-01 6.1134689049e-01 
6.1135999020e-01 6.1135999020e-01 6.1135999020e-01 6.1135999020e-01 6.1135999020e-01 6.1135999020e-01 
6.1137315100e-01 6.1137315100e-01 6.1137315100e-01 6.1137315100e-01 6.1137315100e-01 6.1137315100e-01 
6.1138589544e-01 6.1138589544e-01 6.1138589544e-01 6.1138589544e-01 6.1138589544e-01 6.1138589544e-01 
6.1139773782e-01 6.1139773782e-01 6.1139773782e-01 6.1139773782e-01 6.1139773782e-01 6.1139773782e-01 
6.1140824937e-01 6.1140824937e-01 6.1140824937e-01 6.1140824937e-01 6.1140824937e-01 6.1140824937e-01 
6.1141710166e-01 6.1141710166e-01 6.1141710166e-01 6.1141710166e-01 6.1141710166e-01 6.1141710166e-01 
6.1142406805e-01 6.1142406805e-01 6.1142406805e-01 6.1142406805e-01 6.1142406805e-01 6.1142406805e-01 
6.1142900416e-01 6.1142900416e-01 6.1142900416e-01 6.1142900416e-01 6.1142900416e-01 6.1142900416e-01 
6.1143190668e-01 6.1143190668e-01 6.1143190668e-01 6.1143190668e-01 6.1143190668e-01 6.1143190668e-01 
6.1143294141e-01 6.1143294141e-01 6.1143294141e-01 6.1143294141e-01 6.1143294141e-01 6.1143294141e-01 
