6.1137774728e-01 6.1137774728e-01 6.1137774728e-01 6.1137774728e-01 6.1137774728e-01 6.1137774728e-01 
6.1137830783e-01 6.1137830783e-01 6.1137830783e-01 6.1137830783e-01 6.1137830783e-01 6.1137830783e-01 
6.1137998631e-01 6.1137998631e-01 6.1137998631e-01 6.1137998631e-01 6.1137998631e-01 6.1137998631e-01 
6.1138277282e-01 6.1138277282e-01 6.1138277282e-01 6.1138277282e-01 6.1138277282e-01 6.1138277282e-01 
6.1138664993e-01 6.1138664993e-01 6.1138664993e-01 6.1138664993e-01 6.1138664993e-01 6.1138664993e-01 
6.1139159067e-01 6.1139159067e-01 6.1139159067e-01 6.1139159067e-01 6.1139159067e-01 6.1139159067e-01 
6.1139755512e-01 6.1139755512e-01 6.1139755512e-01 6.1139755512e-01 6.1139755512e-01 6.1139755512e-01 
6.1140448448e-01 6.1140448448e-01 6.1140448448e-01 6.1140448448e-01 6.1140448448e-01 6.1140448448e-01 
6.1141229186e-01 6.1141229186e-01 6.1141229186e-01 6.1141229186e-01 6.1141229186e-01 6.1141229186e-01 
6.1142084962e-01 6.1142084962e-01 6.1142084962e-01 6.1142084962e-01 6.1142084962e-01 6.1142084962e-01 
6.1142997495e-01 6.1142997495e-01 6.1142997495e-01 6.1142997495e-01 6.1142997495e-01 6.1142997495e-01 
6.1143941903e-01 6.1143941903e-01 6.1143941903e-01 6.1143941903e-01 6.1143941903e-01 6.1143941903e-01 
6.1144886914e-01 6.1144886914e-01 6.1144886914e-01 6.1144886914e-01 6.1144886914e-01 6.1144886914e-01 
6.1145797206e-01 6.1145797206e-01 6.1145797206e-01 6.1145797206e-01 6.1145797206e-01 6.1145797206e-01 
6.1146637822e-01 6.1146637822e-01 6.1146637822e-01 6.1146637822e-01 6.1146637822e-01 6.1146637822e-01 
6.1147379012e-01 6.1147379012e-01 6.1147379012e-01 6.1147379012e-01 6.1147379012e-01 6.1147379012e-01 
6.1147999067e-01 6.1147999067e-01 6.1147999067e-01 6.1147999067e-01 6.1147999067e-01 6.1147999067e-01 
6.1148483903e-01 6.1148483903e-01 6.1148483903e-01 6.1148483903e-01 6.1148483903e-01 6.1148483903e-01 
6.1148825208e-01 6.1148825208e-01 6.1148825208e-01 6.1148825208e-01 6.1148825208e-01 6.1148825208e-01 
6.1149024678e-01 6.1149024678e-01 6.1149024678e-01 6.1149024678e-01 6.1149024678e-01 6.1149024678e-01 
6.1149096003e-01 6.1149096003e-01 6.1149096003e-01 6.1149096003e-01 6.1149096003e-01 6.1149096003e-01 
