6.1145451443e-01 6.1145451443e-01 6.1145451443e-01 6.1145451443e-01 6.1145451443e-01 6.1145451443e-01 
6.1145493750e-01 6.1145493750e-01 6.1145493750e-01 6.1145493750e-01 6.1145493750e-01 6.1145493750e-01 
6.1145620443e-01 6.1145620443e-01 6.1145620443e-01 6.1145620443e-01 6.1145620443e-01 6.1145620443e-01 
6.1145830816e-01 6.1145830816e-01 6.1145830816e-01 6.1145830816e-01 6.1145830816e-01 6.1145830816e-01 
6.1146123601e-01 6.1146123601e-01 6.1146123601e-01 6.1146123601e-01 6.1146123601e-01 6.1146123601e-01 
6.1146496817e-01 6.1146496817e-01 6.1146496817e-01 6.1146496817e-01 6.1146496817e-01 6.1146496817e-01 
6.1146947479e-01 6.1146947479e-01 6.1146947479e-01 6.1146947479e-01 6.1146947479e-01 6.1146947479e-01 
6.1147471112e-01 6.1147471112e-01 6.1147471112e-01 6.1147471112e-01 6.1147471112e-01 6.1147471112e-01 
6.1148061018e-01 6.1148061018e-01 6.1148061018e-01 6.1148061018e-01 6.1148061018e-01 6.1148061018e-01 
6.1148707273e-01 6.1148707273e-01 6.1148707273e-01 6.1148707273e-01 6.1148707273e-01 6.1148707273e-01 
6.1149395621e-01 6.1149395621e-01 6.1149395621e-01 6.1149395621e-01 6.1149395621e-01 6.1149395621e-01 
6.1150106721e-01 6.1150106721e-01 6.1150106721e-01 6.1150106721e-01 6.1150106721e-01 6.1150106721e-01 
6.1150816450e-01 6.1150816450e-01 6.1150816450e-01 6.1150816450e-01 6.1150816450e-01 6.1150816450e-01 
6.1151497885e-01 6.1151497885e-01 6.1151497885e-01 6.1151497885e-01 6.1151497885e-01 6.1151497885e-01 
6.1152124817e-01 6.1152124817e-01 6.1152124817e-01 6.1152124817e-01 6.1152124817e-01 6.1152124817e-01 
6.1152675421e-01 6.1152675421e-01 6.1152675421e-01 6.1152675421e-01 6.1152675421e-01 6.1152675421e-01 
6.1153134248e-01 6.1153134248e-01 6.1153134248e-01 6.1153134248e-01 6.1153134248e-01 6.1153134248e-01 
6.1153491674e-01 6.1153491674e-01 6.1153491674e-01 6.1153491674e-01 6.1153491674e-01 6.1153491674e-01 
6.1153742338e-01 6.1153742338e-01 6.1153742338e-01 6.1153742338e-01 6.1153742338e-01 6.1153742338e-01 
6.1153888312e-01 6.1153888312e-01 6.1153888312e-01 6.1153888312e-01 6.1153888312e-01 6.1153888312e-01 
6.1153940596e-01 6.1153940596e-01 6.1153940596e-01 6.1153940596e-01 6.1153940596e-01 6.1153940596e-01 
