6.1151335990e-01 6.1151335990e-01 6.1151335990e-01 6.1151335990e-01 6.1151335990e-01 6.1151335990e-01 
6.1151368631e-01 6.1151368631e-01 6.1151368631e-01 6.1151368631e-01 6.1151368631e-01 6.1151368631e-01 
6.1151466384e-01 6.1151466384e-01 6.1151466384e-01 6.1151466384e-01 6.1151466384e-01 6.1151466384e-01 
6.1151628715e-01 6.1151628715e-01 6.1151628715e-01 6.1151628715e-01 6.1151628715e-01 6.1151628715e-01 
6.1151854665e-01 6.1151854665e-01 6.1151854665e-01 6.1151854665e-01 6.1151854665e-01 6.1151854665e-01 
6.1152142721e-01 6.1152142721e-01 6.1152142721e-01 6.1152142721e-01 6.1152142721e-01 6.1152142721e-01 
6.1152490580e-01 6.1152490580e-01 6.1152490580e-01 6.1152490580e-01 6.1152490580e-01 6.1152490580e-01 
6.1152894766e-01 6.1152894766e-01 6.1152894766e-01 6.1152894766e-01 6.1152894766e-01 6.1152894766e-01 
6.1153350038e-01 6.1153350038e-01 6.1153350038e-01 6.1153350038e-01 6.1153350038e-01 6.1153350038e-01 
6.1153848600e-01 6.1153848600e-01 6.1153848600e-01 6.1153848600e-01 6.1153848600e-01 6.1153848600e-01 
6.1154379253e-01 6.1154379253e-01 6.1154379253e-01 6.1154379253e-01 6.1154379253e-01 6.1154379253e-01 
6.1154926834e-01 6.1154926834e-01 6.1154926834e-01 6.1154926834e-01 6.1154926834e-01 6.1154926834e-01 
6.1155472518e-01 6.1155472518e-01 6.1155472518e-01 6.1155472518e-01 6.1155472518e-01 6.1155472518e-01 
6.1155995451e-01 6.1155995451e-01 6.1155995451e-01 6.1155995451e-01 6.1155995451e-01 6.1155995451e-01 
6.1156475516e-01 6.1156475516e-01 6.1156475516e-01 6.1156475516e-01 6.1156475516e-01 6.1156475516e-01 
6.1156896178e-01 6.1156896178e-01 6.1156896178e-01 6.1156896178e-01 6.1156896178e-01 6.1156896178e-01 
6.1157245939e-01 6.1157245939e-01 6.1157245939e-01 6.1157245939e-01 6.1157245939e-01 6.1157245939e-01 
6.1157517820e-01 6.1157517820e-01 6.1157517820e-01 6.1157517820e-01 6.1157517820e-01 6.1157517820e-01 
6.1157708079e-01 6.1157708079e-01 6.1157708079e-01 6.1157708079e-01 6.1157708079e-01 6.1157708079e-01 
6.1157818652e-01 6.1157818652e-01 6.1157818652e-01 6.1157818652e-01 6.1157818652e-01 6.1157818652e-01 
6.1157858293e-01 6.1157858293e-01 6.1157858293e-01 6.1157858293e-01 6.1157858293e-01 6.1157858293e-01 
