6.1155912020e-01 6.1155912020e-01 6.1155912020e-01 6.1155912020e-01 6.1155912020e-01 6.1155912020e-01 
6.1155937495e-01 6.1155937495e-01 6.1155937495e-01 6.1155937495e-01 6.1155937495e-01 6.1155937495e-01 
6.1156013788e-01 6.1156013788e-01 6.1156013788e-01 6.1156013788e-01 6.1156013788e-01 6.1156013788e-01 
6.1156140487e-01 6.1156140487e-01 6.1156140487e-01 6.1156140487e-01 6.1156140487e-01 6.1156140487e-01 
6.1156316852e-01 6.1156316852e-01 6.1156316852e-01 6.1156316852e-01 6.1156316852e-01 6.1156316852e-01 
6.1156541704e-01 6.1156541704e-01 6.1156541704e-01 6.1156541704e-01 6.1156541704e-01 6.1156541704e-01 
6.1156813249e-01 6.1156813249e-01 6.1156813249e-01 6.1156813249e-01 6.1156813249e-01 6.1156813249e-01 
6.1157128757e-01 6.1157128757e-01 6.1157128757e-01 6.1157128757e-01 6.1157128757e-01 6.1157128757e-01 
6.1157484106e-01 6.1157484106e-01 6.1157484106e-01 6.1157484106e-01 6.1157484106e-01 6.1157484106e-01 
6.1157873150e-01 6.1157873150e-01 6.1157873150e-01 6.1157873150e-01 6.1157873150e-01 6.1157873150e-01 
6.1158287058e-01 6.1158287058e-01 6.1158287058e-01 6.1158287058e-01 6.1158287058e-01 6.1158287058e-01 
6.1158713893e-01 6.1158713893e-01 6.1158713893e-01 6.1158713893e-01 6.1158713893e-01 6.1158713893e-01 
6.1159138874e-01 6.1159138874e-01 6.1159138874e-01 6.1159138874e-01 6.1159138874e-01 6.1159138874e-01 
6.1159545694e-01 6.1159545694e-01 6.1159545694e-01 6.1159545694e-01 6.1159545694e-01 6.1159545694e-01 
6.1159918706e-01 6.1159918706e-01 6.1159918706e-01 6.1159918706e-01 6.1159918706e-01 6.1159918706e-01 
6.1160245141e-01 6.1160245141e-01 6.1160245141e-01 6.1160245141e-01 6.1160245141e-01 6.1160245141e-01 
6.1160516214e-01 6.1160516214e-01 6.1160516214e-01 6.1160516214e-01 6.1160516214e-01 6.1160516214e-01 
6.1160726674e-01 6.1160726674e-01 6.1160726674e-01 6.1160726674e-01 6.1160726674e-01 6.1160726674e-01 
6.1160873772e-01 6.1160873772e-01 6.1160873772e-01 6.1160873772e-01 6.1160873772e-01 6.1160873772e-01 
6.1160959163e-01 6.1160959163e-01 6.1160959163e-01 6.1160959163e-01 6.1160959163e-01 6.1160959163e-01 
6.1160989793e-01 6.1160989793e-01 6.1160989793e-01 6.1160989793e-01 6.1160989793e-01 6.1160989793e-01 
