6.1159498215e-01 6.1159498215e-01 6.1159498215e-01 6.1159498215e-01 6.1159498215e-01 6.1159498215e-01 
6.1159518224e-01 6.1159518224e-01 6.1159518224e-01 6.1159518224e-01 6.1159518224e-01 6.1159518224e-01 
6.1159578150e-01 6.1159578150e-01 6.1159578150e-01 6.1159578150e-01 6.1159578150e-01 6.1159578150e-01 
6.1159677670e-01 6.1159677670e-01 6.1159677670e-01 6.1159677670e-01 6.1159677670e-01 6.1159677670e-01 
6.1159816206e-01 6.1159816206e-01 6.1159816206e-01 6.1159816206e-01 6.1159816206e-01 6.1159816206e-01 
6.1159992836e-01 6.1159992836e-01 6.1159992836e-01 6.1159992836e-01 6.1159992836e-01 6.1159992836e-01 
6.1160206147e-01 6.1160206147e-01 6.1160206147e-01 6.1160206147e-01 6.1160206147e-01 6.1160206147e-01 
6.1160453991e-01 6.1160453991e-01 6.1160453991e-01 6.1160453991e-01 6.1160453991e-01 6.1160453991e-01 
6.1160733116e-01 6.1160733116e-01 6.1160733116e-01 6.1160733116e-01 6.1160733116e-01 6.1160733116e-01 
6.1161038666e-01 6.1161038666e-01 6.1161038666e-01 6.1161038666e-01 6.1161038666e-01 6.1161038666e-01 
6.1161363669e-01 6.1161363669e-01 6.1161363669e-01 6.1161363669e-01 6.1161363669e-01 6.1161363669e-01 
6.1161698700e-01 6.1161698700e-01 6.1161698700e-01 6.1161698700e-01 6.1161698700e-01 6.1161698700e-01 
6.1162032115e-01 6.1162032115e-01 6.1162032115e-01 6.1162032115e-01 6.1162032115e-01 6.1162032115e-01 
6.1162351088e-01 6.1162351088e-01 6.1162351088e-01 6.1162351088e-01 6.1162351088e-01 6.1162351088e-01 
6.1162643355e-01 6.1162643355e-01 6.1162643355e-01 6.1162643355e-01 6.1162643355e-01 6.1162643355e-01 
6.1162898945e-01 6.1162898945e-01 6.1162898945e-01 6.1162898945e-01 6.1162898945e-01 6.1162898945e-01 
6.1163111038e-01 6.1163111038e-01 6.1163111038e-01 6.1163111038e-01 6.1163111038e-01 6.1163111038e-01 
6.1163275596e-01 6.1163275596e-01 6.1163275596e-01 6.1163275596e-01 6.1163275596e-01 6.1163275596e-01 
6.1163390535e-01 6.1163390535e-01 6.1163390535e-01 6.1163390535e-01 6.1163390535e-01 6.1163390535e-01 
6.1163457215e-01 6.1163457215e-01 6.1163457215e-01 6.1163457215e-01 6.1163457215e-01 6.1163457215e-01 
6.1163481139e-01 6.1163481139e-01 6.1163481139e-01 6.1163481139e-01 6.1163481139e-01 6.1163481139e-01 
