1.7635220566e-01 1.7635220566e-01 1.7635220566e-01 1.7635220566e-01 1.7635220566e-01 1.7635220566e-01 
1.7714911317e-01 1.7714911317e-01 1.7714911317e-01 1.7714911317e-01 1.7714911317e-01 1.7714911317e-01 
1.7954197746e-01 1.7954197746e-01 1.7954197746e-01 1.7954197746e-01 1.7954197746e-01 1.7954197746e-01 
1.8353721139e-01 1.8353721139e-01 1.8353721139e-01 1.8353721139e-01 1.8353721139e-01 1.8353721139e-01 
1.8914543775e-01 1.8914543775e-01 1.8914543775e-01 1.8914543775e-01 1.8914543775e-01 1.8914543775e-01 
1.9638130984e-01 1.9638130984e-01 1.9638130984e-01 1.9638130984e-01 1.9638130984e-01 1.9638130984e-01 
2.0526312877e-01 2.0526312877e-01 2.0526312877e-01 2.0526312877e-01 2.0526312877e-01 2.0526312877e-01 
2.1581218970e-01 2.1581218970e-01 2.1581218970e-01 2.1581218970e-01 2.1581218970e-01 2.1581218970e-01 
2.2805177330e-01 2.2805177330e-01 2.2805177330e-01 2.2805177330e-01 2.2805177330e-01 2.2805177330e-01 
2.4200559792e-01 2.4200559792e-01 2.4200559792e-01 2.4200559792e-01 2.4200559792e-01 2.4200559792e-01 
2.5769533462e-01 2.5769533462e-01 2.5769533462e-01 2.5769533462e-01 2.5769533462e-01 2.5769533462e-01 
2.7513637208e-01 2.7513637208e-01 2.7513637208e-01 2.7513637208e-01 2.7513637208e-01 2.7513637208e-01 
2.9433016840e-01 2.9433016840e-01 2.9433016840e-01 2.9433016840e-01 2.9433016840e-01 2.9433016840e-01 
3.1524971535e-01 3.1524971535e-01 3.1524971535e-01 3.1524971535e-01 3.1524971535e-01 3.1524971535e-01 
3.3781061896e-01 3.3781061896e-01 3.3781061896e-01 3.3781061896e-01 3.3781061896e-01 3.3781061896e-01 
3.6181109445e-01 3.6181109445e-01 3.6181109445e-01 3.6181109445e-01 3.6181109445e-01 3.6181109445e-01 
3.8680412249e-01 3.8680412249e-01 3.8680412249e-01 3.8680412249e-01 3.8680412249e-01 3.8680412249e-01 
4.1183146066e-01 4.1183146066e-01 4.1183146066e-01 4.1183146066e-01 4.1183146066e-01 4.1183146066e-01 
4.3494720195e-01 4.3494720195e-01 4.3494720195e-01 4.3494720195e-01 4.3494720195e-01 4.3494720195e-01 
4.5265837479e-01 4.5265837479e-01 4.5265837479e-01 4.5265837479e-01 4.5265837479e-01 4.5265837479e-01 
4.5986466629e-01 4.5986466629e-01 4.5986466629e-01 4.5986466629e-01 4.5986466629e-01 4.5986466629e-01 
