6.1162321275e-01 6.1162321275e-01 6.1162321275e-01 6.1162321275e-01 6.1162321275e-01 6.1162321275e-01 
6.1162337051e-01 6.1162337051e-01 6.1162337051e-01 6.1162337051e-01 6.1162337051e-01 6.1162337051e-01 
6.1162384297e-01 6.1162384297e-01 6.1162384297e-01 6.1162384297e-01 6.1162384297e-01 6.1162384297e-01 
6.1162462762e-01 6.1162462762e-01 6.1162462762e-01 6.1162462762e-01 6.1162462762e-01 6.1162462762e-01 
6.1162571990e-01 6.1162571990e-01 6.1162571990e-01 6.1162571990e-01 6.1162571990e-01 6.1162571990e-01 
6.1162711254e-01 6.1162711254e-01 6.1162711254e-01 6.1162711254e-01 6.1162711254e-01 6.1162711254e-01 
6.1162879443e-01 6.1162879443e-01 6.1162879443e-01 6.1162879443e-01 6.1162879443e-01 6.1162879443e-01 
6.1163074861e-01 6.1163074861e-01 6.1163074861e-01 6.1163074861e-01 6.1163074861e-01 6.1163074861e-01 
6.1163294936e-01 6.1163294936e-01 6.1163294936e-01 6.1163294936e-01 6.1163294936e-01 6.1163294936e-01 
6.1163535831e-01 6.1163535831e-01 6.1163535831e-01 6.1163535831e-01 6.1163535831e-01 6.1163535831e-01 
6.1163792030e-01 6.1163792030e-01 6.1163792030e-01 6.1163792030e-01 6.1163792030e-01 6.1163792030e-01 
6.1164056086e-01 6.1164056086e-01 6.1164056086e-01 6.1164056086e-01 6.1164056086e-01 6.1164056086e-01 
6.1164318799e-01 6.1164318799e-01 6.1164318799e-01 6.1164318799e-01 6.1164318799e-01 6.1164318799e-01 
6.1164570053e-01 6.1164570053e-01 6.1164570053e-01 6.1164570053e-01 6.1164570053e-01 6.1164570053e-01 
6.1164800187e-01 6.1164800187e-01 6.1164800187e-01 6.1164800187e-01 6.1164800187e-01 6.1164800187e-01 
6.1165001363e-01 6.1165001363e-01 6.1165001363e-01 6.1165001363e-01 6.1165001363e-01 6.1165001363e-01 
6.1165168239e-01 6.1165168239e-01 6.1165168239e-01 6.1165168239e-01 6.1165168239e-01 6.1165168239e-01 
6.1165297668e-01 6.1165297668e-01 6.1165297668e-01 6.1165297668e-01 6.1165297668e-01 6.1165297668e-01 
6.1165388037e-01 6.1165388037e-01 6.1165388037e-01 6.1165388037e-01 6.1165388037e-01 6.1165388037e-01 
6.1165440445e-01 6.1165440445e-01 6.1165440445e-01 6.1165440445e-01 6.1165440445e-01 6.1165440445e-01 
6.1165459252e-01 6.1165459252e-01 6.1165459252e-01 6.1165459252e-01 6.1165459252e-01 6.1165459252e-01 
