3.0527505722e-01 3.0527505722e-01 3.0527505722e-01 3.0527505722e-01 3.0527505722e-01 3.0527505722e-01 
3.0611126903e-01 3.0611126903e-01 3.0611126903e-01 3.0611126903e-01 3.0611126903e-01 3.0611126903e-01 
3.0861885057e-01 3.0861885057e-01 3.0861885057e-01 3.0861885057e-01 3.0861885057e-01 3.0861885057e-01 
3.1279463218e-01 3.1279463218e-01 3.1279463218e-01 3.1279463218e-01 3.1279463218e-01 3.1279463218e-01 
3.1863328681e-01 3.1863328681e-01 3.1863328681e-01 3.1863328681e-01 3.1863328681e-01 3.1863328681e-01 
3.2612720478e-01 3.2612720478e-01 3.2612720478e-01 3.2612720478e-01 3.2612720478e-01 3.2612720478e-01 
3.3526622682e-01 3.3526622682e-01 3.3526622682e-01 3.3526622682e-01 3.3526622682e-01 3.3526622682e-01 
3.4603719852e-01 3.4603719852e-01 3.4603719852e-01 3.4603719852e-01 3.4603719852e-01 3.4603719852e-01 
3.5842331036e-01 3.5842331036e-01 3.5842331036e-01 3.5842331036e-01 3.5842331036e-01 3.5842331036e-01 
3.7240313500e-01 3.7240313500e-01 3.7240313500e-01 3.7240313500e-01 3.7240313500e-01 3.7240313500e-01 
3.8794915567e-01 3.8794915567e-01 3.8794915567e-01 3.8794915567e-01 3.8794915567e-01 3.8794915567e-01 
4.0502534936e-01 4.0502534936e-01 4.0502534936e-01 4.0502534936e-01 4.0502534936e-01 4.0502534936e-01 
4.2358290037e-01 4.2358290037e-01 4.2358290037e-01 4.2358290037e-01 4.2358290037e-01 4.2358290037e-01 
4.4355203680e-01 4.4355203680e-01 4.4355203680e-01 4.4355203680e-01 4.4355203680e-01 4.4355203680e-01 
4.6482539428e-01 4.6482539428e-01 4.6482539428e-01 4.6482539428e-01 4.6482539428e-01 4.6482539428e-01 
4.8722164185e-01 4.8722164185e-01 4.8722164185e-01 4.8722164185e-01 4.8722164185e-01 4.8722164185e-01 
5.1040034532e-01 5.1040034532e-01 5.1040034532e-01 5.1040034532e-01 5.1040034532e-01 5.1040034532e-01 
5.3365474610e-01 5.3365474610e-01 5.3365474610e-01 5.3365474610e-01 5.3365474610e-01 5.3365474610e-01 
5.5543724225e-01 5.5543724225e-01 5.5543724225e-01 5.5543724225e-01 5.5543724225e-01 5.5543724225e-01 
5.7255541344e-01 5.7255541344e-01 5.7255541344e-01 5.7255541344e-01 5.7255541344e-01 5.7255541344e-01 
5.7969781733e-01 5.7969781733e-01 5.7969781733e-01 5.7969781733e-01 5.7969781733e-01 5.7969781733e-01 
