4.2116548915e-01 4.2116548915e-01 4.2116548915e-01 4.2116548915e-01 4.2116548915e-01 4.2116548915e-01 
4.2185281327e-01 4.2185281327e-01 4.2185281327e-01 4.2185281327e-01 4.2185281327e-01 4.2185281327e-01 
4.2391166809e-01 4.2391166809e-01 4.2391166809e-01 4.2391166809e-01 4.2391166809e-01 4.2391166809e-01 
4.2733270680e-01 4.2733270680e-01 4.2733270680e-01 4.2733270680e-01 4.2733270680e-01 4.2733270680e-01 
4.3210035979e-01 4.3210035979e-01 4.3210035979e-01 4.3210035979e-01 4.3210035979e-01 4.3210035979e-01 
4.3819281092e-01 4.3819281092e-01 4.3819281092e-01 4.3819281092e-01 4.3819281092e-01 4.3819281092e-01 
4.4558190891e-01 4.4558190891e-01 4.4558190891e-01 4.4558190891e-01 4.4558190891e-01 4.4558190891e-01 
4.5423299529e-01 4.5423299529e-01 4.5423299529e-01 4.5423299529e-01 4.5423299529e-01 4.5423299529e-01 
4.6410463439e-01 4.6410463439e-01 4.6410463439e-01 4.6410463439e-01 4.6410463439e-01 4.6410463439e-01 
4.7514820392e-01 4.7514820392e-01 4.7514820392e-01 4.7514820392e-01 4.7514820392e-01 4.7514820392e-01 
4.8730724151e-01 4.8730724151e-01 4.8730724151e-01 4.8730724151e-01 4.8730724151e-01 4.8730724151e-01 
5.0051632002e-01 5.0051632002e-01 5.0051632002e-01 5.0051632002e-01 5.0051632002e-01 5.0051632002e-01 
5.1469896278e-01 5.1469896278e-01 5.1469896278e-01 5.1469896278e-01 5.1469896278e-01 5.1469896278e-01 
5.2976352426e-01 5.2976352426e-01 5.2976352426e-01 5.2976352426e-01 5.2976352426e-01 5.2976352426e-01 
5.4559452915e-01 5.4559452915e-01 5.4559452915e-01 5.4559452915e-01 5.4559452915e-01 5.4559452915e-01 
5.6203311613e-01 5.6203311613e-01 5.6203311613e-01 5.6203311613e-01 5.6203311613e-01 5.6203311613e-01 
5.7882922979e-01 5.7882922979e-01 5.7882922979e-01 5.7882922979e-01 5.7882922979e-01 5.7882922979e-01 
5.9551686566e-01 5.9551686566e-01 5.9551686566e-01 5.9551686566e-01 5.9551686566e-01 5.9551686566e-01 
6.1109421465e-01 6.1109421465e-01 6.1109421465e-01 6.1109421465e-01 6.1109421465e-01 6.1109421465e-01 
6.2338615128e-01 6.2338615128e-01 6.2338615128e-01 6.2338615128e-01 6.2338615128e-01 6.2338615128e-01 
6.2854498510e-01 6.2854498510e-01 6.2854498510e-01 6.2854498510e-01 6.2854498510e-01 6.2854498510e-01 
