5.0553803489e-01 5.0553803489e-01 5.0553803489e-01 5.0553803489e-01 5.0553803489e-01 5.0553803489e-01 
5.0599864528e-01 5.0599864528e-01 5.0599864528e-01 5.0599864528e-01 5.0599864528e-01 5.0599864528e-01 
5.0737716233e-01 5.0737716233e-01 5.0737716233e-01 5.0737716233e-01 5.0737716233e-01 5.0737716233e-01 
5.0966366458e-01 5.0966366458e-01 5.0966366458e-01 5.0966366458e-01 5.0966366458e-01 5.0966366458e-01 
5.1284167961e-01 5.1284167961e-01 5.1284167961e-01 5.1284167961e-01 5.1284167961e-01 5.1284167961e-01 
5.1688825889e-01 5.1688825889e-01 5.1688825889e-01 5.1688825889e-01 5.1688825889e-01 5.1688825889e-01 
5.2177405202e-01 5.2177405202e-01 5.2177405202e-01 5.2177405202e-01 5.2177405202e-01 5.2177405202e-01 
5.2746337041e-01 5.2746337041e-01 5.2746337041e-01 5.2746337041e-01 5.2746337041e-01 5.2746337041e-01 
5.3391423340e-01 5.3391423340e-01 5.3391423340e-01 5.3391423340e-01 5.3391423340e-01 5.3391423340e-01 
5.4107837584e-01 5.4107837584e-01 5.4107837584e-01 5.4107837584e-01 5.4107837584e-01 5.4107837584e-01 
5.4890116405e-01 5.4890116405e-01 5.4890116405e-01 5.4890116405e-01 5.4890116405e-01 5.4890116405e-01 
5.5732130460e-01 5.5732130460e-01 5.5732130460e-01 5.5732130460e-01 5.5732130460e-01 5.5732130460e-01 
5.6627009843e-01 5.6627009843e-01 5.6627009843e-01 5.6627009843e-01 5.6627009843e-01 5.6627009843e-01 
5.7566969711e-01 5.7566969711e-01 5.7566969711e-01 5.7566969711e-01 5.7566969711e-01 5.7566969711e-01 
5.8542909149e-01 5.8542909149e-01 5.8542909149e-01 5.8542909149e-01 5.8542909149e-01 5.8542909149e-01 
5.9543458364e-01 5.9543458364e-01 5.9543458364e-01 5.9543458364e-01 5.9543458364e-01 5.9543458364e-01 
6.0552568045e-01 6.0552568045e-01 6.0552568045e-01 6.0552568045e-01 6.0552568045e-01 6.0552568045e-01 
6.1542993491e-01 6.1542993491e-01 6.1542993491e-01 6.1542993491e-01 6.1542993491e-01 6.1542993491e-01 
6.2458720955e-01 6.2458720955e-01 6.2458720955e-01 6.2458720955e-01 6.2458720955e-01 6.2458720955e-01 
6.3177375211e-01 6.3177375211e-01 6.3177375211e-01 6.3177375211e-01 6.3177375211e-01 6.3177375211e-01 
6.3478002250e-01 6.3478002250e-01 6.3478002250e-01 6.3478002250e-01 6.3478002250e-01 6.3478002250e-01 
