5.5727310849e-01 5.5727310849e-01 5.5727310849e-01 5.5727310849e-01 5.5727310849e-01 5.5727310849e-01 
5.5753783488e-01 5.5753783488e-01 5.5753783488e-01 5.5753783488e-01 5.5753783488e-01 5.5753783488e-01 
5.5832961135e-01 5.5832961135e-01 5.5832961135e-01 5.5832961135e-01 5.5832961135e-01 5.5832961135e-01 
5.5964125201e-01 5.5964125201e-01 5.5964125201e-01 5.5964125201e-01 5.5964125201e-01 5.5964125201e-01 
5.6146085101e-01 5.6146085101e-01 5.6146085101e-01 5.6146085101e-01 5.6146085101e-01 5.6146085101e-01 
5.6377187801e-01 5.6377187801e-01 5.6377187801e-01 5.6377187801e-01 5.6377187801e-01 5.6377187801e-01 
5.6655329565e-01 5.6655329565e-01 5.6655329565e-01 5.6655329565e-01 5.6655329565e-01 5.6655329565e-01 
5.6977969322e-01 5.6977969322e-01 5.6977969322e-01 5.6977969322e-01 5.6977969322e-01 5.6977969322e-01 
5.7342143231e-01 5.7342143231e-01 5.7342143231e-01 5.7342143231e-01 5.7342143231e-01 5.7342143231e-01 
5.7744479279e-01 5.7744479279e-01 5.7744479279e-01 5.7744479279e-01 5.7744479279e-01 5.7744479279e-01 
5.8181209223e-01 5.8181209223e-01 5.8181209223e-01 5.8181209223e-01 5.8181209223e-01 5.8181209223e-01 
5.8648172116e-01 5.8648172116e-01 5.8648172116e-01 5.8648172116e-01 5.8648172116e-01 5.8648172116e-01 
5.9140797357e-01 5.9140797357e-01 5.9140797357e-01 5.9140797357e-01 5.9140797357e-01 5.9140797357e-01 
5.9654041000e-01 5.9654041000e-01 5.9654041000e-01 5.9654041000e-01 5.9654041000e-01 5.9654041000e-01 
6.0182214289e-01 6.0182214289e-01 6.0182214289e-01 6.0182214289e-01 6.0182214289e-01 6.0182214289e-01 
6.0718548080e-01 6.0718548080e-01 6.0718548080e-01 6.0718548080e-01 6.0718548080e-01 6.0718548080e-01 
6.1254054157e-01 6.1254054157e-01 6.1254054157e-01 6.1254054157e-01 6.1254054157e-01 6.1254054157e-01 
6.1774380694e-01 6.1774380694e-01 6.1774380694e-01 6.1774380694e-01 6.1774380694e-01 6.1774380694e-01 
6.2251128590e-01 6.2251128590e-01 6.2251128590e-01 6.2251128590e-01 6.2251128590e-01 6.2251128590e-01 
6.2622698683e-01 6.2622698683e-01 6.2622698683e-01 6.2622698683e-01 6.2622698683e-01 6.2622698683e-01 
6.2777362917e-01 6.2777362917e-01 6.2777362917e-01 6.2777362917e-01 6.2777362917e-01 6.2777362917e-01 
