5.8531690698e-01 5.8531690698e-01 5.8531690698e-01 5.8531690698e-01 5.8531690698e-01 5.8531690698e-01 
5.8545421300e-01 5.8545421300e-01 5.8545421300e-01 5.8545421300e-01 5.8545421300e-01 5.8545421300e-01 
5.8586471968e-01 5.8586471968e-01 5.8586471968e-01 5.8586471968e-01 5.8586471968e-01 5.8586471968e-01 
5.8654420838e-01 5.8654420838e-01 5.8654420838e-01 5.8654420838e-01 5.8654420838e-01 5.8654420838e-01 
5.8748569849e-01 5.8748569849e-01 5.8748569849e-01 5.8748569849e-01 5.8748569849e-01 5.8748569849e-01 
5.8867951773e-01 5.8867951773e-01 5.8867951773e-01 5.8867951773e-01 5.8867951773e-01 5.8867951773e-01 
5.9011339239e-01 5.9011339239e-01 5.9011339239e-01 5.9011339239e-01 5.9011339239e-01 5.9011339239e-01 
5.9177255426e-01 5.9177255426e-01 5.9177255426e-01 5.9177255426e-01 5.9177255426e-01 5.9177255426e-01 
5.9363986150e-01 5.9363986150e-01 5.9363986150e-01 5.9363986150e-01 5.9363986150e-01 5.9363986150e-01 
5.9569592730e-01 5.9569592730e-01 5.9569592730e-01 5.9569592730e-01 5.9569592730e-01 5.9569592730e-01 
5.9791924279e-01 5.9791924279e-01 5.9791924279e-01 5.9791924279e-01 5.9791924279e-01 5.9791924279e-01 
6.0028626641e-01 6.0028626641e-01 6.0028626641e-01 6.0028626641e-01 6.0028626641e-01 6.0028626641e-01 
6.0277142249e-01 6.0277142249e-01 6.0277142249e-01 6.0277142249e-01 6.0277142249e-01 6.0277142249e-01 
6.0534688608e-01 6.0534688608e-01 6.0534688608e-01 6.0534688608e-01 6.0534688608e-01 6.0534688608e-01 
6.0798186987e-01 6.0798186987e-01 6.0798186987e-01 6.0798186987e-01 6.0798186987e-01 6.0798186987e-01 
6.1064068643e-01 6.1064068643e-01 6.1064068643e-01 6.1064068643e-01 6.1064068643e-01 6.1064068643e-01 
6.1327754180e-01 6.1327754180e-01 6.1327754180e-01 6.1327754180e-01 6.1327754180e-01 6.1327754180e-01 
6.1582195622e-01 6.1582195622e-01 6.1582195622e-01 6.1582195622e-01 6.1582195622e-01 6.1582195622e-01 
6.1813803137e-01 6.1813803137e-01 6.1813803137e-01 6.1813803137e-01 6.1813803137e-01 6.1813803137e-01 
6.1993338157e-01 6.1993338157e-01 6.1993338157e-01 6.1993338157e-01 6.1993338157e-01 6.1993338157e-01 
6.2067771740e-01 6.2067771740e-01 6.2067771740e-01 6.2067771740e-01 6.2067771740e-01 6.2067771740e-01 
