5.9935093578e-01 5.9935093578e-01 5.9935093578e-01 5.9935093578e-01 5.9935093578e-01 5.9935093578e-01 
5.9941778363e-01 5.9941778363e-01 5.9941778363e-01 5.9941778363e-01 5.9941778363e-01 5.9941778363e-01 
5.9961759182e-01 5.9961759182e-01 5.9961759182e-01 5.9961759182e-01 5.9961759182e-01 5.9961759182e-01 
5.9994816322e-01 5.9994816322e-01 5.9994816322e-01 5.9994816322e-01 5.9994816322e-01 5.9994816322e-01 
6.0040586495e-01 6.0040586495e-01 6.0040586495e-01 6.0040586495e-01 6.0040586495e-01 6.0040586495e-01 
6.0098566932e-01 6.0098566932e-01 6.0098566932e-01 6.0098566932e-01 6.0098566932e-01 6.0098566932e-01 
6.0168120715e-01 6.0168120715e-01 6.0168120715e-01 6.0168120715e-01 6.0168120715e-01 6.0168120715e-01 
6.0248483178e-01 6.0248483178e-01 6.0248483178e-01 6.0248483178e-01 6.0248483178e-01 6.0248483178e-01 
6.0338769221e-01 6.0338769221e-01 6.0338769221e-01 6.0338769221e-01 6.0338769221e-01 6.0338769221e-01 
6.0437981222e-01 6.0437981222e-01 6.0437981222e-01 6.0437981222e-01 6.0437981222e-01 6.0437981222e-01 
6.0545016902e-01 6.0545016902e-01 6.0545016902e-01 6.0545016902e-01 6.0545016902e-01 6.0545016902e-01 
6.0658675815e-01 6.0658675815e-01 6.0658675815e-01 6.0658675815e-01 6.0658675815e-01 6.0658675815e-01 
6.0777661826e-01 6.0777661826e-01 6.0777661826e-01 6.0777661826e-01 6.0777661826e-01 6.0777661826e-01 
6.0900575912e-01 6.0900575912e-01 6.0900575912e-01 6.0900575912e-01 6.0900575912e-01 6.0900575912e-01 
6.1025886296e-01 6.1025886296e-01 6.1025886296e-01 6.1025886296e-01 6.1025886296e-01 6.1025886296e-01 
6.1151842741e-01 6.1151842741e-01 6.1151842741e-01 6.1151842741e-01 6.1151842741e-01 6.1151842741e-01 
6.1276241673e-01 6.1276241673e-01 6.1276241673e-01 6.1276241673e-01 6.1276241673e-01 6.1276241673e-01 
6.1395762706e-01 6.1395762706e-01 6.1395762706e-01 6.1395762706e-01 6.1395762706e-01 6.1395762706e-01 
6.1504103960e-01 6.1504103960e-01 6.1504103960e-01 6.1504103960e-01 6.1504103960e-01 6.1504103960e-01 
6.1587787217e-01 6.1587787217e-01 6.1587787217e-01 6.1587787217e-01 6.1587787217e-01 6.1587787217e-01 
6.1622390605e-01 6.1622390605e-01 6.1622390605e-01 6.1622390605e-01 6.1622390605e-01 6.1622390605e-01 
