6.0604238804e-01 6.0604238804e-01 6.0604238804e-01 6.0604238804e-01 6.0604238804e-01 6.0604238804e-01 
6.0607374956e-01 6.0607374956e-01 6.0607374956e-01 6.0607374956e-01 6.0607374956e-01 6.0607374956e-01 
6.0616747616e-01 6.0616747616e-01 6.0616747616e-01 6.0616747616e-01 6.0616747616e-01 6.0616747616e-01 
6.0632249857e-01 6.0632249857e-01 6.0632249857e-01 6.0632249857e-01 6.0632249857e-01 6.0632249857e-01 
6.0653704955e-01 6.0653704955e-01 6.0653704955e-01 6.0653704955e-01 6.0653704955e-01 6.0653704955e-01 
6.0680868499e-01 6.0680868499e-01 6.0680868499e-01 6.0680868499e-01 6.0680868499e-01 6.0680868499e-01 
6.0713431164e-01 6.0713431164e-01 6.0713431164e-01 6.0713431164e-01 6.0713431164e-01 6.0713431164e-01 
6.0751022044e-01 6.0751022044e-01 6.0751022044e-01 6.0751022044e-01 6.0751022044e-01 6.0751022044e-01 
6.0793212492e-01 6.0793212492e-01 6.0793212492e-01 6.0793212492e-01 6.0793212492e-01 6.0793212492e-01 
6.0839520290e-01 6.0839520290e-01 6.0839520290e-01 6.0839520290e-01 6.0839520290e-01 6.0839520290e-01 
6.0889413861e-01 6.0889413861e-01 6.0889413861e-01 6.0889413861e-01 6.0889413861e-01 6.0889413861e-01 
6.0942315898e-01 6.0942315898e-01 6.0942315898e-01 6.0942315898e-01 6.0942315898e-01 6.0942315898e-01 
6.0997605221e-01 6.0997605221e-01 6.0997605221e-01 6.0997605221e-01 6.0997605221e-01 6.0997605221e-01 
6.1054614261e-01 6.1054614261e-01 6.1054614261e-01 6.1054614261e-01 6.1054614261e-01 6.1054614261e-01 
6.1112616313e-01 6.1112616313e-01 6.1112616313e-01 6.1112616313e-01 6.1112616313e-01 6.1112616313e-01 
6.1170787535e-01 6.1170787535e-01 6.1170787535e-01 6.1170787535e-01 6.1170787535e-01 6.1170787535e-01 
6.1228101474e-01 6.1228101474e-01 6.1228101474e-01 6.1228101474e-01 6.1228101474e-01 6.1228101474e-01 
6.1283029602e-01 6.1283029602e-01 6.1283029602e-01 6.1283029602e-01 6.1283029602e-01 6.1283029602e-01 
6.1332697102e-01 6.1332697102e-01 6.1332697102e-01 6.1332697102e-01 6.1332697102e-01 6.1332697102e-01 
6.1370978302e-01 6.1370978302e-01 6.1370978302e-01 6.1370978302e-01 6.1370978302e-01 6.1370978302e-01 
6.1386782909e-01 6.1386782909e-01 6.1386782909e-01 6.1386782909e-01 6.1386782909e-01 6.1386782909e-01 
