1.8986454498e+00 1.8986454498e+00 1.8986454498e+00 1.8986454498e+00 1.8986454498e+00 1.8986454498e+00 
1.9009585846e+00 1.9009585846e+00 1.9009585846e+00 1.9009585846e+00 1.9009585846e+00 1.9009585846e+00 
1.9078963789e+00 1.9078963789e+00 1.9078963789e+00 1.9078963789e+00 1.9078963789e+00 1.9078963789e+00 
1.9194551767e+00 1.9194551767e+00 1.9194551767e+00 1.9194551767e+00 1.9194551767e+00 1.9194551767e+00 
1.9356320178e+00 1.9356320178e+00 1.9356320178e+00 1.9356320178e+00 1.9356320178e+00 1.9356320178e+00 
1.9564272546e+00 1.9564272546e+00 1.9564272546e+00 1.9564272546e+00 1.9564272546e+00 1.9564272546e+00 
1.9818456290e+00 1.9818456290e+00 1.9818456290e+00 1.9818456290e+00 1.9818456290e+00 1.9818456290e+00 
2.0118952747e+00 2.0118952747e+00 2.0118952747e+00 2.0118952747e+00 2.0118952747e+00 2.0118952747e+00 
2.0465844533e+00 2.0465844533e+00 2.0465844533e+00 2.0465844533e+00 2.0465844533e+00 2.0465844533e+00 
2.0859151926e+00 2.0859151926e+00 2.0859151926e+00 2.0859151926e+00 2.0859151926e+00 2.0859151926e+00 
2.1298716360e+00 2.1298716360e+00 2.1298716360e+00 2.1298716360e+00 2.1298716360e+00 2.1298716360e+00 
2.1783987433e+00 2.1783987433e+00 2.1783987433e+00 2.1783987433e+00 2.1783987433e+00 2.1783987433e+00 
2.2313631781e+00 2.2313631781e+00 2.2313631781e+00 2.2313631781e+00 2.2313631781e+00 2.2313631781e+00 
2.2884817224e+00 2.2884817224e+00 2.2884817224e+00 2.2884817224e+00 2.2884817224e+00 2.2884817224e+00 
2.3491921733e+00 2.3491921733e+00 2.3491921733e+00 2.3491921733e+00 2.3491921733e+00 2.3491921733e+00 
2.4124269952e+00 2.4124269952e+00 2.4124269952e+00 2.4124269952e+00 2.4124269952e+00 2.4124269952e+00 
2.4762426572e+00 2.4762426572e+00 2.4762426572e+00 2.4762426572e+00 2.4762426572e+00 2.4762426572e+00 
2.5373029099e+00 2.5373029099e+00 2.5373029099e+00 2.5373029099e+00 2.5373029099e+00 2.5373029099e+00 
2.5904011481e+00 2.5904011481e+00 2.5904011481e+00 2.5904011481e+00 2.5904011481e+00 2.5904011481e+00 
2.6284209827e+00 2.6284209827e+00 2.6284209827e+00 2.6284209827e+00 2.6284209827e+00 2.6284209827e+00 
2.6430167356e+00 2.6430167356e+00 2.6430167356e+00 2.6430167356e+00 2.6430167356e+00 2.6430167356e+00 
