9.8044581450e+00 9.8044581450e+00 9.8044581450e+00 9.8044581450e+00 9.8044581450e+00 9.8044581450e+00 
9.8044785236e+00 9.8044785236e+00 9.8044785236e+00 9.8044785236e+00 9.8044785236e+00 9.8044785236e+00 
9.8045395928e+00 9.8045395928e+00 9.8045395928e+00 9.8045395928e+00 9.8045395928e+00 9.8045395928e+00 
9.8046411504e+00 9.8046411504e+00 9.8046411504e+00 9.8046411504e+00 9.8046411504e+00 9.8046411504e+00 
9.8047828516e+00 9.8047828516e+00 9.8047828516e+00 9.8047828516e+00 9.8047828516e+00 9.8047828516e+00 
9.8049641914e+00 9.8049641914e+00 9.8049641914e+00 9.8049641914e+00 9.8049641914e+00 9.8049641914e+00 
9.8051844709e+00 9.8051844709e+00 9.8051844709e+00 9.8051844709e+00 9.8051844709e+00 9.8051844709e+00 
9.8054427362e+00 9.8054427362e+00 9.8054427362e+00 9.8054427362e+00 9.8054427362e+00 9.8054427362e+00 
9.8057376760e+00 9.8057376760e+00 9.8057376760e+00 9.8057376760e+00 9.8057376760e+00 9.8057376760e+00 
9.8060674537e+00 9.8060674537e+00 9.8060674537e+00 9.8060674537e+00 9.8060674537e+00 9.8060674537e+00 
9.8064294377e+00 9.8064294377e+00 9.8064294377e+00 9.8064294377e+00 9.8064294377e+00 9.8064294377e+00 
9.8068197705e+00 9.8068197705e+00 9.8068197705e+00 9.8068197705e+00 9.8068197705e+00 9.8068197705e+00 
9.8072326866e+00 9.8072326866e+00 9.8072326866e+00 9.8072326866e+00 9.8072326866e+00 9.8072326866e+00 
9.8076594355e+00 9.8076594355e+00 9.8076594355e+00 9.8076594355e+00 9.8076594355e+00 9.8076594355e+00 
9.8080865999e+00 9.8080865999e+00 9.8080865999e+00 9.8080865999e+00 9.8080865999e+00 9.8080865999e+00 
9.8084935190e+00 9.8084935190e+00 9.8084935190e+00 9.8084935190e+00 9.8084935190e+00 9.8084935190e+00 
9.8088485573e+00 9.8088485573e+00 9.8088485573e+00 9.8088485573e+00 9.8088485573e+00 9.8088485573e+00 
9.8091048346e+00 9.8091048346e+00 9.8091048346e+00 9.8091048346e+00 9.8091048346e+00 9.8091048346e+00 
9.8092019280e+00 9.8092019280e+00 9.8092019280e+00 9.8092019280e+00 9.8092019280e+00 9.8092019280e+00 
9.8091071541e+00 9.8091071541e+00 9.8091071541e+00 9.8091071541e+00 9.8091071541e+00 9.8091071541e+00 
9.8089748707e+00 9.8089748707e+00 9.8089748707e+00 9.8089748707e+00 9.8089748707e+00 9.8089748707e+00 
