9.8107359218e+00 9.8107359218e+00 9.8107359218e+00 9.8107359218e+00 9.8107359218e+00 9.8107359218e+00 
9.8107405682e+00 9.8107405682e+00 9.8107405682e+00 9.8107405682e+00 9.8107405682e+00 9.8107405682e+00 
9.8107544955e+00 9.8107544955e+00 9.8107544955e+00 9.8107544955e+00 9.8107544955e+00 9.8107544955e+00 
9.8107776664e+00 9.8107776664e+00 9.8107776664e+00 9.8107776664e+00 9.8107776664e+00 9.8107776664e+00 
9.8108100156e+00 9.8108100156e+00 9.8108100156e+00 9.8108100156e+00 9.8108100156e+00 9.8108100156e+00 
9.8108514453e+00 9.8108514453e+00 9.8108514453e+00 9.8108514453e+00 9.8108514453e+00 9.8108514453e+00 
9.8109018175e+00 9.8109018175e+00 9.8109018175e+00 9.8109018175e+00 9.8109018175e+00 9.8109018175e+00 
9.8109609425e+00 9.8109609425e+00 9.8109609425e+00 9.8109609425e+00 9.8109609425e+00 9.8109609425e+00 
9.8110285563e+00 9.8110285563e+00 9.8110285563e+00 9.8110285563e+00 9.8110285563e+00 9.8110285563e+00 
9.8111042794e+00 9.8111042794e+00 9.8111042794e+00 9.8111042794e+00 9.8111042794e+00 9.8111042794e+00 
9.8111875403e+00 9.8111875403e+00 9.8111875403e+00 9.8111875403e+00 9.8111875403e+00 9.8111875403e+00 
9.8112774457e+00 9.8112774457e+00 9.8112774457e+00 9.8112774457e+00 9.8112774457e+00 9.8112774457e+00 
9.8113725848e+00 9.8113725848e+00 9.8113725848e+00 9.8113725848e+00 9.8113725848e+00 9.8113725848e+00 
9.8114707922e+00 9.8114707922e+00 9.8114707922e+00 9.8114707922e+00 9.8114707922e+00 9.8114707922e+00 
9.8115689580e+00 9.8115689580e+00 9.8115689580e+00 9.8115689580e+00 9.8115689580e+00 9.8115689580e+00 
9.8116630394e+00 9.8116630394e+00 9.8116630394e+00 9.8116630394e+00 9.8116630394e+00 9.8116630394e+00 
9.8117483642e+00 9.8117483642e+00 9.8117483642e+00 9.8117483642e+00 9.8117483642e+00 9.8117483642e+00 
9.8118201209e+00 9.8118201209e+00 9.8118201209e+00 9.8118201209e+00 9.8118201209e+00 9.8118201209e+00 
9.8118738970e+00 9.8118738970e+00 9.8118738970e+00 9.8118738970e+00 9.8118738970e+00 9.8118738970e+00 
9.8119069571e+00 9.8119069571e+00 9.8119069571e+00 9.8119069571e+00 9.8119069571e+00 9.8119069571e+00 
9.8119190736e+00 9.8119190736e+00 9.8119190736e+00 9.8119190736e+00 9.8119190736e+00 9.8119190736e+00 
