9.8142333204e+00 9.8142333204e+00 9.8142333204e+00 9.8142333204e+00 9.8142333204e+00 9.8142333204e+00 
9.8142359193e+00 9.8142359193e+00 9.8142359193e+00 9.8142359193e+00 9.8142359193e+00 9.8142359193e+00 
9.8142437081e+00 9.8142437081e+00 9.8142437081e+00 9.8142437081e+00 9.8142437081e+00 9.8142437081e+00 
9.8142566625e+00 9.8142566625e+00 9.8142566625e+00 9.8142566625e+00 9.8142566625e+00 9.8142566625e+00 
9.8142747396e+00 9.8142747396e+00 9.8142747396e+00 9.8142747396e+00 9.8142747396e+00 9.8142747396e+00 
9.8142978741e+00 9.8142978741e+00 9.8142978741e+00 9.8142978741e+00 9.8142978741e+00 9.8142978741e+00 
9.8143259707e+00 9.8143259707e+00 9.8143259707e+00 9.8143259707e+00 9.8143259707e+00 9.8143259707e+00 
9.8143588890e+00 9.8143588890e+00 9.8143588890e+00 9.8143588890e+00 9.8143588890e+00 9.8143588890e+00 
9.8143964141e+00 9.8143964141e+00 9.8143964141e+00 9.8143964141e+00 9.8143964141e+00 9.8143964141e+00 
9.8144382050e+00 9.8144382050e+00 9.8144382050e+00 9.8144382050e+00 9.8144382050e+00 9.8144382050e+00 
9.8144837135e+00 9.8144837135e+00 9.8144837135e+00 9.8144837135e+00 9.8144837135e+00 9.8144837135e+00 
9.8145320797e+00 9.8145320797e+00 9.8145320797e+00 9.8145320797e+00 9.8145320797e+00 9.8145320797e+00 
9.8145820335e+00 9.8145820335e+00 9.8145820335e+00 9.8145820335e+00 9.8145820335e+00 9.8145820335e+00 
9.8146318699e+00 9.8146318699e+00 9.8146318699e+00 9.8146318699e+00 9.8146318699e+00 9.8146318699e+00 
9.8146795664e+00 9.8146795664e+00 9.8146795664e+00 9.8146795664e+00 9.8146795664e+00 9.8146795664e+00 
9.8147230456e+00 9.8147230456e+00 9.8147230456e+00 9.8147230456e+00 9.8147230456e+00 9.8147230456e+00 
9.8147604613e+00 9.8147604613e+00 9.8147604613e+00 9.8147604613e+00 9.8147604613e+00 9.8147604613e+00 
9.8147903425e+00 9.8147903425e+00 9.8147903425e+00 9.8147903425e+00 9.8147903425e+00 9.8147903425e+00 
9.8148116180e+00 9.8148116180e+00 9.8148116180e+00 9.8148116180e+00 9.8148116180e+00 9.8148116180e+00 
9.8148240971e+00 9.8148240971e+00 9.8148240971e+00 9.8148240971e+00 9.8148240971e+00 9.8148240971e+00 
9.8148287173e+00 9.8148287173e+00 9.8148287173e+00 9.8148287173e+00 9.8148287173e+00 9.8148287173e+00 
