9.8166042938e+00 9.8166042938e+00 9.8166042938e+00 9.8166042938e+00 9.8166042938e+00 9.8166042938e+00 
9.8166059699e+00 9.8166059699e+00 9.8166059699e+00 9.8166059699e+00 9.8166059699e+00 9.8166059699e+00 
9.8166109938e+00 9.8166109938e+00 9.8166109938e+00 9.8166109938e+00 9.8166109938e+00 9.8166109938e+00 
9.8166193505e+00 9.8166193505e+00 9.8166193505e+00 9.8166193505e+00 9.8166193505e+00 9.8166193505e+00 
9.8166310135e+00 9.8166310135e+00 9.8166310135e+00 9.8166310135e+00 9.8166310135e+00 9.8166310135e+00 
9.8166459402e+00 9.8166459402e+00 9.8166459402e+00 9.8166459402e+00 9.8166459402e+00 9.8166459402e+00 
9.8166640642e+00 9.8166640642e+00 9.8166640642e+00 9.8166640642e+00 9.8166640642e+00 9.8166640642e+00 
9.8166852793e+00 9.8166852793e+00 9.8166852793e+00 9.8166852793e+00 9.8166852793e+00 9.8166852793e+00 
9.8167094105e+00 9.8167094105e+00 9.8167094105e+00 9.8167094105e+00 9.8167094105e+00 9.8167094105e+00 
9.8167361677e+00 9.8167361677e+00 9.8167361677e+00 9.8167361677e+00 9.8167361677e+00 9.8167361677e+00 
9.8167650825e+00 9.8167650825e+00 9.8167650825e+00 9.8167650825e+00 9.8167650825e+00 9.8167650825e+00 
9.8167954420e+00 9.8167954420e+00 9.8167954420e+00 9.8167954420e+00 9.8167954420e+00 9.8167954420e+00 
9.8168262562e+00 9.8168262562e+00 9.8168262562e+00 9.8168262562e+00 9.8168262562e+00 9.8168262562e+00 
9.8168563065e+00 9.8168563065e+00 9.8168563065e+00 9.8168563065e+00 9.8168563065e+00 9.8168563065e+00 
9.8168842991e+00 9.8168842991e+00 9.8168842991e+00 9.8168842991e+00 9.8168842991e+00 9.8168842991e+00 
9.8169090764e+00 9.8169090764e+00 9.8169090764e+00 9.8169090764e+00 9.8169090764e+00 9.8169090764e+00 
9.8169297715e+00 9.8169297715e+00 9.8169297715e+00 9.8169297715e+00 9.8169297715e+00 9.8169297715e+00 
9.8169458197e+00 9.8169458197e+00 9.8169458197e+00 9.8169458197e+00 9.8169458197e+00 9.8169458197e+00 
9.8169568971e+00 9.8169568971e+00 9.8169568971e+00 9.8169568971e+00 9.8169568971e+00 9.8169568971e+00 
9.8169631972e+00 9.8169631972e+00 9.8169631972e+00 9.8169631972e+00 9.8169631972e+00 9.8169631972e+00 
9.8169655663e+00 9.8169655663e+00 9.8169655663e+00 9.8169655663e+00 9.8169655663e+00 9.8169655663e+00 
