9.8183295627e+00 9.8183295627e+00 9.8183295627e+00 9.8183295627e+00 9.8183295627e+00 9.8183295627e+00 
9.8183307480e+00 9.8183307480e+00 9.8183307480e+00 9.8183307480e+00 9.8183307480e+00 9.8183307480e+00 
9.8183343010e+00 9.8183343010e+00 9.8183343010e+00 9.8183343010e+00 9.8183343010e+00 9.8183343010e+00 
9.8183402114e+00 9.8183402114e+00 9.8183402114e+00 9.8183402114e+00 9.8183402114e+00 9.8183402114e+00 
9.8183484605e+00 9.8183484605e+00 9.8183484605e+00 9.8183484605e+00 9.8183484605e+00 9.8183484605e+00 
9.8183590172e+00 9.8183590172e+00 9.8183590172e+00 9.8183590172e+00 9.8183590172e+00 9.8183590172e+00 
9.8183718307e+00 9.8183718307e+00 9.8183718307e+00 9.8183718307e+00 9.8183718307e+00 9.8183718307e+00 
9.8183868157e+00 9.8183868157e+00 9.8183868157e+00 9.8183868157e+00 9.8183868157e+00 9.8183868157e+00 
9.8184038281e+00 9.8184038281e+00 9.8184038281e+00 9.8184038281e+00 9.8184038281e+00 9.8184038281e+00 
9.8184226265e+00 9.8184226265e+00 9.8184226265e+00 9.8184226265e+00 9.8184226265e+00 9.8184226265e+00 
9.8184428258e+00 9.8184428258e+00 9.8184428258e+00 9.8184428258e+00 9.8184428258e+00 9.8184428258e+00 
9.8184638553e+00 9.8184638553e+00 9.8184638553e+00 9.8184638553e+00 9.8184638553e+00 9.8184638553e+00 
9.8184849531e+00 9.8184849531e+00 9.8184849531e+00 9.8184849531e+00 9.8184849531e+00 9.8184849531e+00 
9.8185052287e+00 9.8185052287e+00 9.8185052287e+00 9.8185052287e+00 9.8185052287e+00 9.8185052287e+00 
9.8185237970e+00 9.8185237970e+00 9.8185237970e+00 9.8185237970e+00 9.8185237970e+00 9.8185237970e+00 
9.8185399330e+00 9.8185399330e+00 9.8185399330e+00 9.8185399330e+00 9.8185399330e+00 9.8185399330e+00 
9.8185531597e+00 9.8185531597e+00 9.8185531597e+00 9.8185531597e+00 9.8185531597e+00 9.8185531597e+00 
9.8185632231e+00 9.8185632231e+00 9.8185632231e+00 9.8185632231e+00 9.8185632231e+00 9.8185632231e+00 
9.8185700241e+00 9.8185700241e+00 9.8185700241e+00 9.8185700241e+00 9.8185700241e+00 9.8185700241e+00 
9.8185738066e+00 9.8185738066e+00 9.8185738066e+00 9.8185738066e+00 9.8185738066e+00 9.8185738066e+00 
9.8185752487e+00 9.8185752487e+00 9.8185752487e+00 9.8185752487e+00 9.8185752487e+00 9.8185752487e+00 
