9.8196317557e+00 9.8196317557e+00 9.8196317557e+00 9.8196317557e+00 9.8196317557e+00 9.8196317557e+00 
9.8196326376e+00 9.8196326376e+00 9.8196326376e+00 9.8196326376e+00 9.8196326376e+00 9.8196326376e+00 
9.8196352809e+00 9.8196352809e+00 9.8196352809e+00 9.8196352809e+00 9.8196352809e+00 9.8196352809e+00 
9.8196396781e+00 9.8196396781e+00 9.8196396781e+00 9.8196396781e+00 9.8196396781e+00 9.8196396781e+00 
9.8196458149e+00 9.8196458149e+00 9.8196458149e+00 9.8196458149e+00 9.8196458149e+00 9.8196458149e+00 
9.8196536673e+00 9.8196536673e+00 9.8196536673e+00 9.8196536673e+00 9.8196536673e+00 9.8196536673e+00 
9.8196631949e+00 9.8196631949e+00 9.8196631949e+00 9.8196631949e+00 9.8196631949e+00 9.8196631949e+00 
9.8196743285e+00 9.8196743285e+00 9.8196743285e+00 9.8196743285e+00 9.8196743285e+00 9.8196743285e+00 
9.8196869504e+00 9.8196869504e+00 9.8196869504e+00 9.8196869504e+00 9.8196869504e+00 9.8196869504e+00 
9.8197008637e+00 9.8197008637e+00 9.8197008637e+00 9.8197008637e+00 9.8197008637e+00 9.8197008637e+00 
9.8197157575e+00 9.8197157575e+00 9.8197157575e+00 9.8197157575e+00 9.8197157575e+00 9.8197157575e+00 
9.8197311791e+00 9.8197311791e+00 9.8197311791e+00 9.8197311791e+00 9.8197311791e+00 9.8197311791e+00 
9.8197465383e+00 9.8197465383e+00 9.8197465383e+00 9.8197465383e+00 9.8197465383e+00 9.8197465383e+00 
9.8197611661e+00 9.8197611661e+00 9.8197611661e+00 9.8197611661e+00 9.8197611661e+00 9.8197611661e+00 
9.8197744232e+00 9.8197744232e+00 9.8197744232e+00 9.8197744232e+00 9.8197744232e+00 9.8197744232e+00 
9.8197858141e+00 9.8197858141e+00 9.8197858141e+00 9.8197858141e+00 9.8197858141e+00 9.8197858141e+00 
9.8197950427e+00 9.8197950427e+00 9.8197950427e+00 9.8197950427e+00 9.8197950427e+00 9.8197950427e+00 
9.8198019798e+00 9.8198019798e+00 9.8198019798e+00 9.8198019798e+00 9.8198019798e+00 9.8198019798e+00 
9.8198066032e+00 9.8198066032e+00 9.8198066032e+00 9.8198066032e+00 9.8198066032e+00 9.8198066032e+00 
9.8198091356e+00 9.8198091356e+00 9.8198091356e+00 9.8198091356e+00 9.8198091356e+00 9.8198091356e+00 
9.8198101109e+00 9.8198101109e+00 9.8198101109e+00 9.8198101109e+00 9.8198101109e+00 9.8198101109e+00 
