9.8206341690e+00 9.8206341690e+00 9.8206341690e+00 9.8206341690e+00 9.8206341690e+00 9.8206341690e+00 
9.8206348440e+00 9.8206348440e+00 9.8206348440e+00 9.8206348440e+00 9.8206348440e+00 9.8206348440e+00 
9.8206368670e+00 9.8206368670e+00 9.8206368670e+00 9.8206368670e+00 9.8206368670e+00 9.8206368670e+00 
9.8206402321e+00 9.8206402321e+00 9.8206402321e+00 9.8206402321e+00 9.8206402321e+00 9.8206402321e+00 
9.8206449283e+00 9.8206449283e+00 9.8206449283e+00 9.8206449283e+00 9.8206449283e+00 9.8206449283e+00 
9.8206509362e+00 9.8206509362e+00 9.8206509362e+00 9.8206509362e+00 9.8206509362e+00 9.8206509362e+00 
9.8206582235e+00 9.8206582235e+00 9.8206582235e+00 9.8206582235e+00 9.8206582235e+00 9.8206582235e+00 
9.8206667343e+00 9.8206667343e+00 9.8206667343e+00 9.8206667343e+00 9.8206667343e+00 9.8206667343e+00 
9.8206763732e+00 9.8206763732e+00 9.8206763732e+00 9.8206763732e+00 9.8206763732e+00 9.8206763732e+00 
9.8206869816e+00 9.8206869816e+00 9.8206869816e+00 9.8206869816e+00 9.8206869816e+00 9.8206869816e+00 
9.8206983104e+00 9.8206983104e+00 9.8206983104e+00 9.8206983104e+00 9.8206983104e+00 9.8206983104e+00 
9.8207100013e+00 9.8207100013e+00 9.8207100013e+00 9.8207100013e+00 9.8207100013e+00 9.8207100013e+00 
9.8207215937e+00 9.8207215937e+00 9.8207215937e+00 9.8207215937e+00 9.8207215937e+00 9.8207215937e+00 
9.8207325746e+00 9.8207325746e+00 9.8207325746e+00 9.8207325746e+00 9.8207325746e+00 9.8207325746e+00 
9.8207424647e+00 9.8207424647e+00 9.8207424647e+00 9.8207424647e+00 9.8207424647e+00 9.8207424647e+00 
9.8207509055e+00 9.8207509055e+00 9.8207509055e+00 9.8207509055e+00 9.8207509055e+00 9.8207509055e+00 
9.8207576961e+00 9.8207576961e+00 9.8207576961e+00 9.8207576961e+00 9.8207576961e+00 9.8207576961e+00 
9.8207627631e+00 9.8207627631e+00 9.8207627631e+00 9.8207627631e+00 9.8207627631e+00 9.8207627631e+00 
9.8207661111e+00 9.8207661111e+00 9.8207661111e+00 9.8207661111e+00 9.8207661111e+00 9.8207661111e+00 
9.8207679271e+00 9.8207679271e+00 9.8207679271e+00 9.8207679271e+00 9.8207679271e+00 9.8207679271e+00 
9.8207686312e+00 9.8207686312e+00 9.8207686312e+00 9.8207686312e+00 9.8207686312e+00 9.8207686312e+00 
