9.8214145019e+00 9.8214145019e+00 9.8214145019e+00 9.8214145019e+00 9.8214145019e+00 9.8214145019e+00 
9.8214150268e+00 9.8214150268e+00 9.8214150268e+00 9.8214150268e+00 9.8214150268e+00 9.8214150268e+00 
9.8214166001e+00 9.8214166001e+00 9.8214166001e+00 9.8214166001e+00 9.8214166001e+00 9.8214166001e+00 
9.8214192171e+00 9.8214192171e+00 9.8214192171e+00 9.8214192171e+00 9.8214192171e+00 9.8214192171e+00 
9.8214228689e+00 9.8214228689e+00 9.8214228689e+00 9.8214228689e+00 9.8214228689e+00 9.8214228689e+00 
9.8214275400e+00 9.8214275400e+00 9.8214275400e+00 9.8214275400e+00 9.8214275400e+00 9.8214275400e+00 
9.8214332043e+00 9.8214332043e+00 9.8214332043e+00 9.8214332043e+00 9.8214332043e+00 9.8214332043e+00 
9.8214398168e+00 9.8214398168e+00 9.8214398168e+00 9.8214398168e+00 9.8214398168e+00 9.8214398168e+00 
9.8214473007e+00 9.8214473007e+00 9.8214473007e+00 9.8214473007e+00 9.8214473007e+00 9.8214473007e+00 
9.8214555290e+00 9.8214555290e+00 9.8214555290e+00 9.8214555290e+00 9.8214555290e+00 9.8214555290e+00 
9.8214643032e+00 9.8214643032e+00 9.8214643032e+00 9.8214643032e+00 9.8214643032e+00 9.8214643032e+00 
9.8214733395e+00 9.8214733395e+00 9.8214733395e+00 9.8214733395e+00 9.8214733395e+00 9.8214733395e+00 
9.8214822765e+00 9.8214822765e+00 9.8214822765e+00 9.8214822765e+00 9.8214822765e+00 9.8214822765e+00 
9.8214907152e+00 9.8214907152e+00 9.8214907152e+00 9.8214907152e+00 9.8214907152e+00 9.8214907152e+00 
9.8214982883e+00 9.8214982883e+00 9.8214982883e+00 9.8214982883e+00 9.8214982883e+00 9.8214982883e+00 
9.8215047264e+00 9.8215047264e+00 9.8215047264e+00 9.8215047264e+00 9.8215047264e+00 9.8215047264e+00 
9.8215098847e+00 9.8215098847e+00 9.8215098847e+00 9.8215098847e+00 9.8215098847e+00 9.8215098847e+00 
9.8215137173e+00 9.8215137173e+00 9.8215137173e+00 9.8215137173e+00 9.8215137173e+00 9.8215137173e+00 
9.8215162368e+00 9.8215162368e+00 9.8215162368e+00 9.8215162368e+00 9.8215162368e+00 9.8215162368e+00 
9.8215175957e+00 9.8215175957e+00 9.8215175957e+00 9.8215175957e+00 9.8215175957e+00 9.8215175957e+00 
9.8215181246e+00 9.8215181246e+00 9.8215181246e+00 9.8215181246e+00 9.8215181246e+00 9.8215181246e+00 
