9.8220259936e+00 9.8220259936e+00 9.8220259936e+00 9.8220259936e+00 9.8220259936e+00 9.8220259936e+00 
9.8220264056e+00 9.8220264056e+00 9.8220264056e+00 9.8220264056e+00 9.8220264056e+00 9.8220264056e+00 
9.8220276405e+00 9.8220276405e+00 9.8220276405e+00 9.8220276405e+00 9.8220276405e+00 9.8220276405e+00 
9.8220296945e+00 9.8220296945e+00 9.8220296945e+00 9.8220296945e+00 9.8220296945e+00 9.8220296945e+00 
9.8220325604e+00 9.8220325604e+00 9.8220325604e+00 9.8220325604e+00 9.8220325604e+00 9.8220325604e+00 
9.8220362258e+00 9.8220362258e+00 9.8220362258e+00 9.8220362258e+00 9.8220362258e+00 9.8220362258e+00 
9.8220406695e+00 9.8220406695e+00 9.8220406695e+00 9.8220406695e+00 9.8220406695e+00 9.8220406695e+00 
9.8220458556e+00 9.8220458556e+00 9.8220458556e+00 9.8220458556e+00 9.8220458556e+00 9.8220458556e+00 
9.8220517224e+00 9.8220517224e+00 9.8220517224e+00 9.8220517224e+00 9.8220517224e+00 9.8220517224e+00 
9.8220581686e+00 9.8220581686e+00 9.8220581686e+00 9.8220581686e+00 9.8220581686e+00 9.8220581686e+00 
9.8220650361e+00 9.8220650361e+00 9.8220650361e+00 9.8220650361e+00 9.8220650361e+00 9.8220650361e+00 
9.8220721004e+00 9.8220721004e+00 9.8220721004e+00 9.8220721004e+00 9.8220721004e+00 9.8220721004e+00 
9.8220790764e+00 9.8220790764e+00 9.8220790764e+00 9.8220790764e+00 9.8220790764e+00 9.8220790764e+00 
9.8220856516e+00 9.8220856516e+00 9.8220856516e+00 9.8220856516e+00 9.8220856516e+00 9.8220856516e+00 
9.8220915403e+00 9.8220915403e+00 9.8220915403e+00 9.8220915403e+00 9.8220915403e+00 9.8220915403e+00 
9.8220965354e+00 9.8220965354e+00 9.8220965354e+00 9.8220965354e+00 9.8220965354e+00 9.8220965354e+00 
9.8221005284e+00 9.8221005284e+00 9.8221005284e+00 9.8221005284e+00 9.8221005284e+00 9.8221005284e+00 
9.8221034881e+00 9.8221034881e+00 9.8221034881e+00 9.8221034881e+00 9.8221034881e+00 9.8221034881e+00 
9.8221054284e+00 9.8221054284e+00 9.8221054284e+00 9.8221054284e+00 9.8221054284e+00 9.8221054284e+00 
9.8221064715e+00 9.8221064715e+00 9.8221064715e+00 9.8221064715e+00 9.8221064715e+00 9.8221064715e+00 
9.8221068784e+00 9.8221068784e+00 9.8221068784e+00 9.8221068784e+00 9.8221068784e+00 9.8221068784e+00 
