9.8225071271e+00 9.8225071271e+00 9.8225071271e+00 9.8225071271e+00 9.8225071271e+00 9.8225071271e+00 
9.8225074522e+00 9.8225074522e+00 9.8225074522e+00 9.8225074522e+00 9.8225074522e+00 9.8225074522e+00 
9.8225084267e+00 9.8225084267e+00 9.8225084267e+00 9.8225084267e+00 9.8225084267e+00 9.8225084267e+00 
9.8225100474e+00 9.8225100474e+00 9.8225100474e+00 9.8225100474e+00 9.8225100474e+00 9.8225100474e+00 
9.8225123086e+00 9.8225123086e+00 9.8225123086e+00 9.8225123086e+00 9.8225123086e+00 9.8225123086e+00 
9.8225152002e+00 9.8225152002e+00 9.8225152002e+00 9.8225152002e+00 9.8225152002e+00 9.8225152002e+00 
9.8225187052e+00 9.8225187052e+00 9.8225187052e+00 9.8225187052e+00 9.8225187052e+00 9.8225187052e+00 
9.8225227948e+00 9.8225227948e+00 9.8225227948e+00 9.8225227948e+00 9.8225227948e+00 9.8225227948e+00 
9.8225274198e+00 9.8225274198e+00 9.8225274198e+00 9.8225274198e+00 9.8225274198e+00 9.8225274198e+00 
9.8225324993e+00 9.8225324993e+00 9.8225324993e+00 9.8225324993e+00 9.8225324993e+00 9.8225324993e+00 
9.8225379079e+00 9.8225379079e+00 9.8225379079e+00 9.8225379079e+00 9.8225379079e+00 9.8225379079e+00 
9.8225434674e+00 9.8225434674e+00 9.8225434674e+00 9.8225434674e+00 9.8225434674e+00 9.8225434674e+00 
9.8225489527e+00 9.8225489527e+00 9.8225489527e+00 9.8225489527e+00 9.8225489527e+00 9.8225489527e+00 
9.8225541175e+00 9.8225541175e+00 9.8225541175e+00 9.8225541175e+00 9.8225541175e+00 9.8225541175e+00 
9.8225587379e+00 9.8225587379e+00 9.8225587379e+00 9.8225587379e+00 9.8225587379e+00 9.8225587379e+00 
9.8225626526e+00 9.8225626526e+00 9.8225626526e+00 9.8225626526e+00 9.8225626526e+00 9.8225626526e+00 
9.8225657781e+00 9.8225657781e+00 9.8225657781e+00 9.8225657781e+00 9.8225657781e+00 9.8225657781e+00 
9.8225680918e+00 9.8225680918e+00 9.8225680918e+00 9.8225680918e+00 9.8225680918e+00 9.8225680918e+00 
9.8225696064e+00 9.8225696064e+00 9.8225696064e+00 9.8225696064e+00 9.8225696064e+00 9.8225696064e+00 
9.8225704194e+00 9.8225704194e+00 9.8225704194e+00 9.8225704194e+00 9.8225704194e+00 9.8225704194e+00 
9.8225707368e+00 9.8225707368e+00 9.8225707368e+00 9.8225707368e+00 9.8225707368e+00 9.8225707368e+00 
