4.1572163124e+00 4.1572163124e+00 4.1572163124e+00 4.1572163124e+00 4.1572163124e+00 4.1572163124e+00 
4.1598593622e+00 4.1598593622e+00 4.1598593622e+00 4.1598593622e+00 4.1598593622e+00 4.1598593622e+00 
4.1677861492e+00 4.1677861492e+00 4.1677861492e+00 4.1677861492e+00 4.1677861492e+00 4.1677861492e+00 
4.1809904124e+00 4.1809904124e+00 4.1809904124e+00 4.1809904124e+00 4.1809904124e+00 4.1809904124e+00 
4.1994640818e+00 4.1994640818e+00 4.1994640818e+00 4.1994640818e+00 4.1994640818e+00 4.1994640818e+00 
4.2231995494e+00 4.2231995494e+00 4.2231995494e+00 4.2231995494e+00 4.2231995494e+00 4.2231995494e+00 
4.2521909508e+00 4.2521909508e+00 4.2521909508e+00 4.2521909508e+00 4.2521909508e+00 4.2521909508e+00 
4.2864339753e+00 4.2864339753e+00 4.2864339753e+00 4.2864339753e+00 4.2864339753e+00 4.2864339753e+00 
4.3259241716e+00 4.3259241716e+00 4.3259241716e+00 4.3259241716e+00 4.3259241716e+00 4.3259241716e+00 
4.3706533614e+00 4.3706533614e+00 4.3706533614e+00 4.3706533614e+00 4.3706533614e+00 4.3706533614e+00 
4.4206028416e+00 4.4206028416e+00 4.4206028416e+00 4.4206028416e+00 4.4206028416e+00 4.4206028416e+00 
4.4757305196e+00 4.4757305196e+00 4.4757305196e+00 4.4757305196e+00 4.4757305196e+00 4.4757305196e+00 
4.5359462124e+00 4.5359462124e+00 4.5359462124e+00 4.5359462124e+00 4.5359462124e+00 4.5359462124e+00 
4.6010637019e+00 4.6010637019e+00 4.6010637019e+00 4.6010637019e+00 4.6010637019e+00 4.6010637019e+00 
4.6707066511e+00 4.6707066511e+00 4.6707066511e+00 4.6707066511e+00 4.6707066511e+00 4.6707066511e+00 
4.7441200534e+00 4.7441200534e+00 4.7441200534e+00 4.7441200534e+00 4.7441200534e+00 4.7441200534e+00 
4.8197865720e+00 4.8197865720e+00 4.8197865720e+00 4.8197865720e+00 4.8197865720e+00 4.8197865720e+00 
4.8946677743e+00 4.8946677743e+00 4.8946677743e+00 4.8946677743e+00 4.8946677743e+00 4.8946677743e+00 
4.9629240030e+00 4.9629240030e+00 4.9629240030e+00 4.9629240030e+00 4.9629240030e+00 4.9629240030e+00 
5.0145343516e+00 5.0145343516e+00 5.0145343516e+00 5.0145343516e+00 5.0145343516e+00 5.0145343516e+00 
5.0353233053e+00 5.0353233053e+00 5.0353233053e+00 5.0353233053e+00 5.0353233053e+00 5.0353233053e+00 
