9.8228866710e+00 9.8228866710e+00 9.8228866710e+00 9.8228866710e+00 9.8228866710e+00 9.8228866710e+00 
9.8228869283e+00 9.8228869283e+00 9.8228869283e+00 9.8228869283e+00 9.8228869283e+00 9.8228869283e+00 
9.8228876997e+00 9.8228876997e+00 9.8228876997e+00 9.8228876997e+00 9.8228876997e+00 9.8228876997e+00 
9.8228889825e+00 9.8228889825e+00 9.8228889825e+00 9.8228889825e+00 9.8228889825e+00 9.8228889825e+00 
9.8228907721e+00 9.8228907721e+00 9.8228907721e+00 9.8228907721e+00 9.8228907721e+00 9.8228907721e+00 
9.8228930605e+00 9.8228930605e+00 9.8228930605e+00 9.8228930605e+00 9.8228930605e+00 9.8228930605e+00 
9.8228958339e+00 9.8228958339e+00 9.8228958339e+00 9.8228958339e+00 9.8228958339e+00 9.8228958339e+00 
9.8228990692e+00 9.8228990692e+00 9.8228990692e+00 9.8228990692e+00 9.8228990692e+00 9.8228990692e+00 
9.8229027273e+00 9.8229027273e+00 9.8229027273e+00 9.8229027273e+00 9.8229027273e+00 9.8229027273e+00 
9.8229067437e+00 9.8229067437e+00 9.8229067437e+00 9.8229067437e+00 9.8229067437e+00 9.8229067437e+00 
9.8229110187e+00 9.8229110187e+00 9.8229110187e+00 9.8229110187e+00 9.8229110187e+00 9.8229110187e+00 
9.8229154113e+00 9.8229154113e+00 9.8229154113e+00 9.8229154113e+00 9.8229154113e+00 9.8229154113e+00 
9.8229197430e+00 9.8229197430e+00 9.8229197430e+00 9.8229197430e+00 9.8229197430e+00 9.8229197430e+00 
9.8229238194e+00 9.8229238194e+00 9.8229238194e+00 9.8229238194e+00 9.8229238194e+00 9.8229238194e+00 
9.8229274640e+00 9.8229274640e+00 9.8229274640e+00 9.8229274640e+00 9.8229274640e+00 9.8229274640e+00 
9.8229305499e+00 9.8229305499e+00 9.8229305499e+00 9.8229305499e+00 9.8229305499e+00 9.8229305499e+00 
9.8229330123e+00 9.8229330123e+00 9.8229330123e+00 9.8229330123e+00 9.8229330123e+00 9.8229330123e+00 
9.8229348340e+00 9.8229348340e+00 9.8229348340e+00 9.8229348340e+00 9.8229348340e+00 9.8229348340e+00 
9.8229360258e+00 9.8229360258e+00 9.8229360258e+00 9.8229360258e+00 9.8229360258e+00 9.8229360258e+00 
9.8229366650e+00 9.8229366650e+00 9.8229366650e+00 9.8229366650e+00 9.8229366650e+00 9.8229366650e+00 
9.8229369146e+00 9.8229369146e+00 9.8229369146e+00 9.8229369146e+00 9.8229369146e+00 9.8229369146e+00 
