6.2722962416e+00 6.2722962416e+00 6.2722962416e+00 6.2722962416e+00 6.2722962416e+00 6.2722962416e+00 
6.2746424914e+00 6.2746424914e+00 6.2746424914e+00 6.2746424914e+00 6.2746424914e+00 6.2746424914e+00 
6.2816773653e+00 6.2816773653e+00 6.2816773653e+00 6.2816773653e+00 6.2816773653e+00 6.2816773653e+00 
6.2933898924e+00 6.2933898924e+00 6.2933898924e+00 6.2933898924e+00 6.2933898924e+00 6.2933898924e+00 
6.3097636780e+00 6.3097636780e+00 6.3097636780e+00 6.3097636780e+00 6.3097636780e+00 6.3097636780e+00 
6.3307787594e+00 6.3307787594e+00 6.3307787594e+00 6.3307787594e+00 6.3307787594e+00 6.3307787594e+00 
6.3564127637e+00 6.3564127637e+00 6.3564127637e+00 6.3564127637e+00 6.3564127637e+00 6.3564127637e+00 
6.3866410323e+00 6.3866410323e+00 6.3866410323e+00 6.3866410323e+00 6.3866410323e+00 6.3866410323e+00 
6.4214357590e+00 6.4214357590e+00 6.4214357590e+00 6.4214357590e+00 6.4214357590e+00 6.4214357590e+00 
6.4607639684e+00 6.4607639684e+00 6.4607639684e+00 6.4607639684e+00 6.4607639684e+00 6.4607639684e+00 
6.5045835611e+00 6.5045835611e+00 6.5045835611e+00 6.5045835611e+00 6.5045835611e+00 6.5045835611e+00 
6.5528356787e+00 6.5528356787e+00 6.5528356787e+00 6.5528356787e+00 6.5528356787e+00 6.5528356787e+00 
6.6054297949e+00 6.6054297949e+00 6.6054297949e+00 6.6054297949e+00 6.6054297949e+00 6.6054297949e+00 
6.6622143028e+00 6.6622143028e+00 6.6622143028e+00 6.6622143028e+00 6.6622143028e+00 6.6622143028e+00 
6.7229175205e+00 6.7229175205e+00 6.7229175205e+00 6.7229175205e+00 6.7229175205e+00 6.7229175205e+00 
6.7870245641e+00 6.7870245641e+00 6.7870245641e+00 6.7870245641e+00 6.7870245641e+00 6.7870245641e+00 
6.8535062674e+00 6.8535062674e+00 6.8535062674e+00 6.8535062674e+00 6.8535062674e+00 6.8535062674e+00 
6.9201997979e+00 6.9201997979e+00 6.9201997979e+00 6.9201997979e+00 6.9201997979e+00 6.9201997979e+00 
6.9824763049e+00 6.9824763049e+00 6.9824763049e+00 6.9824763049e+00 6.9824763049e+00 6.9824763049e+00 
7.0311281197e+00 7.0311281197e+00 7.0311281197e+00 7.0311281197e+00 7.0311281197e+00 7.0311281197e+00 
7.0513146057e+00 7.0513146057e+00 7.0513146057e+00 7.0513146057e+00 7.0513146057e+00 7.0513146057e+00 
