7.8620411400e+00 7.8620411400e+00 7.8620411400e+00 7.8620411400e+00 7.8620411400e+00 7.8620411400e+00 
7.8636531157e+00 7.8636531157e+00 7.8636531157e+00 7.8636531157e+00 7.8636531157e+00 7.8636531157e+00 
7.8684853353e+00 7.8684853353e+00 7.8684853353e+00 7.8684853353e+00 7.8684853353e+00 7.8684853353e+00 
7.8765271098e+00 7.8765271098e+00 7.8765271098e+00 7.8765271098e+00 7.8765271098e+00 7.8765271098e+00 
7.8877618797e+00 7.8877618797e+00 7.8877618797e+00 7.8877618797e+00 7.8877618797e+00 7.8877618797e+00 
7.9021684646e+00 7.9021684646e+00 7.9021684646e+00 7.9021684646e+00 7.9021684646e+00 7.9021684646e+00 
7.9197218865e+00 7.9197218865e+00 7.9197218865e+00 7.9197218865e+00 7.9197218865e+00 7.9197218865e+00 
7.9403935579e+00 7.9403935579e+00 7.9403935579e+00 7.9403935579e+00 7.9403935579e+00 7.9403935579e+00 
7.9641508770e+00 7.9641508770e+00 7.9641508770e+00 7.9641508770e+00 7.9641508770e+00 7.9641508770e+00 
7.9909561514e+00 7.9909561514e+00 7.9909561514e+00 7.9909561514e+00 7.9909561514e+00 7.9909561514e+00 
8.0207644143e+00 8.0207644143e+00 8.0207644143e+00 8.0207644143e+00 8.0207644143e+00 8.0207644143e+00 
8.0535191407e+00 8.0535191407e+00 8.0535191407e+00 8.0535191407e+00 8.0535191407e+00 8.0535191407e+00 
8.0891438290e+00 8.0891438290e+00 8.0891438290e+00 8.0891438290e+00 8.0891438290e+00 8.0891438290e+00 
8.1275253568e+00 8.1275253568e+00 8.1275253568e+00 8.1275253568e+00 8.1275253568e+00 8.1275253568e+00 
8.1684805456e+00 8.1684805456e+00 8.1684805456e+00 8.1684805456e+00 8.1684805456e+00 8.1684805456e+00 
8.2116857987e+00 8.2116857987e+00 8.2116857987e+00 8.2116857987e+00 8.2116857987e+00 8.2116857987e+00 
8.2565182651e+00 8.2565182651e+00 8.2565182651e+00 8.2565182651e+00 8.2565182651e+00 8.2565182651e+00 
8.3016717088e+00 8.3016717088e+00 8.3016717088e+00 8.3016717088e+00 8.3016717088e+00 8.3016717088e+00 
8.3442370432e+00 8.3442370432e+00 8.3442370432e+00 8.3442370432e+00 8.3442370432e+00 8.3442370432e+00 
8.3779836053e+00 8.3779836053e+00 8.3779836053e+00 8.3779836053e+00 8.3779836053e+00 8.3779836053e+00 
8.3921663108e+00 8.3921663108e+00 8.3921663108e+00 8.3921663108e+00 8.3921663108e+00 8.3921663108e+00 
