8.8377668213e+00 8.8377668213e+00 8.8377668213e+00 8.8377668213e+00 8.8377668213e+00 8.8377668213e+00 
8.8386789922e+00 8.8386789922e+00 8.8386789922e+00 8.8386789922e+00 8.8386789922e+00 8.8386789922e+00 
8.8414130553e+00 8.8414130553e+00 8.8414130553e+00 8.8414130553e+00 8.8414130553e+00 8.8414130553e+00 
8.8459619059e+00 8.8459619059e+00 8.8459619059e+00 8.8459619059e+00 8.8459619059e+00 8.8459619059e+00 
8.8523144088e+00 8.8523144088e+00 8.8523144088e+00 8.8523144088e+00 8.8523144088e+00 8.8523144088e+00 
8.8604561052e+00 8.8604561052e+00 8.8604561052e+00 8.8604561052e+00 8.8604561052e+00 8.8604561052e+00 
8.8703696882e+00 8.8703696882e+00 8.8703696882e+00 8.8703696882e+00 8.8703696882e+00 8.8703696882e+00 
8.8820351307e+00 8.8820351307e+00 8.8820351307e+00 8.8820351307e+00 8.8820351307e+00 8.8820351307e+00 
8.8954294937e+00 8.8954294937e+00 8.8954294937e+00 8.8954294937e+00 8.8954294937e+00 8.8954294937e+00 
8.9105263760e+00 8.9105263760e+00 8.9105263760e+00 8.9105263760e+00 8.9105263760e+00 8.9105263760e+00 
8.9272947794e+00 8.9272947794e+00 8.9272947794e+00 8.9272947794e+00 8.9272947794e+00 8.9272947794e+00 
8.9456968741e+00 8.9456968741e+00 8.9456968741e+00 8.9456968741e+00 8.9456968741e+00 8.9456968741e+00 
8.9656836115e+00 8.9656836115e+00 8.9656836115e+00 8.9656836115e+00 8.9656836115e+00 8.9656836115e+00 
8.9871860785e+00 8.9871860785e+00 8.9871860785e+00 8.9871860785e+00 8.9871860785e+00 8.9871860785e+00 
9.0100981910e+00 9.0100981910e+00 9.0100981910e+00 9.0100981910e+00 9.0100981910e+00 9.0100981910e+00 
9.0342402899e+00 9.0342402899e+00 9.0342402899e+00 9.0342402899e+00 9.0342402899e+00 9.0342402899e+00 
9.0592763887e+00 9.0592763887e+00 9.0592763887e+00 9.0592763887e+00 9.0592763887e+00 9.0592763887e+00 
9.0845097293e+00 9.0845097293e+00 9.0845097293e+00 9.0845097293e+00 9.0845097293e+00 9.0845097293e+00 
9.1083710277e+00 9.1083710277e+00 9.1083710277e+00 9.1083710277e+00 9.1083710277e+00 9.1083710277e+00 
9.1273923066e+00 9.1273923066e+00 9.1273923066e+00 9.1273923066e+00 9.1273923066e+00 9.1273923066e+00 
9.1354191654e+00 9.1354191654e+00 9.1354191654e+00 9.1354191654e+00 9.1354191654e+00 9.1354191654e+00 
