9.3558224635e+00 9.3558224635e+00 9.3558224635e+00 9.3558224635e+00 9.3558224635e+00 9.3558224635e+00 
9.3562815194e+00 9.3562815194e+00 9.3562815194e+00 9.3562815194e+00 9.3562815194e+00 9.3562815194e+00 
9.3576573734e+00 9.3576573734e+00 9.3576573734e+00 9.3576573734e+00 9.3576573734e+00 9.3576573734e+00 
9.3599462071e+00 9.3599462071e+00 9.3599462071e+00 9.3599462071e+00 9.3599462071e+00 9.3599462071e+00 
9.3631420118e+00 9.3631420118e+00 9.3631420118e+00 9.3631420118e+00 9.3631420118e+00 9.3631420118e+00 
9.3672369428e+00 9.3672369428e+00 9.3672369428e+00 9.3672369428e+00 9.3672369428e+00 9.3672369428e+00 
9.3722215590e+00 9.3722215590e+00 9.3722215590e+00 9.3722215590e+00 9.3722215590e+00 9.3722215590e+00 
9.3780848876e+00 9.3780848876e+00 9.3780848876e+00 9.3780848876e+00 9.3780848876e+00 9.3780848876e+00 
9.3848143292e+00 9.3848143292e+00 9.3848143292e+00 9.3848143292e+00 9.3848143292e+00 9.3848143292e+00 
9.3923953849e+00 9.3923953849e+00 9.3923953849e+00 9.3923953849e+00 9.3923953849e+00 9.3923953849e+00 
9.4008110970e+00 9.4008110970e+00 9.4008110970e+00 9.4008110970e+00 9.4008110970e+00 9.4008110970e+00 
9.4100409515e+00 9.4100409515e+00 9.4100409515e+00 9.4100409515e+00 9.4100409515e+00 9.4100409515e+00 
9.4200587353e+00 9.4200587353e+00 9.4200587353e+00 9.4200587353e+00 9.4200587353e+00 9.4200587353e+00 
9.4308283318e+00 9.4308283318e+00 9.4308283318e+00 9.4308283318e+00 9.4308283318e+00 9.4308283318e+00 
9.4422953354e+00 9.4422953354e+00 9.4422953354e+00 9.4422953354e+00 9.4422953354e+00 9.4422953354e+00 
9.4543694441e+00 9.4543694441e+00 9.4543694441e+00 9.4543694441e+00 9.4543694441e+00 9.4543694441e+00 
9.4668843653e+00 9.4668843653e+00 9.4668843653e+00 9.4668843653e+00 9.4668843653e+00 9.4668843653e+00 
9.4794979471e+00 9.4794979471e+00 9.4794979471e+00 9.4794979471e+00 9.4794979471e+00 9.4794979471e+00 
9.4914374847e+00 9.4914374847e+00 9.4914374847e+00 9.4914374847e+00 9.4914374847e+00 9.4914374847e+00 
9.5009735914e+00 9.5009735914e+00 9.5009735914e+00 9.5009735914e+00 9.5009735914e+00 9.5009735914e+00 
9.5050021603e+00 9.5050021603e+00 9.5050021603e+00 9.5050021603e+00 9.5050021603e+00 9.5050021603e+00 
