9.6084363313e+00 9.6084363313e+00 9.6084363313e+00 9.6084363313e+00 9.6084363313e+00 9.6084363313e+00 
9.6086536473e+00 9.6086536473e+00 9.6086536473e+00 9.6086536473e+00 9.6086536473e+00 9.6086536473e+00 
9.6093049591e+00 9.6093049591e+00 9.6093049591e+00 9.6093049591e+00 9.6093049591e+00 9.6093049591e+00 
9.6103884170e+00 9.6103884170e+00 9.6103884170e+00 9.6103884170e+00 9.6103884170e+00 9.6103884170e+00 
9.6119011057e+00 9.6119011057e+00 9.6119011057e+00 9.6119011057e+00 9.6119011057e+00 9.6119011057e+00 
9.6138392119e+00 9.6138392119e+00 9.6138392119e+00 9.6138392119e+00 9.6138392119e+00 9.6138392119e+00 
9.6161981364e+00 9.6161981364e+00 9.6161981364e+00 9.6161981364e+00 9.6161981364e+00 9.6161981364e+00 
9.6189725230e+00 9.6189725230e+00 9.6189725230e+00 9.6189725230e+00 9.6189725230e+00 9.6189725230e+00 
9.6221562119e+00 9.6221562119e+00 9.6221562119e+00 9.6221562119e+00 9.6221562119e+00 9.6221562119e+00 
9.6257421091e+00 9.6257421091e+00 9.6257421091e+00 9.6257421091e+00 9.6257421091e+00 9.6257421091e+00 
9.6297219203e+00 9.6297219203e+00 9.6297219203e+00 9.6297219203e+00 9.6297219203e+00 9.6297219203e+00 
9.6340856345e+00 9.6340856345e+00 9.6340856345e+00 9.6340856345e+00 9.6340856345e+00 9.6340856345e+00 
9.6388205183e+00 9.6388205183e+00 9.6388205183e+00 9.6388205183e+00 9.6388205183e+00 9.6388205183e+00 
9.6439091522e+00 9.6439091522e+00 9.6439091522e+00 9.6439091522e+00 9.6439091522e+00 9.6439091522e+00 
9.6493255218e+00 9.6493255218e+00 9.6493255218e+00 9.6493255218e+00 9.6493255218e+00 9.6493255218e+00 
9.6550268231e+00 9.6550268231e+00 9.6550268231e+00 9.6550268231e+00 9.6550268231e+00 9.6550268231e+00 
9.6609347933e+00 9.6609347933e+00 9.6609347933e+00 9.6609347933e+00 9.6609347933e+00 9.6609347933e+00 
9.6668890543e+00 9.6668890543e+00 9.6668890543e+00 9.6668890543e+00 9.6668890543e+00 9.6668890543e+00 
9.6725271670e+00 9.6725271670e+00 9.6725271670e+00 9.6725271670e+00 9.6725271670e+00 9.6725271670e+00 
9.6770336534e+00 9.6770336534e+00 9.6770336534e+00 9.6770336534e+00 9.6770336534e+00 9.6770336534e+00 
9.6789379922e+00 9.6789379922e+00 9.6789379922e+00 9.6789379922e+00 9.6789379922e+00 9.6789379922e+00 
