9.7263131486e+00 9.7263131486e+00 9.7263131486e+00 9.7263131486e+00 9.7263131486e+00 9.7263131486e+00 
9.7264130479e+00 9.7264130479e+00 9.7264130479e+00 9.7264130479e+00 9.7264130479e+00 9.7264130479e+00 
9.7267124518e+00 9.7267124518e+00 9.7267124518e+00 9.7267124518e+00 9.7267124518e+00 9.7267124518e+00 
9.7272105048e+00 9.7272105048e+00 9.7272105048e+00 9.7272105048e+00 9.7272105048e+00 9.7272105048e+00 
9.7279058582e+00 9.7279058582e+00 9.7279058582e+00 9.7279058582e+00 9.7279058582e+00 9.7279058582e+00 
9.7287967463e+00 9.7287967463e+00 9.7287967463e+00 9.7287967463e+00 9.7287967463e+00 9.7287967463e+00 
9.7298810382e+00 9.7298810382e+00 9.7298810382e+00 9.7298810382e+00 9.7298810382e+00 9.7298810382e+00 
9.7311562496e+00 9.7311562496e+00 9.7311562496e+00 9.7311562496e+00 9.7311562496e+00 9.7311562496e+00 
9.7326195207e+00 9.7326195207e+00 9.7326195207e+00 9.7326195207e+00 9.7326195207e+00 9.7326195207e+00 
9.7342675553e+00 9.7342675553e+00 9.7342675553e+00 9.7342675553e+00 9.7342675553e+00 9.7342675553e+00 
9.7360964973e+00 9.7360964973e+00 9.7360964973e+00 9.7360964973e+00 9.7360964973e+00 9.7360964973e+00 
9.7381016933e+00 9.7381016933e+00 9.7381016933e+00 9.7381016933e+00 9.7381016933e+00 9.7381016933e+00 
9.7402772313e+00 9.7402772313e+00 9.7402772313e+00 9.7402772313e+00 9.7402772313e+00 9.7402772313e+00 
9.7426150418e+00 9.7426150418e+00 9.7426150418e+00 9.7426150418e+00 9.7426150418e+00 9.7426150418e+00 
9.7451031129e+00 9.7451031129e+00 9.7451031129e+00 9.7451031129e+00 9.7451031129e+00 9.7451031129e+00 
9.7477217494e+00 9.7477217494e+00 9.7477217494e+00 9.7477217494e+00 9.7477217494e+00 9.7477217494e+00 
9.7504350508e+00 9.7504350508e+00 9.7504350508e+00 9.7504350508e+00 9.7504350508e+00 9.7504350508e+00 
9.7531695813e+00 9.7531695813e+00 9.7531695813e+00 9.7531695813e+00 9.7531695813e+00 9.7531695813e+00 
9.7557593426e+00 9.7557593426e+00 9.7557593426e+00 9.7557593426e+00 9.7557593426e+00 9.7557593426e+00 
9.7578299746e+00 9.7578299746e+00 9.7578299746e+00 9.7578299746e+00 9.7578299746e+00 9.7578299746e+00 
9.7587050614e+00 9.7587050614e+00 9.7587050614e+00 9.7587050614e+00 9.7587050614e+00 9.7587050614e+00 
