9.7801646000e+00 9.7801646000e+00 9.7801646000e+00 9.7801646000e+00 9.7801646000e+00 9.7801646000e+00 
9.7802099075e+00 9.7802099075e+00 9.7802099075e+00 9.7802099075e+00 9.7802099075e+00 9.7802099075e+00 
9.7803456969e+00 9.7803456969e+00 9.7803456969e+00 9.7803456969e+00 9.7803456969e+00 9.7803456969e+00 
9.7805715800e+00 9.7805715800e+00 9.7805715800e+00 9.7805715800e+00 9.7805715800e+00 9.7805715800e+00 
9.7808869450e+00 9.7808869450e+00 9.7808869450e+00 9.7808869450e+00 9.7808869450e+00 9.7808869450e+00 
9.7812909912e+00 9.7812909912e+00 9.7812909912e+00 9.7812909912e+00 9.7812909912e+00 9.7812909912e+00 
9.7817827513e+00 9.7817827513e+00 9.7817827513e+00 9.7817827513e+00 9.7817827513e+00 9.7817827513e+00 
9.7823610976e+00 9.7823610976e+00 9.7823610976e+00 9.7823610976e+00 9.7823610976e+00 9.7823610976e+00 
9.7830247309e+00 9.7830247309e+00 9.7830247309e+00 9.7830247309e+00 9.7830247309e+00 9.7830247309e+00 
9.7837721529e+00 9.7837721529e+00 9.7837721529e+00 9.7837721529e+00 9.7837721529e+00 9.7837721529e+00 
9.7846016095e+00 9.7846016095e+00 9.7846016095e+00 9.7846016095e+00 9.7846016095e+00 9.7846016095e+00 
9.7855109833e+00 9.7855109833e+00 9.7855109833e+00 9.7855109833e+00 9.7855109833e+00 9.7855109833e+00 
9.7864975840e+00 9.7864975840e+00 9.7864975840e+00 9.7864975840e+00 9.7864975840e+00 9.7864975840e+00 
9.7875577417e+00 9.7875577417e+00 9.7875577417e+00 9.7875577417e+00 9.7875577417e+00 9.7875577417e+00 
9.7886859990e+00 9.7886859990e+00 9.7886859990e+00 9.7886859990e+00 9.7886859990e+00 9.7886859990e+00 
9.7898734196e+00 9.7898734196e+00 9.7898734196e+00 9.7898734196e+00 9.7898734196e+00 9.7898734196e+00 
9.7911037341e+00 9.7911037341e+00 9.7911037341e+00 9.7911037341e+00 9.7911037341e+00 9.7911037341e+00 
9.7923436877e+00 9.7923436877e+00 9.7923436877e+00 9.7923436877e+00 9.7923436877e+00 9.7923436877e+00 
9.7935180984e+00 9.7935180984e+00 9.7935180984e+00 9.7935180984e+00 9.7935180984e+00 9.7935180984e+00 
9.7944572363e+00 9.7944572363e+00 9.7944572363e+00 9.7944572363e+00 9.7944572363e+00 9.7944572363e+00 
9.7948541507e+00 9.7948541507e+00 9.7948541507e+00 9.7948541507e+00 9.7948541507e+00 9.7948541507e+00 
