8.0661138757e-01 8.0661138757e-01 8.0661138757e-01 8.0661138757e-01 8.0661138757e-01 8.0661138757e-01 
8.0640155706e-01 8.0640155706e-01 8.0640155706e-01 8.0640155706e-01 8.0640155706e-01 8.0640155706e-01 
8.0577239297e-01 8.0577239297e-01 8.0577239297e-01 8.0577239297e-01 8.0577239297e-01 8.0577239297e-01 
8.0472467849e-01 8.0472467849e-01 8.0472467849e-01 8.0472467849e-01 8.0472467849e-01 8.0472467849e-01 
8.0325918229e-01 8.0325918229e-01 8.0325918229e-01 8.0325918229e-01 8.0325918229e-01 8.0325918229e-01 
8.0137618912e-01 8.0137618912e-01 8.0137618912e-01 8.0137618912e-01 8.0137618912e-01 8.0137618912e-01 
7.9907525137e-01 7.9907525137e-01 7.9907525137e-01 7.9907525137e-01 7.9907525137e-01 7.9907525137e-01 
7.9635522591e-01 7.9635522591e-01 7.9635522591e-01 7.9635522591e-01 7.9635522591e-01 7.9635522591e-01 
7.9321458335e-01 7.9321458335e-01 7.9321458335e-01 7.9321458335e-01 7.9321458335e-01 7.9321458335e-01 
7.8965204313e-01 7.8965204313e-01 7.8965204313e-01 7.8965204313e-01 7.8965204313e-01 7.8965204313e-01 
7.8566773850e-01 7.8566773850e-01 7.8566773850e-01 7.8566773850e-01 7.8566773850e-01 7.8566773850e-01 
7.8126533634e-01 7.8126533634e-01 7.8126533634e-01 7.8126533634e-01 7.8126533634e-01 7.8126533634e-01 
7.7645590927e-01 7.7645590927e-01 7.7645590927e-01 7.7645590927e-01 7.7645590927e-01 7.7645590927e-01 
7.7126495539e-01 7.7126495539e-01 7.7126495539e-01 7.7126495539e-01 7.7126495539e-01 7.7126495539e-01 
7.6574484084e-01 7.6574484084e-01 7.6574484084e-01 7.6574484084e-01 7.6574484084e-01 7.6574484084e-01 
7.5999610288e-01 7.5999610288e-01 7.5999610288e-01 7.5999610288e-01 7.5999610288e-01 7.5999610288e-01 
7.5420125907e-01 7.5420125907e-01 7.5420125907e-01 7.5420125907e-01 7.5420125907e-01 7.5420125907e-01 
7.4866987707e-01 7.4866987707e-01 7.4866987707e-01 7.4866987707e-01 7.4866987707e-01 7.4866987707e-01 
7.4387622591e-01 7.4387622591e-01 7.4387622591e-01 7.4387622591e-01 7.4387622591e-01 7.4387622591e-01 
7.4045591647e-01 7.4045591647e-01 7.4045591647e-01 7.4045591647e-01 7.4045591647e-01 7.4045591647e-01 
7.3914557964e-01 7.3914557964e-01 7.3914557964e-01 7.3914557964e-01 7.3914557964e-01 7.3914557964e-01 
