2.0219496238e-03 2.0219496238e-03 2.0219496238e-03 2.0219496238e-03 2.0219496238e-03 2.0219496238e-03 
2.0199104371e-03 2.0199104371e-03 2.0199104371e-03 2.0199104371e-03 2.0199104371e-03 2.0199104371e-03 
2.0137993921e-03 2.0137993921e-03 2.0137993921e-03 2.0137993921e-03 2.0137993921e-03 2.0137993921e-03 
2.0036359699e-03 2.0036359699e-03 2.0036359699e-03 2.0036359699e-03 2.0036359699e-03 2.0036359699e-03 
1.9894526326e-03 1.9894526326e-03 1.9894526326e-03 1.9894526326e-03 1.9894526326e-03 1.9894526326e-03 
1.9712954760e-03 1.9712954760e-03 1.9712954760e-03 1.9712954760e-03 1.9712954760e-03 1.9712954760e-03 
1.9492263228e-03 1.9492263228e-03 1.9492263228e-03 1.9492263228e-03 1.9492263228e-03 1.9492263228e-03 
1.9233273216e-03 1.9233273216e-03 1.9233273216e-03 1.9233273216e-03 1.9233273216e-03 1.9233273216e-03 
1.8937095781e-03 1.8937095781e-03 1.8937095781e-03 1.8937095781e-03 1.8937095781e-03 1.8937095781e-03 
1.8605282367e-03 1.8605282367e-03 1.8605282367e-03 1.8605282367e-03 1.8605282367e-03 1.8605282367e-03 
1.8240080063e-03 1.8240080063e-03 1.8240080063e-03 1.8240080063e-03 1.8240080063e-03 1.8240080063e-03 
1.7844857417e-03 1.7844857417e-03 1.7844857417e-03 1.7844857417e-03 1.7844857417e-03 1.7844857417e-03 
1.7424808652e-03 1.7424808652e-03 1.7424808652e-03 1.7424808652e-03 1.7424808652e-03 1.7424808652e-03 
1.6988108947e-03 1.6988108947e-03 1.6988108947e-03 1.6988108947e-03 1.6988108947e-03 1.6988108947e-03 
1.6547787712e-03 1.6547787712e-03 1.6547787712e-03 1.6547787712e-03 1.6547787712e-03 1.6547787712e-03 
1.6124696631e-03 1.6124696631e-03 1.6124696631e-03 1.6124696631e-03 1.6124696631e-03 1.6124696631e-03 
1.5751936293e-03 1.5751936293e-03 1.5751936293e-03 1.5751936293e-03 1.5751936293e-03 1.5751936293e-03 
1.5480126929e-03 1.5480126929e-03 1.5480126929e-03 1.5480126929e-03 1.5480126929e-03 1.5480126929e-03 
1.5376326348e-03 1.5376326348e-03 1.5376326348e-03 1.5376326348e-03 1.5376326348e-03 1.5376326348e-03 
1.5479463506e-03 1.5479463506e-03 1.5479463506e-03 1.5479463506e-03 1.5479463506e-03 1.5479463506e-03 
1.5624202235e-03 1.5624202235e-03 1.5624202235e-03 1.5624202235e-03 1.5624202235e-03 1.5624202235e-03 
