5.9998538917e-04 5.9998538917e-04 5.9998538917e-04 5.9998538917e-04 5.9998538917e-04 5.9998538917e-04 
5.9991847755e-04 5.9991847755e-04 5.9991847755e-04 5.9991847755e-04 5.9991847755e-04 5.9991847755e-04 
5.9971797125e-04 5.9971797125e-04 5.9971797125e-04 5.9971797125e-04 5.9971797125e-04 5.9971797125e-04 
5.9938456489e-04 5.9938456489e-04 5.9938456489e-04 5.9938456489e-04 5.9938456489e-04 5.9938456489e-04 
5.9891945405e-04 5.9891945405e-04 5.9891945405e-04 5.9891945405e-04 5.9891945405e-04 5.9891945405e-04 
5.9832444401e-04 5.9832444401e-04 5.9832444401e-04 5.9832444401e-04 5.9832444401e-04 5.9832444401e-04 
5.9760227603e-04 5.9760227603e-04 5.9760227603e-04 5.9760227603e-04 5.9760227603e-04 5.9760227603e-04 
5.9675744393e-04 5.9675744393e-04 5.9675744393e-04 5.9675744393e-04 5.9675744393e-04 5.9675744393e-04 
5.9579785852e-04 5.9579785852e-04 5.9579785852e-04 5.9579785852e-04 5.9579785852e-04 5.9579785852e-04 
5.9473762669e-04 5.9473762669e-04 5.9473762669e-04 5.9473762669e-04 5.9473762669e-04 5.9473762669e-04 
5.9360072650e-04 5.9360072650e-04 5.9360072650e-04 5.9360072650e-04 5.9360072650e-04 5.9360072650e-04 
5.9242430270e-04 5.9242430270e-04 5.9242430270e-04 5.9242430270e-04 5.9242430270e-04 5.9242430270e-04 
5.9125900928e-04 5.9125900928e-04 5.9125900928e-04 5.9125900928e-04 5.9125900928e-04 5.9125900928e-04 
5.9016362193e-04 5.9016362193e-04 5.9016362193e-04 5.9016362193e-04 5.9016362193e-04 5.9016362193e-04 
5.8919374718e-04 5.8919374718e-04 5.8919374718e-04 5.8919374718e-04 5.8919374718e-04 5.8919374718e-04 
5.8838943004e-04 5.8838943004e-04 5.8838943004e-04 5.8838943004e-04 5.8838943004e-04 5.8838943004e-04 
5.8776927807e-04 5.8776927807e-04 5.8776927807e-04 5.8776927807e-04 5.8776927807e-04 5.8776927807e-04 
5.8733483723e-04 5.8733483723e-04 5.8733483723e-04 5.8733483723e-04 5.8733483723e-04 5.8733483723e-04 
5.8707767756e-04 5.8707767756e-04 5.8707767756e-04 5.8707767756e-04 5.8707767756e-04 5.8707767756e-04 
5.8695977949e-04 5.8695977949e-04 5.8695977949e-04 5.8695977949e-04 5.8695977949e-04 5.8695977949e-04 
5.8690387476e-04 5.8690387476e-04 5.8690387476e-04 5.8690387476e-04 5.8690387476e-04 5.8690387476e-04 
