1.0114601740e-03 1.0114601740e-03 1.0114601740e-03 1.0114601740e-03 1.0114601740e-03 1.0114601740e-03 
1.0112703638e-03 1.0112703638e-03 1.0112703638e-03 1.0112703638e-03 1.0112703638e-03 1.0112703638e-03 
1.0107018585e-03 1.0107018585e-03 1.0107018585e-03 1.0107018585e-03 1.0107018585e-03 1.0107018585e-03 
1.0097574729e-03 1.0097574729e-03 1.0097574729e-03 1.0097574729e-03 1.0097574729e-03 1.0097574729e-03 
1.0084420128e-03 1.0084420128e-03 1.0084420128e-03 1.0084420128e-03 1.0084420128e-03 1.0084420128e-03 
1.0067624256e-03 1.0067624256e-03 1.0067624256e-03 1.0067624256e-03 1.0067624256e-03 1.0067624256e-03 
1.0047280928e-03 1.0047280928e-03 1.0047280928e-03 1.0047280928e-03 1.0047280928e-03 1.0047280928e-03 
1.0023515714e-03 1.0023515714e-03 1.0023515714e-03 1.0023515714e-03 1.0023515714e-03 1.0023515714e-03 
9.9965036195e-04 9.9965036195e-04 9.9965036195e-04 9.9965036195e-04 9.9965036195e-04 9.9965036195e-04 
9.9665048973e-04 9.9665048973e-04 9.9665048973e-04 9.9665048973e-04 9.9665048973e-04 9.9665048973e-04 
9.9339258117e-04 9.9339258117e-04 9.9339258117e-04 9.9339258117e-04 9.9339258117e-04 9.9339258117e-04 
9.8994015880e-04 9.8994015880e-04 9.8994015880e-04 9.8994015880e-04 9.8994015880e-04 9.8994015880e-04 
9.8638756026e-04 9.8638756026e-04 9.8638756026e-04 9.8638756026e-04 9.8638756026e-04 9.8638756026e-04 
9.8286187745e-04 9.8286187745e-04 9.8286187745e-04 9.8286187745e-04 9.8286187745e-04 9.8286187745e-04 
9.7951282079e-04 9.7951282079e-04 9.7951282079e-04 9.7951282079e-04 9.7951282079e-04 9.7951282079e-04 
9.7649070643e-04 9.7649070643e-04 9.7649070643e-04 9.7649070643e-04 9.7649070643e-04 9.7649070643e-04 
9.7392369263e-04 9.7392369263e-04 9.7392369263e-04 9.7392369263e-04 9.7392369263e-04 9.7392369263e-04 
9.7190860090e-04 9.7190860090e-04 9.7190860090e-04 9.7190860090e-04 9.7190860090e-04 9.7190860090e-04 
9.7051108308e-04 9.7051108308e-04 9.7051108308e-04 9.7051108308e-04 9.7051108308e-04 9.7051108308e-04 
9.6971760286e-04 9.6971760286e-04 9.6971760286e-04 9.6971760286e-04 9.6971760286e-04 9.6971760286e-04 
9.6941088472e-04 9.6941088472e-04 9.6941088472e-04 9.6941088472e-04 9.6941088472e-04 9.6941088472e-04 
