2.3029442809e-04 2.3029442809e-04 2.3029442809e-04 2.3029442809e-04 2.3029442809e-04 2.3029442809e-04 
2.3027355635e-04 2.3027355635e-04 2.3027355635e-04 2.3027355635e-04 2.3027355635e-04 2.3027355635e-04 
2.3021100667e-04 2.3021100667e-04 2.3021100667e-04 2.3021100667e-04 2.3021100667e-04 2.3021100667e-04 
2.3010698119e-04 2.3010698119e-04 2.3010698119e-04 2.3010698119e-04 2.3010698119e-04 2.3010698119e-04 
2.2996184013e-04 2.2996184013e-04 2.2996184013e-04 2.2996184013e-04 2.2996184013e-04 2.2996184013e-04 
2.2977616407e-04 2.2977616407e-04 2.2977616407e-04 2.2977616407e-04 2.2977616407e-04 2.2977616407e-04 
2.2955092067e-04 2.2955092067e-04 2.2955092067e-04 2.2955092067e-04 2.2955092067e-04 2.2955092067e-04 
2.2928784438e-04 2.2928784438e-04 2.2928784438e-04 2.2928784438e-04 2.2928784438e-04 2.2928784438e-04 
2.2899014988e-04 2.2899014988e-04 2.2899014988e-04 2.2899014988e-04 2.2899014988e-04 2.2899014988e-04 
2.2866362240e-04 2.2866362240e-04 2.2866362240e-04 2.2866362240e-04 2.2866362240e-04 2.2866362240e-04 
2.2831788582e-04 2.2831788582e-04 2.2831788582e-04 2.2831788582e-04 2.2831788582e-04 2.2831788582e-04 
2.2796722694e-04 2.2796722694e-04 2.2796722694e-04 2.2796722694e-04 2.2796722694e-04 2.2796722694e-04 
2.2762998176e-04 2.2762998176e-04 2.2762998176e-04 2.2762998176e-04 2.2762998176e-04 2.2762998176e-04 
2.2732572016e-04 2.2732572016e-04 2.2732572016e-04 2.2732572016e-04 2.2732572016e-04 2.2732572016e-04 
2.2707072381e-04 2.2707072381e-04 2.2707072381e-04 2.2707072381e-04 2.2707072381e-04 2.2707072381e-04 
2.2687393991e-04 2.2687393991e-04 2.2687393991e-04 2.2687393991e-04 2.2687393991e-04 2.2687393991e-04 
2.2673597489e-04 2.2673597489e-04 2.2673597489e-04 2.2673597489e-04 2.2673597489e-04 2.2673597489e-04 
2.2665177411e-04 2.2665177411e-04 2.2665177411e-04 2.2665177411e-04 2.2665177411e-04 2.2665177411e-04 
2.2661376820e-04 2.2661376820e-04 2.2661376820e-04 2.2661376820e-04 2.2661376820e-04 2.2661376820e-04 
2.2660522570e-04 2.2660522570e-04 2.2660522570e-04 2.2660522570e-04 2.2660522570e-04 2.2660522570e-04 
2.2659696109e-04 2.2659696109e-04 2.2659696109e-04 2.2659696109e-04 2.2659696109e-04 2.2659696109e-04 
