2.9138981540e-04 2.9138981540e-04 2.9138981540e-04 2.9138981540e-04 2.9138981540e-04 2.9138981540e-04 
2.9136311882e-04 2.9136311882e-04 2.9136311882e-04 2.9136311882e-04 2.9136311882e-04 2.9136311882e-04 
2.9128310859e-04 2.9128310859e-04 2.9128310859e-04 2.9128310859e-04 2.9128310859e-04 2.9128310859e-04 
2.9115002960e-04 2.9115002960e-04 2.9115002960e-04 2.9115002960e-04 2.9115002960e-04 2.9115002960e-04 
2.9096431772e-04 2.9096431772e-04 2.9096431772e-04 2.9096431772e-04 2.9096431772e-04 2.9096431772e-04 
2.9072667580e-04 2.9072667580e-04 2.9072667580e-04 2.9072667580e-04 2.9072667580e-04 2.9072667580e-04 
2.9043828075e-04 2.9043828075e-04 2.9043828075e-04 2.9043828075e-04 2.9043828075e-04 2.9043828075e-04 
2.9010125895e-04 2.9010125895e-04 2.9010125895e-04 2.9010125895e-04 2.9010125895e-04 2.9010125895e-04 
2.8971958508e-04 2.8971958508e-04 2.8971958508e-04 2.8971958508e-04 2.8971958508e-04 2.8971958508e-04 
2.8930046576e-04 2.8930046576e-04 2.8930046576e-04 2.8930046576e-04 2.8930046576e-04 2.8930046576e-04 
2.8885596777e-04 2.8885596777e-04 2.8885596777e-04 2.8885596777e-04 2.8885596777e-04 2.8885596777e-04 
2.8840411625e-04 2.8840411625e-04 2.8840411625e-04 2.8840411625e-04 2.8840411625e-04 2.8840411625e-04 
2.8796820000e-04 2.8796820000e-04 2.8796820000e-04 2.8796820000e-04 2.8796820000e-04 2.8796820000e-04 
2.8757327995e-04 2.8757327995e-04 2.8757327995e-04 2.8757327995e-04 2.8757327995e-04 2.8757327995e-04 
2.8724046947e-04 2.8724046947e-04 2.8724046947e-04 2.8724046947e-04 2.8724046947e-04 2.8724046947e-04 
2.8698172416e-04 2.8698172416e-04 2.8698172416e-04 2.8698172416e-04 2.8698172416e-04 2.8698172416e-04 
2.8679843629e-04 2.8679843629e-04 2.8679843629e-04 2.8679843629e-04 2.8679843629e-04 2.8679843629e-04 
2.8668473287e-04 2.8668473287e-04 2.8668473287e-04 2.8668473287e-04 2.8668473287e-04 2.8668473287e-04 
2.8663142443e-04 2.8663142443e-04 2.8663142443e-04 2.8663142443e-04 2.8663142443e-04 2.8663142443e-04 
2.8661749590e-04 2.8661749590e-04 2.8661749590e-04 2.8661749590e-04 2.8661749590e-04 2.8661749590e-04 
2.8660589712e-04 2.8660589712e-04 2.8660589712e-04 2.8660589712e-04 2.8660589712e-04 2.8660589712e-04 
