4.6963652038e-04 4.6963652038e-04 4.6963652038e-04 4.6963652038e-04 4.6963652038e-04 4.6963652038e-04 
4.6958960962e-04 4.6958960962e-04 4.6958960962e-04 4.6958960962e-04 4.6958960962e-04 4.6958960962e-04 
4.6944901904e-04 4.6944901904e-04 4.6944901904e-04 4.6944901904e-04 4.6944901904e-04 4.6944901904e-04 
4.6921518170e-04 4.6921518170e-04 4.6921518170e-04 4.6921518170e-04 4.6921518170e-04 4.6921518170e-04 
4.6888885469e-04 4.6888885469e-04 4.6888885469e-04 4.6888885469e-04 4.6888885469e-04 4.6888885469e-04 
4.6847122213e-04 4.6847122213e-04 4.6847122213e-04 4.6847122213e-04 4.6847122213e-04 4.6847122213e-04 
4.6796419189e-04 4.6796419189e-04 4.6796419189e-04 4.6796419189e-04 4.6796419189e-04 4.6796419189e-04 
4.6737110536e-04 4.6737110536e-04 4.6737110536e-04 4.6737110536e-04 4.6737110536e-04 4.6737110536e-04 
4.6669812649e-04 4.6669812649e-04 4.6669812649e-04 4.6669812649e-04 4.6669812649e-04 4.6669812649e-04 
4.6595646275e-04 4.6595646275e-04 4.6595646275e-04 4.6595646275e-04 4.6595646275e-04 4.6595646275e-04 
4.6516513143e-04 4.6516513143e-04 4.6516513143e-04 4.6516513143e-04 4.6516513143e-04 4.6516513143e-04 
4.6435313067e-04 4.6435313067e-04 4.6435313067e-04 4.6435313067e-04 4.6435313067e-04 4.6435313067e-04 
4.6355896862e-04 4.6355896862e-04 4.6355896862e-04 4.6355896862e-04 4.6355896862e-04 4.6355896862e-04 
4.6282565293e-04 4.6282565293e-04 4.6282565293e-04 4.6282565293e-04 4.6282565293e-04 4.6282565293e-04 
4.6219157663e-04 4.6219157663e-04 4.6219157663e-04 4.6219157663e-04 4.6219157663e-04 4.6219157663e-04 
4.6168145992e-04 4.6168145992e-04 4.6168145992e-04 4.6168145992e-04 4.6168145992e-04 4.6168145992e-04 
4.6130300841e-04 4.6130300841e-04 4.6130300841e-04 4.6130300841e-04 4.6130300841e-04 4.6130300841e-04 
4.6105141105e-04 4.6105141105e-04 4.6105141105e-04 4.6105141105e-04 4.6105141105e-04 4.6105141105e-04 
4.6091538378e-04 4.6091538378e-04 4.6091538378e-04 4.6091538378e-04 4.6091538378e-04 4.6091538378e-04 
4.6086271528e-04 4.6086271528e-04 4.6086271528e-04 4.6086271528e-04 4.6086271528e-04 4.6086271528e-04 
4.6083313917e-04 4.6083313917e-04 4.6083313917e-04 4.6083313917e-04 4.6083313917e-04 4.6083313917e-04 
