3.6938568275e-04 3.6938568275e-04 3.6938568275e-04 3.6938568275e-04 3.6938568275e-04 3.6938568275e-04 
3.6935087869e-04 3.6935087869e-04 3.6935087869e-04 3.6935087869e-04 3.6935087869e-04 3.6935087869e-04 
3.6924656777e-04 3.6924656777e-04 3.6924656777e-04 3.6924656777e-04 3.6924656777e-04 3.6924656777e-04 
3.6907306099e-04 3.6907306099e-04 3.6907306099e-04 3.6907306099e-04 3.6907306099e-04 3.6907306099e-04 
3.6883090870e-04 3.6883090870e-04 3.6883090870e-04 3.6883090870e-04 3.6883090870e-04 3.6883090870e-04 
3.6852099099e-04 3.6852099099e-04 3.6852099099e-04 3.6852099099e-04 3.6852099099e-04 3.6852099099e-04 
3.6814477010e-04 3.6814477010e-04 3.6814477010e-04 3.6814477010e-04 3.6814477010e-04 3.6814477010e-04 
3.6770487828e-04 3.6770487828e-04 3.6770487828e-04 3.6770487828e-04 3.6770487828e-04 3.6770487828e-04 
3.6720624294e-04 3.6720624294e-04 3.6720624294e-04 3.6720624294e-04 3.6720624294e-04 3.6720624294e-04 
3.6665784198e-04 3.6665784198e-04 3.6665784198e-04 3.6665784198e-04 3.6665784198e-04 3.6665784198e-04 
3.6607481333e-04 3.6607481333e-04 3.6607481333e-04 3.6607481333e-04 3.6607481333e-04 3.6607481333e-04 
3.6547996503e-04 3.6547996503e-04 3.6547996503e-04 3.6547996503e-04 3.6547996503e-04 3.6547996503e-04 
3.6490307852e-04 3.6490307852e-04 3.6490307852e-04 3.6490307852e-04 3.6490307852e-04 3.6490307852e-04 
3.6437665003e-04 3.6437665003e-04 3.6437665003e-04 3.6437665003e-04 3.6437665003e-04 3.6437665003e-04 
3.6392865718e-04 3.6392865718e-04 3.6392865718e-04 3.6392865718e-04 3.6392865718e-04 3.6392865718e-04 
3.6357575891e-04 3.6357575891e-04 3.6357575891e-04 3.6357575891e-04 3.6357575891e-04 3.6357575891e-04 
3.6332121156e-04 3.6332121156e-04 3.6332121156e-04 3.6332121156e-04 3.6332121156e-04 3.6332121156e-04 
3.6315882908e-04 3.6315882908e-04 3.6315882908e-04 3.6315882908e-04 3.6315882908e-04 3.6315882908e-04 
3.6307790726e-04 3.6307790726e-04 3.6307790726e-04 3.6307790726e-04 3.6307790726e-04 3.6307790726e-04 
3.6305222707e-04 3.6305222707e-04 3.6305222707e-04 3.6305222707e-04 3.6305222707e-04 3.6305222707e-04 
3.6303462224e-04 3.6303462224e-04 3.6303462224e-04 3.6303462224e-04 3.6303462224e-04 3.6303462224e-04 
