1.3660699550e-03 1.3660699550e-03 1.3660699550e-03 1.3660699550e-03 1.3660699550e-03 1.3660699550e-03 
1.3656576103e-03 1.3656576103e-03 1.3656576103e-03 1.3656576103e-03 1.3656576103e-03 1.3656576103e-03 
1.3644222861e-03 1.3644222861e-03 1.3644222861e-03 1.3644222861e-03 1.3644222861e-03 1.3644222861e-03 
1.3623692345e-03 1.3623692345e-03 1.3623692345e-03 1.3623692345e-03 1.3623692345e-03 1.3623692345e-03 
1.3595075909e-03 1.3595075909e-03 1.3595075909e-03 1.3595075909e-03 1.3595075909e-03 1.3595075909e-03 
1.3558508666e-03 1.3558508666e-03 1.3558508666e-03 1.3558508666e-03 1.3558508666e-03 1.3558508666e-03 
1.3514175607e-03 1.3514175607e-03 1.3514175607e-03 1.3514175607e-03 1.3514175607e-03 1.3514175607e-03 
1.3462320289e-03 1.3462320289e-03 1.3462320289e-03 1.3462320289e-03 1.3462320289e-03 1.3462320289e-03 
1.3403260032e-03 1.3403260032e-03 1.3403260032e-03 1.3403260032e-03 1.3403260032e-03 1.3403260032e-03 
1.3337415337e-03 1.3337415337e-03 1.3337415337e-03 1.3337415337e-03 1.3337415337e-03 1.3337415337e-03 
1.3265366420e-03 1.3265366420e-03 1.3265366420e-03 1.3265366420e-03 1.3265366420e-03 1.3265366420e-03 
1.3187954072e-03 1.3187954072e-03 1.3187954072e-03 1.3187954072e-03 1.3187954072e-03 1.3187954072e-03 
1.3106437200e-03 1.3106437200e-03 1.3106437200e-03 1.3106437200e-03 1.3106437200e-03 1.3106437200e-03 
1.3022690211e-03 1.3022690211e-03 1.3022690211e-03 1.3022690211e-03 1.3022690211e-03 1.3022690211e-03 
1.2939362041e-03 1.2939362041e-03 1.2939362041e-03 1.2939362041e-03 1.2939362041e-03 1.2939362041e-03 
1.2859865094e-03 1.2859865094e-03 1.2859865094e-03 1.2859865094e-03 1.2859865094e-03 1.2859865094e-03 
1.2788114467e-03 1.2788114467e-03 1.2788114467e-03 1.2788114467e-03 1.2788114467e-03 1.2788114467e-03 
1.2728115347e-03 1.2728115347e-03 1.2728115347e-03 1.2728115347e-03 1.2728115347e-03 1.2728115347e-03 
1.2683503791e-03 1.2683503791e-03 1.2683503791e-03 1.2683503791e-03 1.2683503791e-03 1.2683503791e-03 
1.2656323414e-03 1.2656323414e-03 1.2656323414e-03 1.2656323414e-03 1.2656323414e-03 1.2656323414e-03 
1.2646257248e-03 1.2646257248e-03 1.2646257248e-03 1.2646257248e-03 1.2646257248e-03 1.2646257248e-03 
