7.7295913698e-04 7.7295913698e-04 7.7295913698e-04 7.7295913698e-04 7.7295913698e-04 7.7295913698e-04 
7.7285438283e-04 7.7285438283e-04 7.7285438283e-04 7.7285438283e-04 7.7285438283e-04 7.7285438283e-04 
7.7254055344e-04 7.7254055344e-04 7.7254055344e-04 7.7254055344e-04 7.7254055344e-04 7.7254055344e-04 
7.7201896178e-04 7.7201896178e-04 7.7201896178e-04 7.7201896178e-04 7.7201896178e-04 7.7201896178e-04 
7.7129184342e-04 7.7129184342e-04 7.7129184342e-04 7.7129184342e-04 7.7129184342e-04 7.7129184342e-04 
7.7036246373e-04 7.7036246373e-04 7.7036246373e-04 7.7036246373e-04 7.7036246373e-04 7.7036246373e-04 
7.6923543614e-04 7.6923543614e-04 7.6923543614e-04 7.6923543614e-04 7.6923543614e-04 7.6923543614e-04 
7.6791757235e-04 7.6791757235e-04 7.6791757235e-04 7.6791757235e-04 7.6791757235e-04 7.6791757235e-04 
7.6641974362e-04 7.6641974362e-04 7.6641974362e-04 7.6641974362e-04 7.6641974362e-04 7.6641974362e-04 
7.6476023110e-04 7.6476023110e-04 7.6476023110e-04 7.6476023110e-04 7.6476023110e-04 7.6476023110e-04 
7.6296960938e-04 7.6296960938e-04 7.6296960938e-04 7.6296960938e-04 7.6296960938e-04 7.6296960938e-04 
7.6109599970e-04 7.6109599970e-04 7.6109599970e-04 7.6109599970e-04 7.6109599970e-04 7.6109599970e-04 
7.5920765698e-04 7.5920765698e-04 7.5920765698e-04 7.5920765698e-04 7.5920765698e-04 7.5920765698e-04 
7.5738872411e-04 7.5738872411e-04 7.5738872411e-04 7.5738872411e-04 7.5738872411e-04 7.5738872411e-04 
7.5572621164e-04 7.5572621164e-04 7.5572621164e-04 7.5572621164e-04 7.5572621164e-04 7.5572621164e-04 
7.5429272937e-04 7.5429272937e-04 7.5429272937e-04 7.5429272937e-04 7.5429272937e-04 7.5429272937e-04 
7.5313516077e-04 7.5313516077e-04 7.5313516077e-04 7.5313516077e-04 7.5313516077e-04 7.5313516077e-04 
7.5227651052e-04 7.5227651052e-04 7.5227651052e-04 7.5227651052e-04 7.5227651052e-04 7.5227651052e-04 
7.5172288166e-04 7.5172288166e-04 7.5172288166e-04 7.5172288166e-04 7.5172288166e-04 7.5172288166e-04 
7.5143506055e-04 7.5143506055e-04 7.5143506055e-04 7.5143506055e-04 7.5143506055e-04 7.5143506055e-04 
7.5131447095e-04 7.5131447095e-04 7.5131447095e-04 7.5131447095e-04 7.5131447095e-04 7.5131447095e-04 
