1.8223770203e-04 1.8223770203e-04 1.8223770203e-04 1.8223770203e-04 1.8223770203e-04 1.8223770203e-04 
1.8222120996e-04 1.8222120996e-04 1.8222120996e-04 1.8222120996e-04 1.8222120996e-04 1.8222120996e-04 
1.8217178886e-04 1.8217178886e-04 1.8217178886e-04 1.8217178886e-04 1.8217178886e-04 1.8217178886e-04 
1.8208960874e-04 1.8208960874e-04 1.8208960874e-04 1.8208960874e-04 1.8208960874e-04 1.8208960874e-04 
1.8197497226e-04 1.8197497226e-04 1.8197497226e-04 1.8197497226e-04 1.8197497226e-04 1.8197497226e-04 
1.8182836498e-04 1.8182836498e-04 1.8182836498e-04 1.8182836498e-04 1.8182836498e-04 1.8182836498e-04 
1.8165058830e-04 1.8165058830e-04 1.8165058830e-04 1.8165058830e-04 1.8165058830e-04 1.8165058830e-04 
1.8144306076e-04 1.8144306076e-04 1.8144306076e-04 1.8144306076e-04 1.8144306076e-04 1.8144306076e-04 
1.8120838254e-04 1.8120838254e-04 1.8120838254e-04 1.8120838254e-04 1.8120838254e-04 1.8120838254e-04 
1.8095119533e-04 1.8095119533e-04 1.8095119533e-04 1.8095119533e-04 1.8095119533e-04 1.8095119533e-04 
1.8067917573e-04 1.8067917573e-04 1.8067917573e-04 1.8067917573e-04 1.8067917573e-04 1.8067917573e-04 
1.8040366705e-04 1.8040366705e-04 1.8040366705e-04 1.8040366705e-04 1.8040366705e-04 1.8040366705e-04 
1.8013916492e-04 1.8013916492e-04 1.8013916492e-04 1.8013916492e-04 1.8013916492e-04 1.8013916492e-04 
1.7990106580e-04 1.7990106580e-04 1.7990106580e-04 1.7990106580e-04 1.7990106580e-04 1.7990106580e-04 
1.7970208965e-04 1.7970208965e-04 1.7970208965e-04 1.7970208965e-04 1.7970208965e-04 1.7970208965e-04 
1.7954911057e-04 1.7954911057e-04 1.7954911057e-04 1.7954911057e-04 1.7954911057e-04 1.7954911057e-04 
1.7944240618e-04 1.7944240618e-04 1.7944240618e-04 1.7944240618e-04 1.7944240618e-04 1.7944240618e-04 
1.7937780866e-04 1.7937780866e-04 1.7937780866e-04 1.7937780866e-04 1.7937780866e-04 1.7937780866e-04 
1.7934920496e-04 1.7934920496e-04 1.7934920496e-04 1.7934920496e-04 1.7934920496e-04 1.7934920496e-04 
1.7934331452e-04 1.7934331452e-04 1.7934331452e-04 1.7934331452e-04 1.7934331452e-04 1.7934331452e-04 
1.7933710110e-04 1.7933710110e-04 1.7933710110e-04 1.7933710110e-04 1.7933710110e-04 1.7933710110e-04 
