5.7522645947e-01 5.7522645947e-01 5.7522645947e-01 5.7522645947e-01 5.7522645947e-01 5.7522645947e-01 
5.7497449460e-01 5.7497449460e-01 5.7497449460e-01 5.7497449460e-01 5.7497449460e-01 5.7497449460e-01 
5.7421892921e-01 5.7421892921e-01 5.7421892921e-01 5.7421892921e-01 5.7421892921e-01 5.7421892921e-01 
5.7296061452e-01 5.7296061452e-01 5.7296061452e-01 5.7296061452e-01 5.7296061452e-01 5.7296061452e-01 
5.7120057700e-01 5.7120057700e-01 5.7120057700e-01 5.7120057700e-01 5.7120057700e-01 5.7120057700e-01 
5.6893963569e-01 5.6893963569e-01 5.6893963569e-01 5.6893963569e-01 5.6893963569e-01 5.6893963569e-01 
5.6617816968e-01 5.6617816968e-01 5.6617816968e-01 5.6617816968e-01 5.6617816968e-01 5.6617816968e-01 
5.6291610406e-01 5.6291610406e-01 5.6291610406e-01 5.6291610406e-01 5.6291610406e-01 5.6291610406e-01 
5.5915309951e-01 5.5915309951e-01 5.5915309951e-01 5.5915309951e-01 5.5915309951e-01 5.5915309951e-01 
5.5488896894e-01 5.5488896894e-01 5.5488896894e-01 5.5488896894e-01 5.5488896894e-01 5.5488896894e-01 
5.5012445746e-01 5.5012445746e-01 5.5012445746e-01 5.5012445746e-01 5.5012445746e-01 5.5012445746e-01 
5.4486269330e-01 5.4486269330e-01 5.4486269330e-01 5.4486269330e-01 5.4486269330e-01 5.4486269330e-01 
5.3911192785e-01 5.3911192785e-01 5.3911192785e-01 5.3911192785e-01 5.3911192785e-01 5.3911192785e-01 
5.3289074392e-01 5.3289074392e-01 5.3289074392e-01 5.3289074392e-01 5.3289074392e-01 5.3289074392e-01 
5.2623797908e-01 5.2623797908e-01 5.2623797908e-01 5.2623797908e-01 5.2623797908e-01 5.2623797908e-01 
5.1923190743e-01 5.1923190743e-01 5.1923190743e-01 5.1923190743e-01 5.1923190743e-01 5.1923190743e-01 
5.1202769601e-01 5.1202769601e-01 5.1202769601e-01 5.1202769601e-01 5.1202769601e-01 5.1202769601e-01 
5.0492822807e-01 5.0492822807e-01 5.0492822807e-01 5.0492822807e-01 5.0492822807e-01 5.0492822807e-01 
4.9849707831e-01 4.9849707831e-01 4.9849707831e-01 4.9849707831e-01 4.9849707831e-01 4.9849707831e-01 
4.9366986084e-01 4.9366986084e-01 4.9366986084e-01 4.9366986084e-01 4.9366986084e-01 4.9366986084e-01 
4.9173665484e-01 4.9173665484e-01 4.9173665484e-01 4.9173665484e-01 4.9173665484e-01 4.9173665484e-01 
