1.4433680717e-04 1.4433680717e-04 1.4433680717e-04 1.4433680717e-04 1.4433680717e-04 1.4433680717e-04 
1.4432370059e-04 1.4432370059e-04 1.4432370059e-04 1.4432370059e-04 1.4432370059e-04 1.4432370059e-04 
1.4428442742e-04 1.4428442742e-04 1.4428442742e-04 1.4428442742e-04 1.4428442742e-04 1.4428442742e-04 
1.4421913125e-04 1.4421913125e-04 1.4421913125e-04 1.4421913125e-04 1.4421913125e-04 1.4421913125e-04 
1.4412806722e-04 1.4412806722e-04 1.4412806722e-04 1.4412806722e-04 1.4412806722e-04 1.4412806722e-04 
1.4401164226e-04 1.4401164226e-04 1.4401164226e-04 1.4401164226e-04 1.4401164226e-04 1.4401164226e-04 
1.4387052045e-04 1.4387052045e-04 1.4387052045e-04 1.4387052045e-04 1.4387052045e-04 1.4387052045e-04 
1.4370586142e-04 1.4370586142e-04 1.4370586142e-04 1.4370586142e-04 1.4370586142e-04 1.4370586142e-04 
1.4351976647e-04 1.4351976647e-04 1.4351976647e-04 1.4351976647e-04 1.4351976647e-04 1.4351976647e-04 
1.4331595703e-04 1.4331595703e-04 1.4331595703e-04 1.4331595703e-04 1.4331595703e-04 1.4331595703e-04 
1.4310055614e-04 1.4310055614e-04 1.4310055614e-04 1.4310055614e-04 1.4310055614e-04 1.4310055614e-04 
1.4288257905e-04 1.4288257905e-04 1.4288257905e-04 1.4288257905e-04 1.4288257905e-04 1.4288257905e-04 
1.4267351322e-04 1.4267351322e-04 1.4267351322e-04 1.4267351322e-04 1.4267351322e-04 1.4267351322e-04 
1.4248552529e-04 1.4248552529e-04 1.4248552529e-04 1.4248552529e-04 1.4248552529e-04 1.4248552529e-04 
1.4232862908e-04 1.4232862908e-04 1.4232862908e-04 1.4232862908e-04 1.4232862908e-04 1.4232862908e-04 
1.4220819007e-04 1.4220819007e-04 1.4220819007e-04 1.4220819007e-04 1.4220819007e-04 1.4220819007e-04 
1.4212435046e-04 1.4212435046e-04 1.4212435046e-04 1.4212435046e-04 1.4212435046e-04 1.4212435046e-04 
1.4207374525e-04 1.4207374525e-04 1.4207374525e-04 1.4207374525e-04 1.4207374525e-04 1.4207374525e-04 
1.4205148656e-04 1.4205148656e-04 1.4205148656e-04 1.4205148656e-04 1.4205148656e-04 1.4205148656e-04 
1.4204704699e-04 1.4204704699e-04 1.4204704699e-04 1.4204704699e-04 1.4204704699e-04 1.4204704699e-04 
1.4204221816e-04 1.4204221816e-04 1.4204221816e-04 1.4204221816e-04 1.4204221816e-04 1.4204221816e-04 
