3.5997312430e-01 3.5997312430e-01 3.5997312430e-01 3.5997312430e-01 3.5997312430e-01 3.5997312430e-01 
3.5974251257e-01 3.5974251257e-01 3.5974251257e-01 3.5974251257e-01 3.5974251257e-01 3.5974251257e-01 
3.5905117316e-01 3.5905117316e-01 3.5905117316e-01 3.5905117316e-01 3.5905117316e-01 3.5905117316e-01 
3.5790048584e-01 3.5790048584e-01 3.5790048584e-01 3.5790048584e-01 3.5790048584e-01 3.5790048584e-01 
3.5629244007e-01 3.5629244007e-01 3.5629244007e-01 3.5629244007e-01 3.5629244007e-01 3.5629244007e-01 
3.5422932800e-01 3.5422932800e-01 3.5422932800e-01 3.5422932800e-01 3.5422932800e-01 3.5422932800e-01 
3.5171354627e-01 3.5171354627e-01 3.5171354627e-01 3.5171354627e-01 3.5171354627e-01 3.5171354627e-01 
3.4874755641e-01 3.4874755641e-01 3.4874755641e-01 3.4874755641e-01 3.4874755641e-01 3.4874755641e-01 
3.4533398665e-01 3.4533398665e-01 3.4533398665e-01 3.4533398665e-01 3.4533398665e-01 3.4533398665e-01 
3.4147588354e-01 3.4147588354e-01 3.4147588354e-01 3.4147588354e-01 3.4147588354e-01 3.4147588354e-01 
3.3717719941e-01 3.3717719941e-01 3.3717719941e-01 3.3717719941e-01 3.3717719941e-01 3.3717719941e-01 
3.3244371733e-01 3.3244371733e-01 3.3244371733e-01 3.3244371733e-01 3.3244371733e-01 3.3244371733e-01 
3.2728482360e-01 3.2728482360e-01 3.2728482360e-01 3.2728482360e-01 3.2728482360e-01 3.2728482360e-01 
3.2171691861e-01 3.2171691861e-01 3.2171691861e-01 3.2171691861e-01 3.2171691861e-01 3.2171691861e-01 
3.1577002146e-01 3.1577002146e-01 3.1577002146e-01 3.1577002146e-01 3.1577002146e-01 3.1577002146e-01 
3.0950096479e-01 3.0950096479e-01 3.0950096479e-01 3.0950096479e-01 3.0950096479e-01 3.0950096479e-01 
3.0302103454e-01 3.0302103454e-01 3.0302103454e-01 3.0302103454e-01 3.0302103454e-01 3.0302103454e-01 
2.9655592684e-01 2.9655592684e-01 2.9655592684e-01 2.9655592684e-01 2.9655592684e-01 2.9655592684e-01 
2.9056780045e-01 2.9056780045e-01 2.9056780045e-01 2.9056780045e-01 2.9056780045e-01 2.9056780045e-01 
2.8593645589e-01 2.8593645589e-01 2.8593645589e-01 2.8593645589e-01 2.8593645589e-01 2.8593645589e-01 
2.8403126494e-01 2.8403126494e-01 2.8403126494e-01 2.8403126494e-01 2.8403126494e-01 2.8403126494e-01 
