1.9869082422e-01 1.9869082422e-01 1.9869082422e-01 1.9869082422e-01 1.9869082422e-01 1.9869082422e-01 
1.9853020648e-01 1.9853020648e-01 1.9853020648e-01 1.9853020648e-01 1.9853020648e-01 1.9853020648e-01 
1.9804881471e-01 1.9804881471e-01 1.9804881471e-01 1.9804881471e-01 1.9804881471e-01 1.9804881471e-01 
1.9724796238e-01 1.9724796238e-01 1.9724796238e-01 1.9724796238e-01 1.9724796238e-01 1.9724796238e-01 
1.9612963372e-01 1.9612963372e-01 1.9612963372e-01 1.9612963372e-01 1.9612963372e-01 1.9612963372e-01 
1.9469627862e-01 1.9469627862e-01 1.9469627862e-01 1.9469627862e-01 1.9469627862e-01 1.9469627862e-01 
1.9295067466e-01 1.9295067466e-01 1.9295067466e-01 1.9295067466e-01 1.9295067466e-01 1.9295067466e-01 
1.9089588778e-01 1.9089588778e-01 1.9089588778e-01 1.9089588778e-01 1.9089588778e-01 1.9089588778e-01 
1.8853531965e-01 1.8853531965e-01 1.8853531965e-01 1.8853531965e-01 1.8853531965e-01 1.8853531965e-01 
1.8587284477e-01 1.8587284477e-01 1.8587284477e-01 1.8587284477e-01 1.8587284477e-01 1.8587284477e-01 
1.8291308708e-01 1.8291308708e-01 1.8291308708e-01 1.8291308708e-01 1.8291308708e-01 1.8291308708e-01 
1.7966195449e-01 1.7966195449e-01 1.7966195449e-01 1.7966195449e-01 1.7966195449e-01 1.7966195449e-01 
1.7612767010e-01 1.7612767010e-01 1.7612767010e-01 1.7612767010e-01 1.7612767010e-01 1.7612767010e-01 
1.7232275955e-01 1.7232275955e-01 1.7232275955e-01 1.7232275955e-01 1.7232275955e-01 1.7232275955e-01 
1.6826789925e-01 1.6826789925e-01 1.6826789925e-01 1.6826789925e-01 1.6826789925e-01 1.6826789925e-01 
1.6399964844e-01 1.6399964844e-01 1.6399964844e-01 1.6399964844e-01 1.6399964844e-01 1.6399964844e-01 
1.5958699748e-01 1.5958699748e-01 1.5958699748e-01 1.5958699748e-01 1.5958699748e-01 1.5958699748e-01 
1.5516922679e-01 1.5516922679e-01 1.5516922679e-01 1.5516922679e-01 1.5516922679e-01 1.5516922679e-01 
1.5104155678e-01 1.5104155678e-01 1.5104155678e-01 1.5104155678e-01 1.5104155678e-01 1.5104155678e-01 
1.4780572818e-01 1.4780572818e-01 1.4780572818e-01 1.4780572818e-01 1.4780572818e-01 1.4780572818e-01 
1.4645929678e-01 1.4645929678e-01 1.4645929678e-01 1.4645929678e-01 1.4645929678e-01 1.4645929678e-01 
