9.9841182555e-02 9.9841182555e-02 9.9841182555e-02 9.9841182555e-02 9.9841182555e-02 9.9841182555e-02 
9.9749890298e-02 9.9749890298e-02 9.9749890298e-02 9.9749890298e-02 9.9749890298e-02 9.9749890298e-02 
9.9476312682e-02 9.9476312682e-02 9.9476312682e-02 9.9476312682e-02 9.9476312682e-02 9.9476312682e-02 
9.9021307485e-02 9.9021307485e-02 9.9021307485e-02 9.9021307485e-02 9.9021307485e-02 9.9021307485e-02 
9.8386189452e-02 9.8386189452e-02 9.8386189452e-02 9.8386189452e-02 9.8386189452e-02 9.8386189452e-02 
9.7572614827e-02 9.7572614827e-02 9.7572614827e-02 9.7572614827e-02 9.7572614827e-02 9.7572614827e-02 
9.6582502506e-02 9.6582502506e-02 9.6582502506e-02 9.6582502506e-02 9.6582502506e-02 9.6582502506e-02 
9.5418009232e-02 9.5418009232e-02 9.5418009232e-02 9.5418009232e-02 9.5418009232e-02 9.5418009232e-02 
9.4081552076e-02 9.4081552076e-02 9.4081552076e-02 9.4081552076e-02 9.4081552076e-02 9.4081552076e-02 
9.2575879318e-02 9.2575879318e-02 9.2575879318e-02 9.2575879318e-02 9.2575879318e-02 9.2575879318e-02 
9.0904215912e-02 9.0904215912e-02 9.0904215912e-02 9.0904215912e-02 9.0904215912e-02 9.0904215912e-02 
8.9070545444e-02 8.9070545444e-02 8.9070545444e-02 8.9070545444e-02 8.9070545444e-02 8.9070545444e-02 
8.7080153414e-02 8.7080153414e-02 8.7080153414e-02 8.7080153414e-02 8.7080153414e-02 8.7080153414e-02 
8.4940670190e-02 8.4940670190e-02 8.4940670190e-02 8.4940670190e-02 8.4940670190e-02 8.4940670190e-02 
8.2664082644e-02 8.2664082644e-02 8.2664082644e-02 8.2664082644e-02 8.2664082644e-02 8.2664082644e-02 
8.0270771540e-02 8.0270771540e-02 8.0270771540e-02 8.0270771540e-02 8.0270771540e-02 8.0270771540e-02 
7.7798205076e-02 7.7798205076e-02 7.7798205076e-02 7.7798205076e-02 7.7798205076e-02 7.7798205076e-02 
7.5321237854e-02 7.5321237854e-02 7.5321237854e-02 7.5321237854e-02 7.5321237854e-02 7.5321237854e-02 
7.3000126759e-02 7.3000126759e-02 7.3000126759e-02 7.3000126759e-02 7.3000126759e-02 7.3000126759e-02 
7.1171252380e-02 7.1171252380e-02 7.1171252380e-02 7.1171252380e-02 7.1171252380e-02 7.1171252380e-02 
7.0407514134e-02 7.0407514134e-02 7.0407514134e-02 7.0407514134e-02 7.0407514134e-02 7.0407514134e-02 
