4.7399657229e-02 4.7399657229e-02 4.7399657229e-02 4.7399657229e-02 4.7399657229e-02 4.7399657229e-02 
4.7353692201e-02 4.7353692201e-02 4.7353692201e-02 4.7353692201e-02 4.7353692201e-02 4.7353692201e-02 
4.7215955036e-02 4.7215955036e-02 4.7215955036e-02 4.7215955036e-02 4.7215955036e-02 4.7215955036e-02 
4.6986899574e-02 4.6986899574e-02 4.6986899574e-02 4.6986899574e-02 4.6986899574e-02 4.6986899574e-02 
4.6667224598e-02 4.6667224598e-02 4.6667224598e-02 4.6667224598e-02 4.6667224598e-02 4.6667224598e-02 
4.6257816001e-02 4.6257816001e-02 4.6257816001e-02 4.6257816001e-02 4.6257816001e-02 4.6257816001e-02 
4.5759707367e-02 4.5759707367e-02 4.5759707367e-02 4.5759707367e-02 4.5759707367e-02 4.5759707367e-02 
4.5174067710e-02 4.5174067710e-02 4.5174067710e-02 4.5174067710e-02 4.5174067710e-02 4.5174067710e-02 
4.4502212916e-02 4.4502212916e-02 4.4502212916e-02 4.4502212916e-02 4.4502212916e-02 4.4502212916e-02 
4.3745641306e-02 4.3745641306e-02 4.3745641306e-02 4.3745641306e-02 4.3745641306e-02 4.3745641306e-02 
4.2906105993e-02 4.2906105993e-02 4.2906105993e-02 4.2906105993e-02 4.2906105993e-02 4.2906105993e-02 
4.1985754104e-02 4.1985754104e-02 4.1985754104e-02 4.1985754104e-02 4.1985754104e-02 4.1985754104e-02 
4.0987393333e-02 4.0987393333e-02 4.0987393333e-02 4.0987393333e-02 4.0987393333e-02 4.0987393333e-02 
3.9915000968e-02 3.9915000968e-02 3.9915000968e-02 3.9915000968e-02 3.9915000968e-02 3.9915000968e-02 
3.8774701700e-02 3.8774701700e-02 3.8774701700e-02 3.8774701700e-02 3.8774701700e-02 3.8774701700e-02 
3.7576726154e-02 3.7576726154e-02 3.7576726154e-02 3.7576726154e-02 3.7576726154e-02 3.7576726154e-02 
3.6339634986e-02 3.6339634986e-02 3.6339634986e-02 3.6339634986e-02 3.6339634986e-02 3.6339634986e-02 
3.5100262514e-02 3.5100262514e-02 3.5100262514e-02 3.5100262514e-02 3.5100262514e-02 3.5100262514e-02 
3.3937686835e-02 3.3937686835e-02 3.3937686835e-02 3.3937686835e-02 3.3937686835e-02 3.3937686835e-02 
3.3019933096e-02 3.3019933096e-02 3.3019933096e-02 3.3019933096e-02 3.3019933096e-02 3.3019933096e-02 
3.2636307840e-02 3.2636307840e-02 3.2636307840e-02 3.2636307840e-02 3.2636307840e-02 3.2636307840e-02 
