2.1842351490e-02 2.1842351490e-02 2.1842351490e-02 2.1842351490e-02 2.1842351490e-02 2.1842351490e-02 
2.1820607371e-02 2.1820607371e-02 2.1820607371e-02 2.1820607371e-02 2.1820607371e-02 2.1820607371e-02 
2.1755450548e-02 2.1755450548e-02 2.1755450548e-02 2.1755450548e-02 2.1755450548e-02 2.1755450548e-02 
2.1647098220e-02 2.1647098220e-02 2.1647098220e-02 2.1647098220e-02 2.1647098220e-02 2.1647098220e-02 
2.1495885188e-02 2.1495885188e-02 2.1495885188e-02 2.1495885188e-02 2.1495885188e-02 2.1495885188e-02 
2.1302236631e-02 2.1302236631e-02 2.1302236631e-02 2.1302236631e-02 2.1302236631e-02 2.1302236631e-02 
2.1066649698e-02 2.1066649698e-02 2.1066649698e-02 2.1066649698e-02 2.1066649698e-02 2.1066649698e-02 
2.0789688036e-02 2.0789688036e-02 2.0789688036e-02 2.0789688036e-02 2.0789688036e-02 2.0789688036e-02 
2.0471987607e-02 2.0471987607e-02 2.0471987607e-02 2.0471987607e-02 2.0471987607e-02 2.0471987607e-02 
2.0114273932e-02 2.0114273932e-02 2.0114273932e-02 2.0114273932e-02 2.0114273932e-02 2.0114273932e-02 
1.9717396644e-02 1.9717396644e-02 1.9717396644e-02 1.9717396644e-02 1.9717396644e-02 1.9717396644e-02 
1.9282395353e-02 1.9282395353e-02 1.9282395353e-02 1.9282395353e-02 1.9282395353e-02 1.9282395353e-02 
1.8810624935e-02 1.8810624935e-02 1.8810624935e-02 1.8810624935e-02 1.8810624935e-02 1.8810624935e-02 
1.8303993733e-02 1.8303993733e-02 1.8303993733e-02 1.8303993733e-02 1.8303993733e-02 1.8303993733e-02 
1.7765419792e-02 1.7765419792e-02 1.7765419792e-02 1.7765419792e-02 1.7765419792e-02 1.7765419792e-02 
1.7199743283e-02 1.7199743283e-02 1.7199743283e-02 1.7199743283e-02 1.7199743283e-02 1.7199743283e-02 
1.6615695238e-02 1.6615695238e-02 1.6615695238e-02 1.6615695238e-02 1.6615695238e-02 1.6615695238e-02 
1.6030548018e-02 1.6030548018e-02 1.6030548018e-02 1.6030548018e-02 1.6030548018e-02 1.6030548018e-02 
1.5481418749e-02 1.5481418749e-02 1.5481418749e-02 1.5481418749e-02 1.5481418749e-02 1.5481418749e-02 
1.5047590375e-02 1.5047590375e-02 1.5047590375e-02 1.5047590375e-02 1.5047590375e-02 1.5047590375e-02 
1.4866196313e-02 1.4866196313e-02 1.4866196313e-02 1.4866196313e-02 1.4866196313e-02 1.4866196313e-02 
