9.9210316627e-03 9.9210316627e-03 9.9210316627e-03 9.9210316627e-03 9.9210316627e-03 9.9210316627e-03 
9.9110443053e-03 9.9110443053e-03 9.9110443053e-03 9.9110443053e-03 9.9110443053e-03 9.9110443053e-03 
9.8811168691e-03 9.8811168691e-03 9.8811168691e-03 9.8811168691e-03 9.8811168691e-03 9.8811168691e-03 
9.8313489449e-03 9.8313489449e-03 9.8313489449e-03 9.8313489449e-03 9.8313489449e-03 9.8313489449e-03 
9.7618940463e-03 9.7618940463e-03 9.7618940463e-03 9.7618940463e-03 9.7618940463e-03 9.7618940463e-03 
9.6729471561e-03 9.6729471561e-03 9.6729471561e-03 9.6729471561e-03 9.6729471561e-03 9.6729471561e-03 
9.5647363705e-03 9.5647363705e-03 9.5647363705e-03 9.5647363705e-03 9.5647363705e-03 9.5647363705e-03 
9.4375205312e-03 9.4375205312e-03 9.4375205312e-03 9.4375205312e-03 9.4375205312e-03 9.4375205312e-03 
9.2915920798e-03 9.2915920798e-03 9.2915920798e-03 9.2915920798e-03 9.2915920798e-03 9.2915920798e-03 
9.1272851797e-03 9.1272851797e-03 9.1272851797e-03 9.1272851797e-03 9.1272851797e-03 9.1272851797e-03 
8.9449917842e-03 8.9449917842e-03 8.9449917842e-03 8.9449917842e-03 8.9449917842e-03 8.9449917842e-03 
8.7451920309e-03 8.7451920309e-03 8.7451920309e-03 8.7451920309e-03 8.7451920309e-03 8.7451920309e-03 
8.5285117834e-03 8.5285117834e-03 8.5285117834e-03 8.5285117834e-03 8.5285117834e-03 8.5285117834e-03 
8.2958316999e-03 8.2958316999e-03 8.2958316999e-03 8.2958316999e-03 8.2958316999e-03 8.2958316999e-03 
8.0484957390e-03 8.0484957390e-03 8.0484957390e-03 8.0484957390e-03 8.0484957390e-03 8.0484957390e-03 
7.7887277701e-03 7.7887277701e-03 7.7887277701e-03 7.7887277701e-03 7.7887277701e-03 7.7887277701e-03 
7.5205305782e-03 7.5205305782e-03 7.5205305782e-03 7.5205305782e-03 7.5205305782e-03 7.5205305782e-03 
7.2518127405e-03 7.2518127405e-03 7.2518127405e-03 7.2518127405e-03 7.2518127405e-03 7.2518127405e-03 
6.9995774480e-03 6.9995774480e-03 6.9995774480e-03 6.9995774480e-03 6.9995774480e-03 6.9995774480e-03 
6.8002305565e-03 6.8002305565e-03 6.8002305565e-03 6.8002305565e-03 6.8002305565e-03 6.8002305565e-03 
6.7168689612e-03 6.7168689612e-03 6.7168689612e-03 6.7168689612e-03 6.7168689612e-03 6.7168689612e-03 
