4.4761071419e-03 4.4761071419e-03 4.4761071419e-03 4.4761071419e-03 4.4761071419e-03 4.4761071419e-03 
4.4715805158e-03 4.4715805158e-03 4.4715805158e-03 4.4715805158e-03 4.4715805158e-03 4.4715805158e-03 
4.4580162615e-03 4.4580162615e-03 4.4580162615e-03 4.4580162615e-03 4.4580162615e-03 4.4580162615e-03 
4.4354592956e-03 4.4354592956e-03 4.4354592956e-03 4.4354592956e-03 4.4354592956e-03 4.4354592956e-03 
4.4039788326e-03 4.4039788326e-03 4.4039788326e-03 4.4039788326e-03 4.4039788326e-03 4.4039788326e-03 
4.3636627580e-03 4.3636627580e-03 4.3636627580e-03 4.3636627580e-03 4.3636627580e-03 4.3636627580e-03 
4.3146138738e-03 4.3146138738e-03 4.3146138738e-03 4.3146138738e-03 4.3146138738e-03 4.3146138738e-03 
4.2569488748e-03 4.2569488748e-03 4.2569488748e-03 4.2569488748e-03 4.2569488748e-03 4.2569488748e-03 
4.1907997046e-03 4.1907997046e-03 4.1907997046e-03 4.1907997046e-03 4.1907997046e-03 4.1907997046e-03 
4.1163173059e-03 4.1163173059e-03 4.1163173059e-03 4.1163173059e-03 4.1163173059e-03 4.1163173059e-03 
4.0336789758e-03 4.0336789758e-03 4.0336789758e-03 4.0336789758e-03 4.0336789758e-03 4.0336789758e-03 
3.9431022047e-03 3.9431022047e-03 3.9431022047e-03 3.9431022047e-03 3.9431022047e-03 3.9431022047e-03 
3.8448707948e-03 3.8448707948e-03 3.8448707948e-03 3.8448707948e-03 3.8448707948e-03 3.8448707948e-03 
3.7393842708e-03 3.7393842708e-03 3.7393842708e-03 3.7393842708e-03 3.7393842708e-03 3.7393842708e-03 
3.6272522326e-03 3.6272522326e-03 3.6272522326e-03 3.6272522326e-03 3.6272522326e-03 3.6272522326e-03 
3.5094827784e-03 3.5094827784e-03 3.5094827784e-03 3.5094827784e-03 3.5094827784e-03 3.5094827784e-03 
3.3878891110e-03 3.3878891110e-03 3.3878891110e-03 3.3878891110e-03 3.3878891110e-03 3.3878891110e-03 
3.2660521813e-03 3.2660521813e-03 3.2660521813e-03 3.2660521813e-03 3.2660521813e-03 3.2660521813e-03 
3.1516731952e-03 3.1516731952e-03 3.1516731952e-03 3.1516731952e-03 3.1516731952e-03 3.1516731952e-03 
3.0612598266e-03 3.0612598266e-03 3.0612598266e-03 3.0612598266e-03 3.0612598266e-03 3.0612598266e-03 
3.0234488460e-03 3.0234488460e-03 3.0234488460e-03 3.0234488460e-03 3.0234488460e-03 3.0234488460e-03 
