5.5156241925e-01 5.5156241925e-01 5.5156241925e-01 5.5156241925e-01 5.5156241925e-01 5.5156241925e-01 
5.5156395560e-01 5.5156395560e-01 5.5156395560e-01 5.5156395560e-01 5.5156395560e-01 5.5156395560e-01 
5.5156860602e-01 5.5156860602e-01 5.5156860602e-01 5.5156860602e-01 5.5156860602e-01 5.5156860602e-01 
5.5157649414e-01 5.5157649414e-01 5.5157649414e-01 5.5157649414e-01 5.5157649414e-01 5.5157649414e-01 
5.5158782480e-01 5.5158782480e-01 5.5158782480e-01 5.5158782480e-01 5.5158782480e-01 5.5158782480e-01 
5.5160288260e-01 5.5160288260e-01 5.5160288260e-01 5.5160288260e-01 5.5160288260e-01 5.5160288260e-01 
5.5162203057e-01 5.5162203057e-01 5.5162203057e-01 5.5162203057e-01 5.5162203057e-01 5.5162203057e-01 
5.5164570965e-01 5.5164570965e-01 5.5164570965e-01 5.5164570965e-01 5.5164570965e-01 5.5164570965e-01 
5.5167443779e-01 5.5167443779e-01 5.5167443779e-01 5.5167443779e-01 5.5167443779e-01 5.5167443779e-01 
5.5170879973e-01 5.5170879973e-01 5.5170879973e-01 5.5170879973e-01 5.5170879973e-01 5.5170879973e-01 
5.5174939319e-01 5.5174939319e-01 5.5174939319e-01 5.5174939319e-01 5.5174939319e-01 5.5174939319e-01 
5.5179664443e-01 5.5179664443e-01 5.5179664443e-01 5.5179664443e-01 5.5179664443e-01 5.5179664443e-01 
5.5185038586e-01 5.5185038586e-01 5.5185038586e-01 5.5185038586e-01 5.5185038586e-01 5.5185038586e-01 
5.5190931912e-01 5.5190931912e-01 5.5190931912e-01 5.5190931912e-01 5.5190931912e-01 5.5190931912e-01 
5.5197091375e-01 5.5197091375e-01 5.5197091375e-01 5.5197091375e-01 5.5197091375e-01 5.5197091375e-01 
5.5203208848e-01 5.5203208848e-01 5.5203208848e-01 5.5203208848e-01 5.5203208848e-01 5.5203208848e-01 
5.5209017477e-01 5.5209017477e-01 5.5209017477e-01 5.5209017477e-01 5.5209017477e-01 5.5209017477e-01 
5.5214322176e-01 5.5214322176e-01 5.5214322176e-01 5.5214322176e-01 5.5214322176e-01 5.5214322176e-01 
5.5218855368e-01 5.5218855368e-01 5.5218855368e-01 5.5218855368e-01 5.5218855368e-01 5.5218855368e-01 
5.5222055088e-01 5.5222055088e-01 5.5222055088e-01 5.5222055088e-01 5.5222055088e-01 5.5222055088e-01 
5.5223243730e-01 5.5223243730e-01 5.5223243730e-01 5.5223243730e-01 5.5223243730e-01 5.5223243730e-01 
