5.8598791364e-01 5.8598791364e-01 5.8598791364e-01 5.8598791364e-01 5.8598791364e-01 5.8598791364e-01 
5.8600011396e-01 5.8600011396e-01 5.8600011396e-01 5.8600011396e-01 5.8600011396e-01 5.8600011396e-01 
5.8603680195e-01 5.8603680195e-01 5.8603680195e-01 5.8603680195e-01 5.8603680195e-01 5.8603680195e-01 
5.8609823293e-01 5.8609823293e-01 5.8609823293e-01 5.8609823293e-01 5.8609823293e-01 5.8609823293e-01 
5.8618481184e-01 5.8618481184e-01 5.8618481184e-01 5.8618481184e-01 5.8618481184e-01 5.8618481184e-01 
5.8629705494e-01 5.8629705494e-01 5.8629705494e-01 5.8629705494e-01 5.8629705494e-01 5.8629705494e-01 
5.8643551966e-01 5.8643551966e-01 5.8643551966e-01 5.8643551966e-01 5.8643551966e-01 5.8643551966e-01 
5.8660067974e-01 5.8660067974e-01 5.8660067974e-01 5.8660067974e-01 5.8660067974e-01 5.8660067974e-01 
5.8679270815e-01 5.8679270815e-01 5.8679270815e-01 5.8679270815e-01 5.8679270815e-01 5.8679270815e-01 
5.8701110947e-01 5.8701110947e-01 5.8701110947e-01 5.8701110947e-01 5.8701110947e-01 5.8701110947e-01 
5.8725412530e-01 5.8725412530e-01 5.8725412530e-01 5.8725412530e-01 5.8725412530e-01 5.8725412530e-01 
5.8751786559e-01 5.8751786559e-01 5.8751786559e-01 5.8751786559e-01 5.8751786559e-01 5.8751786559e-01 
5.8779534657e-01 5.8779534657e-01 5.8779534657e-01 5.8779534657e-01 5.8779534657e-01 5.8779534657e-01 
5.8807619939e-01 5.8807619939e-01 5.8807619939e-01 5.8807619939e-01 5.8807619939e-01 5.8807619939e-01 
5.8834806644e-01 5.8834806644e-01 5.8834806644e-01 5.8834806644e-01 5.8834806644e-01 5.8834806644e-01 
5.8859923717e-01 5.8859923717e-01 5.8859923717e-01 5.8859923717e-01 5.8859923717e-01 5.8859923717e-01 
5.8882055169e-01 5.8882055169e-01 5.8882055169e-01 5.8882055169e-01 5.8882055169e-01 5.8882055169e-01 
5.8900538660e-01 5.8900538660e-01 5.8900538660e-01 5.8900538660e-01 5.8900538660e-01 5.8900538660e-01 
5.8914747224e-01 5.8914747224e-01 5.8914747224e-01 5.8914747224e-01 5.8914747224e-01 5.8914747224e-01 
5.8923850361e-01 5.8923850361e-01 5.8923850361e-01 5.8923850361e-01 5.8923850361e-01 5.8923850361e-01 
5.8927023198e-01 5.8927023198e-01 5.8927023198e-01 5.8927023198e-01 5.8927023198e-01 5.8927023198e-01 
