6.2834458691e-01 6.2834458691e-01 6.2834458691e-01 6.2834458691e-01 6.2834458691e-01 6.2834458691e-01 
6.2834466716e-01 6.2834466716e-01 6.2834466716e-01 6.2834466716e-01 6.2834466716e-01 6.2834466716e-01 
6.2834503097e-01 6.2834503097e-01 6.2834503097e-01 6.2834503097e-01 6.2834503097e-01 6.2834503097e-01 
6.2834604661e-01 6.2834604661e-01 6.2834604661e-01 6.2834604661e-01 6.2834604661e-01 6.2834604661e-01 
6.2834832512e-01 6.2834832512e-01 6.2834832512e-01 6.2834832512e-01 6.2834832512e-01 6.2834832512e-01 
6.2835271744e-01 6.2835271744e-01 6.2835271744e-01 6.2835271744e-01 6.2835271744e-01 6.2835271744e-01 
6.2836031292e-01 6.2836031292e-01 6.2836031292e-01 6.2836031292e-01 6.2836031292e-01 6.2836031292e-01 
6.2837244299e-01 6.2837244299e-01 6.2837244299e-01 6.2837244299e-01 6.2837244299e-01 6.2837244299e-01 
6.2839069606e-01 6.2839069606e-01 6.2839069606e-01 6.2839069606e-01 6.2839069606e-01 6.2839069606e-01 
6.2841695471e-01 6.2841695471e-01 6.2841695471e-01 6.2841695471e-01 6.2841695471e-01 6.2841695471e-01 
6.2845347426e-01 6.2845347426e-01 6.2845347426e-01 6.2845347426e-01 6.2845347426e-01 6.2845347426e-01 
6.2850303516e-01 6.2850303516e-01 6.2850303516e-01 6.2850303516e-01 6.2850303516e-01 6.2850303516e-01 
6.2856922222e-01 6.2856922222e-01 6.2856922222e-01 6.2856922222e-01 6.2856922222e-01 6.2856922222e-01 
6.2865690293e-01 6.2865690293e-01 6.2865690293e-01 6.2865690293e-01 6.2865690293e-01 6.2865690293e-01 
6.2877293848e-01 6.2877293848e-01 6.2877293848e-01 6.2877293848e-01 6.2877293848e-01 6.2877293848e-01 
6.2892679978e-01 6.2892679978e-01 6.2892679978e-01 6.2892679978e-01 6.2892679978e-01 6.2892679978e-01 
6.2912916752e-01 6.2912916752e-01 6.2912916752e-01 6.2912916752e-01 6.2912916752e-01 6.2912916752e-01 
6.2938166969e-01 6.2938166969e-01 6.2938166969e-01 6.2938166969e-01 6.2938166969e-01 6.2938166969e-01 
6.2964922252e-01 6.2964922252e-01 6.2964922252e-01 6.2964922252e-01 6.2964922252e-01 6.2964922252e-01 
6.2985325466e-01 6.2985325466e-01 6.2985325466e-01 6.2985325466e-01 6.2985325466e-01 6.2985325466e-01 
6.2992890889e-01 6.2992890889e-01 6.2992890889e-01 6.2992890889e-01 6.2992890889e-01 6.2992890889e-01 
