5.7703210149e-01 5.7703210149e-01 5.7703210149e-01 5.7703210149e-01 5.7703210149e-01 5.7703210149e-01 
5.7704188387e-01 5.7704188387e-01 5.7704188387e-01 5.7704188387e-01 5.7704188387e-01 5.7704188387e-01 
5.7707130153e-01 5.7707130153e-01 5.7707130153e-01 5.7707130153e-01 5.7707130153e-01 5.7707130153e-01 
5.7712056113e-01 5.7712056113e-01 5.7712056113e-01 5.7712056113e-01 5.7712056113e-01 5.7712056113e-01 
5.7718998905e-01 5.7718998905e-01 5.7718998905e-01 5.7718998905e-01 5.7718998905e-01 5.7718998905e-01 
5.7727999849e-01 5.7727999849e-01 5.7727999849e-01 5.7727999849e-01 5.7727999849e-01 5.7727999849e-01 
5.7739102967e-01 5.7739102967e-01 5.7739102967e-01 5.7739102967e-01 5.7739102967e-01 5.7739102967e-01 
5.7752344516e-01 5.7752344516e-01 5.7752344516e-01 5.7752344516e-01 5.7752344516e-01 5.7752344516e-01 
5.7767735062e-01 5.7767735062e-01 5.7767735062e-01 5.7767735062e-01 5.7767735062e-01 5.7767735062e-01 
5.7785229477e-01 5.7785229477e-01 5.7785229477e-01 5.7785229477e-01 5.7785229477e-01 5.7785229477e-01 
5.7804678760e-01 5.7804678760e-01 5.7804678760e-01 5.7804678760e-01 5.7804678760e-01 5.7804678760e-01 
5.7825760493e-01 5.7825760493e-01 5.7825760493e-01 5.7825760493e-01 5.7825760493e-01 5.7825760493e-01 
5.7847905439e-01 5.7847905439e-01 5.7847905439e-01 5.7847905439e-01 5.7847905439e-01 5.7847905439e-01 
5.7870285455e-01 5.7870285455e-01 5.7870285455e-01 5.7870285455e-01 5.7870285455e-01 5.7870285455e-01 
5.7891934273e-01 5.7891934273e-01 5.7891934273e-01 5.7891934273e-01 5.7891934273e-01 5.7891934273e-01 
5.7911949825e-01 5.7911949825e-01 5.7911949825e-01 5.7911949825e-01 5.7911949825e-01 5.7911949825e-01 
5.7929634186e-01 5.7929634186e-01 5.7929634186e-01 5.7929634186e-01 5.7929634186e-01 5.7929634186e-01 
5.7944487066e-01 5.7944487066e-01 5.7944487066e-01 5.7944487066e-01 5.7944487066e-01 5.7944487066e-01 
5.7956006948e-01 5.7956006948e-01 5.7956006948e-01 5.7956006948e-01 5.7956006948e-01 5.7956006948e-01 
5.7963459028e-01 5.7963459028e-01 5.7963459028e-01 5.7963459028e-01 5.7963459028e-01 5.7963459028e-01 
5.7966074673e-01 5.7966074673e-01 5.7966074673e-01 5.7966074673e-01 5.7966074673e-01 5.7966074673e-01 
