5.6262726972e-01 5.6262726972e-01 5.6262726972e-01 5.6262726972e-01 5.6262726972e-01 5.6262726972e-01 
5.6263235364e-01 5.6263235364e-01 5.6263235364e-01 5.6263235364e-01 5.6263235364e-01 5.6263235364e-01 
5.6264765799e-01 5.6264765799e-01 5.6264765799e-01 5.6264765799e-01 5.6264765799e-01 5.6264765799e-01 
5.6267333814e-01 5.6267333814e-01 5.6267333814e-01 5.6267333814e-01 5.6267333814e-01 5.6267333814e-01 
5.6270964421e-01 5.6270964421e-01 5.6270964421e-01 5.6270964421e-01 5.6270964421e-01 5.6270964421e-01 
5.6275690554e-01 5.6275690554e-01 5.6275690554e-01 5.6275690554e-01 5.6275690554e-01 5.6275690554e-01 
5.6281550346e-01 5.6281550346e-01 5.6281550346e-01 5.6281550346e-01 5.6281550346e-01 5.6281550346e-01 
5.6288582506e-01 5.6288582506e-01 5.6288582506e-01 5.6288582506e-01 5.6288582506e-01 5.6288582506e-01 
5.6296818456e-01 5.6296818456e-01 5.6296818456e-01 5.6296818456e-01 5.6296818456e-01 5.6296818456e-01 
5.6306268686e-01 5.6306268686e-01 5.6306268686e-01 5.6306268686e-01 5.6306268686e-01 5.6306268686e-01 
5.6316898663e-01 5.6316898663e-01 5.6316898663e-01 5.6316898663e-01 5.6316898663e-01 5.6316898663e-01 
5.6328588173e-01 5.6328588173e-01 5.6328588173e-01 5.6328588173e-01 5.6328588173e-01 5.6328588173e-01 
5.6341077125e-01 5.6341077125e-01 5.6341077125e-01 5.6341077125e-01 5.6341077125e-01 5.6341077125e-01 
5.6353934671e-01 5.6353934671e-01 5.6353934671e-01 5.6353934671e-01 5.6353934671e-01 5.6353934671e-01 
5.6366609311e-01 5.6366609311e-01 5.6366609311e-01 5.6366609311e-01 5.6366609311e-01 5.6366609311e-01 
5.6378551549e-01 5.6378551549e-01 5.6378551549e-01 5.6378551549e-01 5.6378551549e-01 5.6378551549e-01 
5.6389323041e-01 5.6389323041e-01 5.6389323041e-01 5.6389323041e-01 5.6389323041e-01 5.6389323041e-01 
5.6398608423e-01 5.6398608423e-01 5.6398608423e-01 5.6398608423e-01 5.6398608423e-01 5.6398608423e-01 
5.6406048005e-01 5.6406048005e-01 5.6406048005e-01 5.6406048005e-01 5.6406048005e-01 5.6406048005e-01 
5.6411013028e-01 5.6411013028e-01 5.6411013028e-01 5.6411013028e-01 5.6411013028e-01 5.6411013028e-01 
5.6412793144e-01 5.6412793144e-01 5.6412793144e-01 5.6412793144e-01 5.6412793144e-01 5.6412793144e-01 
