9.5604393679e-01 9.5604393679e-01 9.5604393679e-01 9.5604393679e-01 9.5604393679e-01 9.5604393679e-01 
9.5609230942e-01 9.5609230942e-01 9.5609230942e-01 9.5609230942e-01 9.5609230942e-01 9.5609230942e-01 
9.5623745702e-01 9.5623745702e-01 9.5623745702e-01 9.5623745702e-01 9.5623745702e-01 9.5623745702e-01 
9.5647945724e-01 9.5647945724e-01 9.5647945724e-01 9.5647945724e-01 9.5647945724e-01 9.5647945724e-01 
9.5681840012e-01 9.5681840012e-01 9.5681840012e-01 9.5681840012e-01 9.5681840012e-01 9.5681840012e-01 
9.5725432494e-01 9.5725432494e-01 9.5725432494e-01 9.5725432494e-01 9.5725432494e-01 9.5725432494e-01 
9.5778712201e-01 9.5778712201e-01 9.5778712201e-01 9.5778712201e-01 9.5778712201e-01 9.5778712201e-01 
9.5841638529e-01 9.5841638529e-01 9.5841638529e-01 9.5841638529e-01 9.5841638529e-01 9.5841638529e-01 
9.5914118941e-01 9.5914118941e-01 9.5914118941e-01 9.5914118941e-01 9.5914118941e-01 9.5914118941e-01 
9.5995974283e-01 9.5995974283e-01 9.5995974283e-01 9.5995974283e-01 9.5995974283e-01 9.5995974283e-01 
9.6086882847e-01 9.6086882847e-01 9.6086882847e-01 9.6086882847e-01 9.6086882847e-01 9.6086882847e-01 
9.6186287412e-01 9.6186287412e-01 9.6186287412e-01 9.6186287412e-01 9.6186287412e-01 9.6186287412e-01 
9.6293237979e-01 9.6293237979e-01 9.6293237979e-01 9.6293237979e-01 9.6293237979e-01 9.6293237979e-01 
9.6406127072e-01 9.6406127072e-01 9.6406127072e-01 9.6406127072e-01 9.6406127072e-01 9.6406127072e-01 
9.6522266760e-01 9.6522266760e-01 9.6522266760e-01 9.6522266760e-01 9.6522266760e-01 9.6522266760e-01 
9.6637322896e-01 9.6637322896e-01 9.6637322896e-01 9.6637322896e-01 9.6637322896e-01 9.6637322896e-01 
9.6744952173e-01 9.6744952173e-01 9.6744952173e-01 9.6744952173e-01 9.6744952173e-01 9.6744952173e-01 
9.6837550744e-01 9.6837550744e-01 9.6837550744e-01 9.6837550744e-01 9.6837550744e-01 9.6837550744e-01 
9.6908300255e-01 9.6908300255e-01 9.6908300255e-01 9.6908300255e-01 9.6908300255e-01 9.6908300255e-01 
9.6952571747e-01 9.6952571747e-01 9.6952571747e-01 9.6952571747e-01 9.6952571747e-01 9.6952571747e-01 
9.6967700285e-01 9.6967700285e-01 9.6967700285e-01 9.6967700285e-01 9.6967700285e-01 9.6967700285e-01 
