5.9661903902e-01 5.9661903902e-01 5.9661903902e-01 5.9661903902e-01 5.9661903902e-01 5.9661903902e-01 
5.9663270697e-01 5.9663270697e-01 5.9663270697e-01 5.9663270697e-01 5.9663270697e-01 5.9663270697e-01 
5.9667383002e-01 5.9667383002e-01 5.9667383002e-01 5.9667383002e-01 5.9667383002e-01 5.9667383002e-01 
5.9674276056e-01 5.9674276056e-01 5.9674276056e-01 5.9674276056e-01 5.9674276056e-01 5.9674276056e-01 
5.9684006659e-01 5.9684006659e-01 5.9684006659e-01 5.9684006659e-01 5.9684006659e-01 5.9684006659e-01 
5.9696649616e-01 5.9696649616e-01 5.9696649616e-01 5.9696649616e-01 5.9696649616e-01 5.9696649616e-01 
5.9712291123e-01 5.9712291123e-01 5.9712291123e-01 5.9712291123e-01 5.9712291123e-01 5.9712291123e-01 
5.9731016838e-01 5.9731016838e-01 5.9731016838e-01 5.9731016838e-01 5.9731016838e-01 5.9731016838e-01 
5.9752890571e-01 5.9752890571e-01 5.9752890571e-01 5.9752890571e-01 5.9752890571e-01 5.9752890571e-01 
5.9777917000e-01 5.9777917000e-01 5.9777917000e-01 5.9777917000e-01 5.9777917000e-01 5.9777917000e-01 
5.9805978610e-01 5.9805978610e-01 5.9805978610e-01 5.9805978610e-01 5.9805978610e-01 5.9805978610e-01 
5.9836736470e-01 5.9836736470e-01 5.9836736470e-01 5.9836736470e-01 5.9836736470e-01 5.9836736470e-01 
5.9869499345e-01 5.9869499345e-01 5.9869499345e-01 5.9869499345e-01 5.9869499345e-01 5.9869499345e-01 
5.9903125459e-01 5.9903125459e-01 5.9903125459e-01 5.9903125459e-01 5.9903125459e-01 5.9903125459e-01 
5.9936105060e-01 5.9936105060e-01 5.9936105060e-01 5.9936105060e-01 5.9936105060e-01 5.9936105060e-01 
5.9966878039e-01 5.9966878039e-01 5.9966878039e-01 5.9966878039e-01 5.9966878039e-01 5.9966878039e-01 
5.9994150731e-01 5.9994150731e-01 5.9994150731e-01 5.9994150731e-01 5.9994150731e-01 5.9994150731e-01 
6.0016958625e-01 6.0016958625e-01 6.0016958625e-01 6.0016958625e-01 6.0016958625e-01 6.0016958625e-01 
6.0034437619e-01 6.0034437619e-01 6.0034437619e-01 6.0034437619e-01 6.0034437619e-01 6.0034437619e-01 
6.0045576171e-01 6.0045576171e-01 6.0045576171e-01 6.0045576171e-01 6.0045576171e-01 6.0045576171e-01 
6.0049441004e-01 6.0049441004e-01 6.0049441004e-01 6.0049441004e-01 6.0049441004e-01 6.0049441004e-01 
