5.6932932068e-01 5.6932932068e-01 5.6932932068e-01 5.6932932068e-01 5.6932932068e-01 5.6932932068e-01 
5.6933664010e-01 5.6933664010e-01 5.6933664010e-01 5.6933664010e-01 5.6933664010e-01 5.6933664010e-01 
5.6935865849e-01 5.6935865849e-01 5.6935865849e-01 5.6935865849e-01 5.6935865849e-01 5.6935865849e-01 
5.6939555253e-01 5.6939555253e-01 5.6939555253e-01 5.6939555253e-01 5.6939555253e-01 5.6939555253e-01 
5.6944760317e-01 5.6944760317e-01 5.6944760317e-01 5.6944760317e-01 5.6944760317e-01 5.6944760317e-01 
5.6951517118e-01 5.6951517118e-01 5.6951517118e-01 5.6951517118e-01 5.6951517118e-01 5.6951517118e-01 
5.6959865347e-01 5.6959865347e-01 5.6959865347e-01 5.6959865347e-01 5.6959865347e-01 5.6959865347e-01 
5.6969840768e-01 5.6969840768e-01 5.6969840768e-01 5.6969840768e-01 5.6969840768e-01 5.6969840768e-01 
5.6981462366e-01 5.6981462366e-01 5.6981462366e-01 5.6981462366e-01 5.6981462366e-01 5.6981462366e-01 
5.6994710701e-01 5.6994710701e-01 5.6994710701e-01 5.6994710701e-01 5.6994710701e-01 5.6994710701e-01 
5.7009492200e-01 5.7009492200e-01 5.7009492200e-01 5.7009492200e-01 5.7009492200e-01 5.7009492200e-01 
5.7025585139e-01 5.7025585139e-01 5.7025585139e-01 5.7025585139e-01 5.7025585139e-01 5.7025585139e-01 
5.7042578291e-01 5.7042578291e-01 5.7042578291e-01 5.7042578291e-01 5.7042578291e-01 5.7042578291e-01 
5.7059852895e-01 5.7059852895e-01 5.7059852895e-01 5.7059852895e-01 5.7059852895e-01 5.7059852895e-01 
5.7076668424e-01 5.7076668424e-01 5.7076668424e-01 5.7076668424e-01 5.7076668424e-01 5.7076668424e-01 
5.7092319830e-01 5.7092319830e-01 5.7092319830e-01 5.7092319830e-01 5.7092319830e-01 5.7092319830e-01 
5.7106256715e-01 5.7106256715e-01 5.7106256715e-01 5.7106256715e-01 5.7106256715e-01 5.7106256715e-01 
5.7118084705e-01 5.7118084705e-01 5.7118084705e-01 5.7118084705e-01 5.7118084705e-01 5.7118084705e-01 
5.7127383676e-01 5.7127383676e-01 5.7127383676e-01 5.7127383676e-01 5.7127383676e-01 5.7127383676e-01 
5.7133480130e-01 5.7133480130e-01 5.7133480130e-01 5.7133480130e-01 5.7133480130e-01 5.7133480130e-01 
5.7135639927e-01 5.7135639927e-01 5.7135639927e-01 5.7135639927e-01 5.7135639927e-01 5.7135639927e-01 
