5.5674960341e-01 5.5674960341e-01 5.5674960341e-01 5.5674960341e-01 5.5674960341e-01 5.5674960341e-01 
5.5675275794e-01 5.5675275794e-01 5.5675275794e-01 5.5675275794e-01 5.5675275794e-01 5.5675275794e-01 
5.5676226809e-01 5.5676226809e-01 5.5676226809e-01 5.5676226809e-01 5.5676226809e-01 5.5676226809e-01 
5.5677827218e-01 5.5677827218e-01 5.5677827218e-01 5.5677827218e-01 5.5677827218e-01 5.5677827218e-01 
5.5680099615e-01 5.5680099615e-01 5.5680099615e-01 5.5680099615e-01 5.5680099615e-01 5.5680099615e-01 
5.5683074580e-01 5.5683074580e-01 5.5683074580e-01 5.5683074580e-01 5.5683074580e-01 5.5683074580e-01 
5.5686789397e-01 5.5686789397e-01 5.5686789397e-01 5.5686789397e-01 5.5686789397e-01 5.5686789397e-01 
5.5691285967e-01 5.5691285967e-01 5.5691285967e-01 5.5691285967e-01 5.5691285967e-01 5.5691285967e-01 
5.5696607256e-01 5.5696607256e-01 5.5696607256e-01 5.5696607256e-01 5.5696607256e-01 5.5696607256e-01 
5.5702790589e-01 5.5702790589e-01 5.5702790589e-01 5.5702790589e-01 5.5702790589e-01 5.5702790589e-01 
5.5709853713e-01 5.5709853713e-01 5.5709853713e-01 5.5709853713e-01 5.5709853713e-01 5.5709853713e-01 
5.5717765874e-01 5.5717765874e-01 5.5717765874e-01 5.5717765874e-01 5.5717765874e-01 5.5717765874e-01 
5.5726399468e-01 5.5726399468e-01 5.5726399468e-01 5.5726399468e-01 5.5726399468e-01 5.5726399468e-01 
5.5735486359e-01 5.5735486359e-01 5.5735486359e-01 5.5735486359e-01 5.5735486359e-01 5.5735486359e-01 
5.5744635660e-01 5.5744635660e-01 5.5744635660e-01 5.5744635660e-01 5.5744635660e-01 5.5744635660e-01 
5.5753427507e-01 5.5753427507e-01 5.5753427507e-01 5.5753427507e-01 5.5753427507e-01 5.5753427507e-01 
5.5761515584e-01 5.5761515584e-01 5.5761515584e-01 5.5761515584e-01 5.5761515584e-01 5.5761515584e-01 
5.5768648994e-01 5.5768648994e-01 5.5768648994e-01 5.5768648994e-01 5.5768648994e-01 5.5768648994e-01 
5.5774517331e-01 5.5774517331e-01 5.5774517331e-01 5.5774517331e-01 5.5774517331e-01 5.5774517331e-01 
5.5778527743e-01 5.5778527743e-01 5.5778527743e-01 5.5778527743e-01 5.5778527743e-01 5.5778527743e-01 
5.5779987908e-01 5.5779987908e-01 5.5779987908e-01 5.5779987908e-01 5.5779987908e-01 5.5779987908e-01 
