5.4695915750e-01 5.4695915750e-01 5.4695915750e-01 5.4695915750e-01 5.4695915750e-01 5.4695915750e-01 
5.4695936257e-01 5.4695936257e-01 5.4695936257e-01 5.4695936257e-01 5.4695936257e-01 5.4695936257e-01 
5.4696001449e-01 5.4696001449e-01 5.4696001449e-01 5.4696001449e-01 5.4696001449e-01 5.4696001449e-01 
5.4696122373e-01 5.4696122373e-01 5.4696122373e-01 5.4696122373e-01 5.4696122373e-01 5.4696122373e-01 
5.4696317570e-01 5.4696317570e-01 5.4696317570e-01 5.4696317570e-01 5.4696317570e-01 5.4696317570e-01 
5.4696613411e-01 5.4696613411e-01 5.4696613411e-01 5.4696613411e-01 5.4696613411e-01 5.4696613411e-01 
5.4697044825e-01 5.4697044825e-01 5.4697044825e-01 5.4697044825e-01 5.4697044825e-01 5.4697044825e-01 
5.4697656780e-01 5.4697656780e-01 5.4697656780e-01 5.4697656780e-01 5.4697656780e-01 5.4697656780e-01 
5.4698506839e-01 5.4698506839e-01 5.4698506839e-01 5.4698506839e-01 5.4698506839e-01 5.4698506839e-01 
5.4699668571e-01 5.4699668571e-01 5.4699668571e-01 5.4699668571e-01 5.4699668571e-01 5.4699668571e-01 
5.4701233211e-01 5.4701233211e-01 5.4701233211e-01 5.4701233211e-01 5.4701233211e-01 5.4701233211e-01 
5.4703300543e-01 5.4703300543e-01 5.4703300543e-01 5.4703300543e-01 5.4703300543e-01 5.4703300543e-01 
5.4705943510e-01 5.4705943510e-01 5.4705943510e-01 5.4705943510e-01 5.4705943510e-01 5.4705943510e-01 
5.4709148156e-01 5.4709148156e-01 5.4709148156e-01 5.4709148156e-01 5.4709148156e-01 5.4709148156e-01 
5.4712780191e-01 5.4712780191e-01 5.4712780191e-01 5.4712780191e-01 5.4712780191e-01 5.4712780191e-01 
5.4716629688e-01 5.4716629688e-01 5.4716629688e-01 5.4716629688e-01 5.4716629688e-01 5.4716629688e-01 
5.4720500528e-01 5.4720500528e-01 5.4720500528e-01 5.4720500528e-01 5.4720500528e-01 5.4720500528e-01 
5.4724247791e-01 5.4724247791e-01 5.4724247791e-01 5.4724247791e-01 5.4724247791e-01 5.4724247791e-01 
5.4727642726e-01 5.4727642726e-01 5.4727642726e-01 5.4727642726e-01 5.4727642726e-01 5.4727642726e-01 
5.4730151236e-01 5.4730151236e-01 5.4730151236e-01 5.4730151236e-01 5.4730151236e-01 5.4730151236e-01 
5.4731108456e-01 5.4731108456e-01 5.4731108456e-01 5.4731108456e-01 5.4731108456e-01 5.4731108456e-01 
