6.0988683392e-01 6.0988683392e-01 6.0988683392e-01 6.0988683392e-01 6.0988683392e-01 6.0988683392e-01 
6.0989731795e-01 6.0989731795e-01 6.0989731795e-01 6.0989731795e-01 6.0989731795e-01 6.0989731795e-01 
6.0992897759e-01 6.0992897759e-01 6.0992897759e-01 6.0992897759e-01 6.0992897759e-01 6.0992897759e-01 
6.0998243163e-01 6.0998243163e-01 6.0998243163e-01 6.0998243163e-01 6.0998243163e-01 6.0998243163e-01 
6.1005869774e-01 6.1005869774e-01 6.1005869774e-01 6.1005869774e-01 6.1005869774e-01 6.1005869774e-01 
6.1015916890e-01 6.1015916890e-01 6.1015916890e-01 6.1015916890e-01 6.1015916890e-01 6.1015916890e-01 
6.1028557240e-01 6.1028557240e-01 6.1028557240e-01 6.1028557240e-01 6.1028557240e-01 6.1028557240e-01 
6.1043989856e-01 6.1043989856e-01 6.1043989856e-01 6.1043989856e-01 6.1043989856e-01 6.1043989856e-01 
6.1062427378e-01 6.1062427378e-01 6.1062427378e-01 6.1062427378e-01 6.1062427378e-01 6.1062427378e-01 
6.1084072951e-01 6.1084072951e-01 6.1084072951e-01 6.1084072951e-01 6.1084072951e-01 6.1084072951e-01 
6.1109077963e-01 6.1109077963e-01 6.1109077963e-01 6.1109077963e-01 6.1109077963e-01 6.1109077963e-01 
6.1137465961e-01 6.1137465961e-01 6.1137465961e-01 6.1137465961e-01 6.1137465961e-01 6.1137465961e-01 
6.1169002560e-01 6.1169002560e-01 6.1169002560e-01 6.1169002560e-01 6.1169002560e-01 6.1169002560e-01 
6.1203002457e-01 6.1203002457e-01 6.1203002457e-01 6.1203002457e-01 6.1203002457e-01 6.1203002457e-01 
6.1238146154e-01 6.1238146154e-01 6.1238146154e-01 6.1238146154e-01 6.1238146154e-01 6.1238146154e-01 
6.1272541347e-01 6.1272541347e-01 6.1272541347e-01 6.1272541347e-01 6.1272541347e-01 6.1272541347e-01 
6.1304162042e-01 6.1304162042e-01 6.1304162042e-01 6.1304162042e-01 6.1304162042e-01 6.1304162042e-01 
6.1331258781e-01 6.1331258781e-01 6.1331258781e-01 6.1331258781e-01 6.1331258781e-01 6.1331258781e-01 
6.1352301152e-01 6.1352301152e-01 6.1352301152e-01 6.1352301152e-01 6.1352301152e-01 6.1352301152e-01 
6.1365775074e-01 6.1365775074e-01 6.1365775074e-01 6.1365775074e-01 6.1365775074e-01 6.1365775074e-01 
6.1370454157e-01 6.1370454157e-01 6.1370454157e-01 6.1370454157e-01 6.1370454157e-01 6.1370454157e-01 
