9.0894166417e-01 9.0894166417e-01 9.0894166417e-01 9.0894166417e-01 9.0894166417e-01 9.0894166417e-01 
9.0900028753e-01 9.0900028753e-01 9.0900028753e-01 9.0900028753e-01 9.0900028753e-01 9.0900028753e-01 
9.0917580838e-01 9.0917580838e-01 9.0917580838e-01 9.0917580838e-01 9.0917580838e-01 9.0917580838e-01 
9.0946717691e-01 9.0946717691e-01 9.0946717691e-01 9.0946717691e-01 9.0946717691e-01 9.0946717691e-01 
9.0987263634e-01 9.0987263634e-01 9.0987263634e-01 9.0987263634e-01 9.0987263634e-01 9.0987263634e-01 
9.1038971034e-01 9.1038971034e-01 9.1038971034e-01 9.1038971034e-01 9.1038971034e-01 9.1038971034e-01 
9.1101518073e-01 9.1101518073e-01 9.1101518073e-01 9.1101518073e-01 9.1101518073e-01 9.1101518073e-01 
9.1174504755e-01 9.1174504755e-01 9.1174504755e-01 9.1174504755e-01 9.1174504755e-01 9.1174504755e-01 
9.1257445609e-01 9.1257445609e-01 9.1257445609e-01 9.1257445609e-01 9.1257445609e-01 9.1257445609e-01 
9.1349756085e-01 9.1349756085e-01 9.1349756085e-01 9.1349756085e-01 9.1349756085e-01 9.1349756085e-01 
9.1450727017e-01 9.1450727017e-01 9.1450727017e-01 9.1450727017e-01 9.1450727017e-01 9.1450727017e-01 
9.1559476726e-01 9.1559476726e-01 9.1559476726e-01 9.1559476726e-01 9.1559476726e-01 9.1559476726e-01 
9.1674861724e-01 9.1674861724e-01 9.1674861724e-01 9.1674861724e-01 9.1674861724e-01 9.1674861724e-01 
9.1795312370e-01 9.1795312370e-01 9.1795312370e-01 9.1795312370e-01 9.1795312370e-01 9.1795312370e-01 
9.1918538862e-01 9.1918538862e-01 9.1918538862e-01 9.1918538862e-01 9.1918538862e-01 9.1918538862e-01 
9.2041040397e-01 9.2041040397e-01 9.2041040397e-01 9.2041040397e-01 9.2041040397e-01 9.2041040397e-01 
9.2157427275e-01 9.2157427275e-01 9.2157427275e-01 9.2157427275e-01 9.2157427275e-01 9.2157427275e-01 
9.2260027230e-01 9.2260027230e-01 9.2260027230e-01 9.2260027230e-01 9.2260027230e-01 9.2260027230e-01 
9.2340145357e-01 9.2340145357e-01 9.2340145357e-01 9.2340145357e-01 9.2340145357e-01 9.2340145357e-01 
9.2390888352e-01 9.2390888352e-01 9.2390888352e-01 9.2390888352e-01 9.2390888352e-01 9.2390888352e-01 
9.2408304628e-01 9.2408304628e-01 9.2408304628e-01 9.2408304628e-01 9.2408304628e-01 9.2408304628e-01 
