5.4285267684e-01 5.4285267684e-01 5.4285267684e-01 5.4285267684e-01 5.4285267684e-01 5.4285267684e-01 
5.4285180274e-01 5.4285180274e-01 5.4285180274e-01 5.4285180274e-01 5.4285180274e-01 5.4285180274e-01 
5.4284921297e-01 5.4284921297e-01 5.4284921297e-01 5.4284921297e-01 5.4284921297e-01 5.4284921297e-01 
5.4284500598e-01 5.4284500598e-01 5.4284500598e-01 5.4284500598e-01 5.4284500598e-01 5.4284500598e-01 
5.4283934897e-01 5.4283934897e-01 5.4283934897e-01 5.4283934897e-01 5.4283934897e-01 5.4283934897e-01 
5.4283248460e-01 5.4283248460e-01 5.4283248460e-01 5.4283248460e-01 5.4283248460e-01 5.4283248460e-01 
5.4282474444e-01 5.4282474444e-01 5.4282474444e-01 5.4282474444e-01 5.4282474444e-01 5.4282474444e-01 
5.4281657468e-01 5.4281657468e-01 5.4281657468e-01 5.4281657468e-01 5.4281657468e-01 5.4281657468e-01 
5.4280858078e-01 5.4280858078e-01 5.4280858078e-01 5.4280858078e-01 5.4280858078e-01 5.4280858078e-01 
5.4280159501e-01 5.4280159501e-01 5.4280159501e-01 5.4280159501e-01 5.4280159501e-01 5.4280159501e-01 
5.4279674916e-01 5.4279674916e-01 5.4279674916e-01 5.4279674916e-01 5.4279674916e-01 5.4279674916e-01 
5.4279546554e-01 5.4279546554e-01 5.4279546554e-01 5.4279546554e-01 5.4279546554e-01 5.4279546554e-01 
5.4279917837e-01 5.4279917837e-01 5.4279917837e-01 5.4279917837e-01 5.4279917837e-01 5.4279917837e-01 
5.4280870556e-01 5.4280870556e-01 5.4280870556e-01 5.4280870556e-01 5.4280870556e-01 5.4280870556e-01 
5.4282372672e-01 5.4282372672e-01 5.4282372672e-01 5.4282372672e-01 5.4282372672e-01 5.4282372672e-01 
5.4284301426e-01 5.4284301426e-01 5.4284301426e-01 5.4284301426e-01 5.4284301426e-01 5.4284301426e-01 
5.4286524810e-01 5.4286524810e-01 5.4286524810e-01 5.4286524810e-01 5.4286524810e-01 5.4286524810e-01 
5.4288944051e-01 5.4288944051e-01 5.4288944051e-01 5.4288944051e-01 5.4288944051e-01 5.4288944051e-01 
5.4291366545e-01 5.4291366545e-01 5.4291366545e-01 5.4291366545e-01 5.4291366545e-01 5.4291366545e-01 
5.4293284166e-01 5.4293284166e-01 5.4293284166e-01 5.4293284166e-01 5.4293284166e-01 5.4293284166e-01 
5.4294043579e-01 5.4294043579e-01 5.4294043579e-01 5.4294043579e-01 5.4294043579e-01 5.4294043579e-01 
