8.6147144947e-01 8.6147144947e-01 8.6147144947e-01 8.6147144947e-01 8.6147144947e-01 8.6147144947e-01 
8.6152826847e-01 8.6152826847e-01 8.6152826847e-01 8.6152826847e-01 8.6152826847e-01 8.6152826847e-01 
8.6169824091e-01 8.6169824091e-01 8.6169824091e-01 8.6169824091e-01 8.6169824091e-01 8.6169824091e-01 
8.6197991811e-01 8.6197991811e-01 8.6197991811e-01 8.6197991811e-01 8.6197991811e-01 8.6197991811e-01 
8.6237090173e-01 8.6237090173e-01 8.6237090173e-01 8.6237090173e-01 8.6237090173e-01 8.6237090173e-01 
8.6286786611e-01 8.6286786611e-01 8.6286786611e-01 8.6286786611e-01 8.6286786611e-01 8.6286786611e-01 
8.6346658542e-01 8.6346658542e-01 8.6346658542e-01 8.6346658542e-01 8.6346658542e-01 8.6346658542e-01 
8.6416195969e-01 8.6416195969e-01 8.6416195969e-01 8.6416195969e-01 8.6416195969e-01 8.6416195969e-01 
8.6494802951e-01 8.6494802951e-01 8.6494802951e-01 8.6494802951e-01 8.6494802951e-01 8.6494802951e-01 
8.6581796035e-01 8.6581796035e-01 8.6581796035e-01 8.6581796035e-01 8.6581796035e-01 8.6581796035e-01 
8.6676396134e-01 8.6676396134e-01 8.6676396134e-01 8.6676396134e-01 8.6676396134e-01 8.6676396134e-01 
8.6777707260e-01 8.6777707260e-01 8.6777707260e-01 8.6777707260e-01 8.6777707260e-01 8.6777707260e-01 
8.6884669405e-01 8.6884669405e-01 8.6884669405e-01 8.6884669405e-01 8.6884669405e-01 8.6884669405e-01 
8.6995960839e-01 8.6995960839e-01 8.6995960839e-01 8.6995960839e-01 8.6995960839e-01 8.6995960839e-01 
8.7109801876e-01 8.7109801876e-01 8.7109801876e-01 8.7109801876e-01 8.7109801876e-01 8.7109801876e-01 
8.7223573728e-01 8.7223573728e-01 8.7223573728e-01 8.7223573728e-01 8.7223573728e-01 8.7223573728e-01 
8.7333136732e-01 8.7333136732e-01 8.7333136732e-01 8.7333136732e-01 8.7333136732e-01 8.7333136732e-01 
8.7431919534e-01 8.7431919534e-01 8.7431919534e-01 8.7431919534e-01 8.7431919534e-01 8.7431919534e-01 
8.7510966748e-01 8.7510966748e-01 8.7510966748e-01 8.7510966748e-01 8.7510966748e-01 8.7510966748e-01 
8.7561831394e-01 8.7561831394e-01 8.7561831394e-01 8.7561831394e-01 8.7561831394e-01 8.7561831394e-01 
8.7579402837e-01 8.7579402837e-01 8.7579402837e-01 8.7579402837e-01 8.7579402837e-01 8.7579402837e-01 
