8.1659296781e-01 8.1659296781e-01 8.1659296781e-01 8.1659296781e-01 8.1659296781e-01 8.1659296781e-01 
8.1664088240e-01 8.1664088240e-01 8.1664088240e-01 8.1664088240e-01 8.1664088240e-01 8.1664088240e-01 
8.1678419574e-01 8.1678419574e-01 8.1678419574e-01 8.1678419574e-01 8.1678419574e-01 8.1678419574e-01 
8.1702162331e-01 8.1702162331e-01 8.1702162331e-01 8.1702162331e-01 8.1702162331e-01 8.1702162331e-01 
8.1735104638e-01 8.1735104638e-01 8.1735104638e-01 8.1735104638e-01 8.1735104638e-01 8.1735104638e-01 
8.1776954387e-01 8.1776954387e-01 8.1776954387e-01 8.1776954387e-01 8.1776954387e-01 8.1776954387e-01 
8.1827343410e-01 8.1827343410e-01 8.1827343410e-01 8.1827343410e-01 8.1827343410e-01 8.1827343410e-01 
8.1885832279e-01 8.1885832279e-01 8.1885832279e-01 8.1885832279e-01 8.1885832279e-01 8.1885832279e-01 
8.1951915145e-01 8.1951915145e-01 8.1951915145e-01 8.1951915145e-01 8.1951915145e-01 8.1951915145e-01 
8.2025023567e-01 8.2025023567e-01 8.2025023567e-01 8.2025023567e-01 8.2025023567e-01 8.2025023567e-01 
8.2104527379e-01 8.2104527379e-01 8.2104527379e-01 8.2104527379e-01 8.2104527379e-01 8.2104527379e-01 
8.2189728706e-01 8.2189728706e-01 8.2189728706e-01 8.2189728706e-01 8.2189728706e-01 8.2189728706e-01 
8.2279840934e-01 8.2279840934e-01 8.2279840934e-01 8.2279840934e-01 8.2279840934e-01 8.2279840934e-01 
8.2373934358e-01 8.2373934358e-01 8.2373934358e-01 8.2373934358e-01 8.2373934358e-01 8.2373934358e-01 
8.2470806176e-01 8.2470806176e-01 8.2470806176e-01 8.2470806176e-01 8.2470806176e-01 8.2470806176e-01 
8.2568679093e-01 8.2568679093e-01 8.2568679093e-01 8.2568679093e-01 8.2568679093e-01 8.2568679093e-01 
8.2664546803e-01 8.2664546803e-01 8.2664546803e-01 8.2664546803e-01 8.2664546803e-01 8.2664546803e-01 
8.2753025639e-01 8.2753025639e-01 8.2753025639e-01 8.2753025639e-01 8.2753025639e-01 8.2753025639e-01 
8.2825602525e-01 8.2825602525e-01 8.2825602525e-01 8.2825602525e-01 8.2825602525e-01 8.2825602525e-01 
8.2873096736e-01 8.2873096736e-01 8.2873096736e-01 8.2873096736e-01 8.2873096736e-01 8.2873096736e-01 
8.2889622135e-01 8.2889622135e-01 8.2889622135e-01 8.2889622135e-01 8.2889622135e-01 8.2889622135e-01 
