7.7567531796e-01 7.7567531796e-01 7.7567531796e-01 7.7567531796e-01 7.7567531796e-01 7.7567531796e-01 
7.7571133346e-01 7.7571133346e-01 7.7571133346e-01 7.7571133346e-01 7.7571133346e-01 7.7571133346e-01 
7.7581910499e-01 7.7581910499e-01 7.7581910499e-01 7.7581910499e-01 7.7581910499e-01 7.7581910499e-01 
7.7599781266e-01 7.7599781266e-01 7.7599781266e-01 7.7599781266e-01 7.7599781266e-01 7.7599781266e-01 
7.7624610659e-01 7.7624610659e-01 7.7624610659e-01 7.7624610659e-01 7.7624610659e-01 7.7624610659e-01 
7.7656213139e-01 7.7656213139e-01 7.7656213139e-01 7.7656213139e-01 7.7656213139e-01 7.7656213139e-01 
7.7694355933e-01 7.7694355933e-01 7.7694355933e-01 7.7694355933e-01 7.7694355933e-01 7.7694355933e-01 
7.7738763128e-01 7.7738763128e-01 7.7738763128e-01 7.7738763128e-01 7.7738763128e-01 7.7738763128e-01 
7.7789120353e-01 7.7789120353e-01 7.7789120353e-01 7.7789120353e-01 7.7789120353e-01 7.7789120353e-01 
7.7845079716e-01 7.7845079716e-01 7.7845079716e-01 7.7845079716e-01 7.7845079716e-01 7.7845079716e-01 
7.7906264255e-01 7.7906264255e-01 7.7906264255e-01 7.7906264255e-01 7.7906264255e-01 7.7906264255e-01 
7.7972270083e-01 7.7972270083e-01 7.7972270083e-01 7.7972270083e-01 7.7972270083e-01 7.7972270083e-01 
7.8042661481e-01 7.8042661481e-01 7.8042661481e-01 7.8042661481e-01 7.8042661481e-01 7.8042661481e-01 
7.8116945875e-01 7.8116945875e-01 7.8116945875e-01 7.8116945875e-01 7.8116945875e-01 7.8116945875e-01 
7.8194491991e-01 7.8194491991e-01 7.8194491991e-01 7.8194491991e-01 7.8194491991e-01 7.8194491991e-01 
7.8274291821e-01 7.8274291821e-01 7.8274291821e-01 7.8274291821e-01 7.8274291821e-01 7.8274291821e-01 
7.8354339640e-01 7.8354339640e-01 7.8354339640e-01 7.8354339640e-01 7.8354339640e-01 7.8354339640e-01 
7.8430335260e-01 7.8430335260e-01 7.8430335260e-01 7.8430335260e-01 7.8430335260e-01 7.8430335260e-01 
7.8494382637e-01 7.8494382637e-01 7.8494382637e-01 7.8494382637e-01 7.8494382637e-01 7.8494382637e-01 
7.8537042742e-01 7.8537042742e-01 7.8537042742e-01 7.8537042742e-01 7.8537042742e-01 7.8537042742e-01 
7.8551999600e-01 7.8551999600e-01 7.8551999600e-01 7.8551999600e-01 7.8551999600e-01 7.8551999600e-01 
