7.3890586184e-01 7.3890586184e-01 7.3890586184e-01 7.3890586184e-01 7.3890586184e-01 7.3890586184e-01 
7.3893051059e-01 7.3893051059e-01 7.3893051059e-01 7.3893051059e-01 7.3893051059e-01 7.3893051059e-01 
7.3900434282e-01 7.3900434282e-01 7.3900434282e-01 7.3900434282e-01 7.3900434282e-01 7.3900434282e-01 
7.3912701896e-01 7.3912701896e-01 7.3912701896e-01 7.3912701896e-01 7.3912701896e-01 7.3912701896e-01 
7.3929798149e-01 7.3929798149e-01 7.3929798149e-01 7.3929798149e-01 7.3929798149e-01 7.3929798149e-01 
7.3951646789e-01 7.3951646789e-01 7.3951646789e-01 7.3951646789e-01 7.3951646789e-01 7.3951646789e-01 
7.3978152945e-01 7.3978152945e-01 7.3978152945e-01 7.3978152945e-01 7.3978152945e-01 7.3978152945e-01 
7.4009205693e-01 7.4009205693e-01 7.4009205693e-01 7.4009205693e-01 7.4009205693e-01 7.4009205693e-01 
7.4044681462e-01 7.4044681462e-01 7.4044681462e-01 7.4044681462e-01 7.4044681462e-01 7.4044681462e-01 
7.4084448497e-01 7.4084448497e-01 7.4084448497e-01 7.4084448497e-01 7.4084448497e-01 7.4084448497e-01 
7.4128372588e-01 7.4128372588e-01 7.4128372588e-01 7.4128372588e-01 7.4128372588e-01 7.4128372588e-01 
7.4176323898e-01 7.4176323898e-01 7.4176323898e-01 7.4176323898e-01 7.4176323898e-01 7.4176323898e-01 
7.4228183011e-01 7.4228183011e-01 7.4228183011e-01 7.4228183011e-01 7.4228183011e-01 7.4228183011e-01 
7.4283838015e-01 7.4283838015e-01 7.4283838015e-01 7.4283838015e-01 7.4283838015e-01 7.4283838015e-01 
7.4343142812e-01 7.4343142812e-01 7.4343142812e-01 7.4343142812e-01 7.4343142812e-01 7.4343142812e-01 
7.4405740640e-01 7.4405740640e-01 7.4405740640e-01 7.4405740640e-01 7.4405740640e-01 7.4405740640e-01 
7.4470498565e-01 7.4470498565e-01 7.4470498565e-01 7.4470498565e-01 7.4470498565e-01 7.4470498565e-01 
7.4534128204e-01 7.4534128204e-01 7.4534128204e-01 7.4534128204e-01 7.4534128204e-01 7.4534128204e-01 
7.4589440845e-01 7.4589440845e-01 7.4589440845e-01 7.4589440845e-01 7.4589440845e-01 7.4589440845e-01 
7.4627001523e-01 7.4627001523e-01 7.4627001523e-01 7.4627001523e-01 7.4627001523e-01 7.4627001523e-01 
7.4640279397e-01 7.4640279397e-01 7.4640279397e-01 7.4640279397e-01 7.4640279397e-01 7.4640279397e-01 
