7.0606337848e-01 7.0606337848e-01 7.0606337848e-01 7.0606337848e-01 7.0606337848e-01 7.0606337848e-01 
7.0607882741e-01 7.0607882741e-01 7.0607882741e-01 7.0607882741e-01 7.0607882741e-01 7.0607882741e-01 
7.0612517888e-01 7.0612517888e-01 7.0612517888e-01 7.0612517888e-01 7.0612517888e-01 7.0612517888e-01 
7.0620244760e-01 7.0620244760e-01 7.0620244760e-01 7.0620244760e-01 7.0620244760e-01 7.0620244760e-01 
7.0631066035e-01 7.0631066035e-01 7.0631066035e-01 7.0631066035e-01 7.0631066035e-01 7.0631066035e-01 
7.0644986029e-01 7.0644986029e-01 7.0644986029e-01 7.0644986029e-01 7.0644986029e-01 7.0644986029e-01 
7.0662011473e-01 7.0662011473e-01 7.0662011473e-01 7.0662011473e-01 7.0662011473e-01 7.0662011473e-01 
7.0682152874e-01 7.0682152874e-01 7.0682152874e-01 7.0682152874e-01 7.0682152874e-01 7.0682152874e-01 
7.0705426855e-01 7.0705426855e-01 7.0705426855e-01 7.0705426855e-01 7.0705426855e-01 7.0705426855e-01 
7.0731860085e-01 7.0731860085e-01 7.0731860085e-01 7.0731860085e-01 7.0731860085e-01 7.0731860085e-01 
7.0761495713e-01 7.0761495713e-01 7.0761495713e-01 7.0761495713e-01 7.0761495713e-01 7.0761495713e-01 
7.0794403462e-01 7.0794403462e-01 7.0794403462e-01 7.0794403462e-01 7.0794403462e-01 7.0794403462e-01 
7.0830693970e-01 7.0830693970e-01 7.0830693970e-01 7.0830693970e-01 7.0830693970e-01 7.0830693970e-01 
7.0870533874e-01 7.0870533874e-01 7.0870533874e-01 7.0870533874e-01 7.0870533874e-01 7.0870533874e-01 
7.0914140072e-01 7.0914140072e-01 7.0914140072e-01 7.0914140072e-01 7.0914140072e-01 7.0914140072e-01 
7.0961667421e-01 7.0961667421e-01 7.0961667421e-01 7.0961667421e-01 7.0961667421e-01 7.0961667421e-01 
7.1012726803e-01 7.1012726803e-01 7.1012726803e-01 7.1012726803e-01 7.1012726803e-01 7.1012726803e-01 
7.1064995717e-01 7.1064995717e-01 7.1064995717e-01 7.1064995717e-01 7.1064995717e-01 7.1064995717e-01 
7.1112096804e-01 7.1112096804e-01 7.1112096804e-01 7.1112096804e-01 7.1112096804e-01 7.1112096804e-01 
7.1144787851e-01 7.1144787851e-01 7.1144787851e-01 7.1144787851e-01 7.1144787851e-01 7.1144787851e-01 
7.1156451127e-01 7.1156451127e-01 7.1156451127e-01 7.1156451127e-01 7.1156451127e-01 7.1156451127e-01 
