6.7686974634e-01 6.7686974634e-01 6.7686974634e-01 6.7686974634e-01 6.7686974634e-01 6.7686974634e-01 
6.7687832870e-01 6.7687832870e-01 6.7687832870e-01 6.7687832870e-01 6.7687832870e-01 6.7687832870e-01 
6.7690415150e-01 6.7690415150e-01 6.7690415150e-01 6.7690415150e-01 6.7690415150e-01 6.7690415150e-01 
6.7694744150e-01 6.7694744150e-01 6.7694744150e-01 6.7694744150e-01 6.7694744150e-01 6.7694744150e-01 
6.7700857556e-01 6.7700857556e-01 6.7700857556e-01 6.7700857556e-01 6.7700857556e-01 6.7700857556e-01 
6.7708808016e-01 6.7708808016e-01 6.7708808016e-01 6.7708808016e-01 6.7708808016e-01 6.7708808016e-01 
6.7718663307e-01 6.7718663307e-01 6.7718663307e-01 6.7718663307e-01 6.7718663307e-01 6.7718663307e-01 
6.7730507036e-01 6.7730507036e-01 6.7730507036e-01 6.7730507036e-01 6.7730507036e-01 6.7730507036e-01 
6.7744440402e-01 6.7744440402e-01 6.7744440402e-01 6.7744440402e-01 6.7744440402e-01 6.7744440402e-01 
6.7760585905e-01 6.7760585905e-01 6.7760585905e-01 6.7760585905e-01 6.7760585905e-01 6.7760585905e-01 
6.7779094409e-01 6.7779094409e-01 6.7779094409e-01 6.7779094409e-01 6.7779094409e-01 6.7779094409e-01 
6.7800157695e-01 6.7800157695e-01 6.7800157695e-01 6.7800157695e-01 6.7800157695e-01 6.7800157695e-01 
6.7824029170e-01 6.7824029170e-01 6.7824029170e-01 6.7824029170e-01 6.7824029170e-01 6.7824029170e-01 
6.7851053473e-01 6.7851053473e-01 6.7851053473e-01 6.7851053473e-01 6.7851053473e-01 6.7851053473e-01 
6.7881692301e-01 6.7881692301e-01 6.7881692301e-01 6.7881692301e-01 6.7881692301e-01 6.7881692301e-01 
6.7916476199e-01 6.7916476199e-01 6.7916476199e-01 6.7916476199e-01 6.7916476199e-01 6.7916476199e-01 
6.7955628835e-01 6.7955628835e-01 6.7955628835e-01 6.7955628835e-01 6.7955628835e-01 6.7955628835e-01 
6.7997740422e-01 6.7997740422e-01 6.7997740422e-01 6.7997740422e-01 6.7997740422e-01 6.7997740422e-01 
6.8037341533e-01 6.8037341533e-01 6.8037341533e-01 6.8037341533e-01 6.8037341533e-01 6.8037341533e-01 
6.8065537261e-01 6.8065537261e-01 6.8065537261e-01 6.8065537261e-01 6.8065537261e-01 6.8065537261e-01 
6.8075704237e-01 6.8075704237e-01 6.8075704237e-01 6.8075704237e-01 6.8075704237e-01 6.8075704237e-01 
