6.5105474123e-01 6.5105474123e-01 6.5105474123e-01 6.5105474123e-01 6.5105474123e-01 6.5105474123e-01 
6.5105836528e-01 6.5105836528e-01 6.5105836528e-01 6.5105836528e-01 6.5105836528e-01 6.5105836528e-01 
6.5106934819e-01 6.5106934819e-01 6.5106934819e-01 6.5106934819e-01 6.5106934819e-01 6.5106934819e-01 
6.5108802138e-01 6.5108802138e-01 6.5108802138e-01 6.5108802138e-01 6.5108802138e-01 6.5108802138e-01 
6.5111493477e-01 6.5111493477e-01 6.5111493477e-01 6.5111493477e-01 6.5111493477e-01 6.5111493477e-01 
6.5115085433e-01 6.5115085433e-01 6.5115085433e-01 6.5115085433e-01 6.5115085433e-01 6.5115085433e-01 
6.5119676120e-01 6.5119676120e-01 6.5119676120e-01 6.5119676120e-01 6.5119676120e-01 6.5119676120e-01 
6.5125385600e-01 6.5125385600e-01 6.5125385600e-01 6.5125385600e-01 6.5125385600e-01 6.5125385600e-01 
6.5132357428e-01 6.5132357428e-01 6.5132357428e-01 6.5132357428e-01 6.5132357428e-01 6.5132357428e-01 
6.5140762339e-01 6.5140762339e-01 6.5140762339e-01 6.5140762339e-01 6.5140762339e-01 6.5140762339e-01 
6.5150805822e-01 6.5150805822e-01 6.5150805822e-01 6.5150805822e-01 6.5150805822e-01 6.5150805822e-01 
6.5162742398e-01 6.5162742398e-01 6.5162742398e-01 6.5162742398e-01 6.5162742398e-01 6.5162742398e-01 
6.5176900828e-01 6.5176900828e-01 6.5176900828e-01 6.5176900828e-01 6.5176900828e-01 6.5176900828e-01 
6.5193724640e-01 6.5193724640e-01 6.5193724640e-01 6.5193724640e-01 6.5193724640e-01 6.5193724640e-01 
6.5213823821e-01 6.5213823821e-01 6.5213823821e-01 6.5213823821e-01 6.5213823821e-01 6.5213823821e-01 
6.5237985862e-01 6.5237985862e-01 6.5237985862e-01 6.5237985862e-01 6.5237985862e-01 6.5237985862e-01 
6.5266917807e-01 6.5266917807e-01 6.5266917807e-01 6.5266917807e-01 6.5266917807e-01 6.5266917807e-01 
6.5300046046e-01 6.5300046046e-01 6.5300046046e-01 6.5300046046e-01 6.5300046046e-01 6.5300046046e-01 
6.5332871928e-01 6.5332871928e-01 6.5332871928e-01 6.5332871928e-01 6.5332871928e-01 6.5332871928e-01 
6.5356972225e-01 6.5356972225e-01 6.5356972225e-01 6.5356972225e-01 6.5356972225e-01 6.5356972225e-01 
6.5365772863e-01 6.5365772863e-01 6.5365772863e-01 6.5365772863e-01 6.5365772863e-01 6.5365772863e-01 
