8.7334405174e-01 8.7334405174e-01 8.7334405174e-01 8.7334405174e-01 8.7334405174e-01 8.7334405174e-01 
8.7320981734e-01 8.7320981734e-01 8.7320981734e-01 8.7320981734e-01 8.7320981734e-01 8.7320981734e-01 
8.7282811204e-01 8.7282811204e-01 8.7282811204e-01 8.7282811204e-01 8.7282811204e-01 8.7282811204e-01 
8.7225792126e-01 8.7225792126e-01 8.7225792126e-01 8.7225792126e-01 8.7225792126e-01 8.7225792126e-01 
8.7158611545e-01 8.7158611545e-01 8.7158611545e-01 8.7158611545e-01 8.7158611545e-01 8.7158611545e-01 
8.7091551212e-01 8.7091551212e-01 8.7091551212e-01 8.7091551212e-01 8.7091551212e-01 8.7091551212e-01 
8.7035488581e-01 8.7035488581e-01 8.7035488581e-01 8.7035488581e-01 8.7035488581e-01 8.7035488581e-01 
8.7001250750e-01 8.7001250750e-01 8.7001250750e-01 8.7001250750e-01 8.7001250750e-01 8.7001250750e-01 
8.6999288116e-01 8.6999288116e-01 8.6999288116e-01 8.6999288116e-01 8.6999288116e-01 8.6999288116e-01 
8.7039559462e-01 8.7039559462e-01 8.7039559462e-01 8.7039559462e-01 8.7039559462e-01 8.7039559462e-01 
8.7131514997e-01 8.7131514997e-01 8.7131514997e-01 8.7131514997e-01 8.7131514997e-01 8.7131514997e-01 
8.7284082443e-01 8.7284082443e-01 8.7284082443e-01 8.7284082443e-01 8.7284082443e-01 8.7284082443e-01 
8.7505591720e-01 8.7505591720e-01 8.7505591720e-01 8.7505591720e-01 8.7505591720e-01 8.7505591720e-01 
8.7803545254e-01 8.7803545254e-01 8.7803545254e-01 8.7803545254e-01 8.7803545254e-01 8.7803545254e-01 
8.8183922585e-01 8.8183922585e-01 8.8183922585e-01 8.8183922585e-01 8.8183922585e-01 8.8183922585e-01 
8.8649217521e-01 8.8649217521e-01 8.8649217521e-01 8.8649217521e-01 8.8649217521e-01 8.8649217521e-01 
8.9193430492e-01 8.9193430492e-01 8.9193430492e-01 8.9193430492e-01 8.9193430492e-01 8.9193430492e-01 
8.9791308978e-01 8.9791308978e-01 8.9791308978e-01 8.9791308978e-01 8.9791308978e-01 8.9791308978e-01 
9.0380622783e-01 9.0380622783e-01 9.0380622783e-01 9.0380622783e-01 9.0380622783e-01 9.0380622783e-01 
9.0847758986e-01 9.0847758986e-01 9.0847758986e-01 9.0847758986e-01 9.0847758986e-01 9.0847758986e-01 
9.1038679372e-01 9.1038679372e-01 9.1038679372e-01 9.1038679372e-01 9.1038679372e-01 9.1038679372e-01 
