4.1649901495e-01 4.1649901495e-01 4.1649901495e-01 4.1649901495e-01 4.1649901495e-01 4.1649901495e-01 
4.1650005645e-01 4.1650005645e-01 4.1650005645e-01 4.1650005645e-01 4.1650005645e-01 4.1650005645e-01 
4.1650316775e-01 4.1650316775e-01 4.1650316775e-01 4.1650316775e-01 4.1650316775e-01 4.1650316775e-01 
4.1650830901e-01 4.1650830901e-01 4.1650830901e-01 4.1650830901e-01 4.1650830901e-01 4.1650830901e-01 
4.1651541273e-01 4.1651541273e-01 4.1651541273e-01 4.1651541273e-01 4.1651541273e-01 4.1651541273e-01 
4.1652438178e-01 4.1652438178e-01 4.1652438178e-01 4.1652438178e-01 4.1652438178e-01 4.1652438178e-01 
4.1653508616e-01 4.1653508616e-01 4.1653508616e-01 4.1653508616e-01 4.1653508616e-01 4.1653508616e-01 
4.1654735850e-01 4.1654735850e-01 4.1654735850e-01 4.1654735850e-01 4.1654735850e-01 4.1654735850e-01 
4.1656098822e-01 4.1656098822e-01 4.1656098822e-01 4.1656098822e-01 4.1656098822e-01 4.1656098822e-01 
4.1657571524e-01 4.1657571524e-01 4.1657571524e-01 4.1657571524e-01 4.1657571524e-01 4.1657571524e-01 
4.1659122446e-01 4.1659122446e-01 4.1659122446e-01 4.1659122446e-01 4.1659122446e-01 4.1659122446e-01 
4.1660714373e-01 4.1660714373e-01 4.1660714373e-01 4.1660714373e-01 4.1660714373e-01 4.1660714373e-01 
4.1662304862e-01 4.1662304862e-01 4.1662304862e-01 4.1662304862e-01 4.1662304862e-01 4.1662304862e-01 
4.1663847745e-01 4.1663847745e-01 4.1663847745e-01 4.1663847745e-01 4.1663847745e-01 4.1663847745e-01 
4.1665295679e-01 4.1665295679e-01 4.1665295679e-01 4.1665295679e-01 4.1665295679e-01 4.1665295679e-01 
4.1666603328e-01 4.1666603328e-01 4.1666603328e-01 4.1666603328e-01 4.1666603328e-01 4.1666603328e-01 
4.1667730327e-01 4.1667730327e-01 4.1667730327e-01 4.1667730327e-01 4.1667730327e-01 4.1667730327e-01 
4.1668643209e-01 4.1668643209e-01 4.1668643209e-01 4.1668643209e-01 4.1668643209e-01 4.1668643209e-01 
4.1669315863e-01 4.1669315863e-01 4.1669315863e-01 4.1669315863e-01 4.1669315863e-01 4.1669315863e-01 
4.1669728624e-01 4.1669728624e-01 4.1669728624e-01 4.1669728624e-01 4.1669728624e-01 4.1669728624e-01 
4.1669867739e-01 4.1669867739e-01 4.1669867739e-01 4.1669867739e-01 4.1669867739e-01 4.1669867739e-01 
