4.1651255098e-01 4.1651255098e-01 4.1651255098e-01 4.1651255098e-01 4.1651255098e-01 4.1651255098e-01 
4.1651391212e-01 4.1651391212e-01 4.1651391212e-01 4.1651391212e-01 4.1651391212e-01 4.1651391212e-01 
4.1651797800e-01 4.1651797800e-01 4.1651797800e-01 4.1651797800e-01 4.1651797800e-01 4.1651797800e-01 
4.1652469566e-01 4.1652469566e-01 4.1652469566e-01 4.1652469566e-01 4.1652469566e-01 4.1652469566e-01 
4.1653397555e-01 4.1653397555e-01 4.1653397555e-01 4.1653397555e-01 4.1653397555e-01 4.1653397555e-01 
4.1654568910e-01 4.1654568910e-01 4.1654568910e-01 4.1654568910e-01 4.1654568910e-01 4.1654568910e-01 
4.1655966486e-01 4.1655966486e-01 4.1655966486e-01 4.1655966486e-01 4.1655966486e-01 4.1655966486e-01 
4.1657568286e-01 4.1657568286e-01 4.1657568286e-01 4.1657568286e-01 4.1657568286e-01 4.1657568286e-01 
4.1659346747e-01 4.1659346747e-01 4.1659346747e-01 4.1659346747e-01 4.1659346747e-01 4.1659346747e-01 
4.1661267947e-01 4.1661267947e-01 4.1661267947e-01 4.1661267947e-01 4.1661267947e-01 4.1661267947e-01 
4.1663290905e-01 4.1663290905e-01 4.1663290905e-01 4.1663290905e-01 4.1663290905e-01 4.1663290905e-01 
4.1665367298e-01 4.1665367298e-01 4.1665367298e-01 4.1665367298e-01 4.1665367298e-01 4.1665367298e-01 
4.1667442046e-01 4.1667442046e-01 4.1667442046e-01 4.1667442046e-01 4.1667442046e-01 4.1667442046e-01 
4.1669455177e-01 4.1669455177e-01 4.1669455177e-01 4.1669455177e-01 4.1669455177e-01 4.1669455177e-01 
4.1671345074e-01 4.1671345074e-01 4.1671345074e-01 4.1671345074e-01 4.1671345074e-01 4.1671345074e-01 
4.1673052562e-01 4.1673052562e-01 4.1673052562e-01 4.1673052562e-01 4.1673052562e-01 4.1673052562e-01 
4.1674524778e-01 4.1674524778e-01 4.1674524778e-01 4.1674524778e-01 4.1674524778e-01 4.1674524778e-01 
4.1675717735e-01 4.1675717735e-01 4.1675717735e-01 4.1675717735e-01 4.1675717735e-01 4.1675717735e-01 
4.1676597021e-01 4.1676597021e-01 4.1676597021e-01 4.1676597021e-01 4.1676597021e-01 4.1676597021e-01 
4.1677136679e-01 4.1677136679e-01 4.1677136679e-01 4.1677136679e-01 4.1677136679e-01 4.1677136679e-01 
4.1677318583e-01 4.1677318583e-01 4.1677318583e-01 4.1677318583e-01 4.1677318583e-01 4.1677318583e-01 
