4.1658958281e-01 4.1658958281e-01 4.1658958281e-01 4.1658958281e-01 4.1658958281e-01 4.1658958281e-01 
4.1659387615e-01 4.1659387615e-01 4.1659387615e-01 4.1659387615e-01 4.1659387615e-01 4.1659387615e-01 
4.1660669224e-01 4.1660669224e-01 4.1660669224e-01 4.1660669224e-01 4.1660669224e-01 4.1660669224e-01 
4.1662784043e-01 4.1662784043e-01 4.1662784043e-01 4.1662784043e-01 4.1662784043e-01 4.1662784043e-01 
4.1665700617e-01 4.1665700617e-01 4.1665700617e-01 4.1665700617e-01 4.1665700617e-01 4.1665700617e-01 
4.1669375387e-01 4.1669375387e-01 4.1669375387e-01 4.1669375387e-01 4.1669375387e-01 4.1669375387e-01 
4.1673752769e-01 4.1673752769e-01 4.1673752769e-01 4.1673752769e-01 4.1673752769e-01 4.1673752769e-01 
4.1678764815e-01 4.1678764815e-01 4.1678764815e-01 4.1678764815e-01 4.1678764815e-01 4.1678764815e-01 
4.1684330251e-01 4.1684330251e-01 4.1684330251e-01 4.1684330251e-01 4.1684330251e-01 4.1684330251e-01 
4.1690352764e-01 4.1690352764e-01 4.1690352764e-01 4.1690352764e-01 4.1690352764e-01 4.1690352764e-01 
4.1696718558e-01 4.1696718558e-01 4.1696718558e-01 4.1696718558e-01 4.1696718558e-01 4.1696718558e-01 
4.1703293613e-01 4.1703293613e-01 4.1703293613e-01 4.1703293613e-01 4.1703293613e-01 4.1703293613e-01 
4.1709921690e-01 4.1709921690e-01 4.1709921690e-01 4.1709921690e-01 4.1709921690e-01 4.1709921690e-01 
4.1716424806e-01 4.1716424806e-01 4.1716424806e-01 4.1716424806e-01 4.1716424806e-01 4.1716424806e-01 
4.1722608067e-01 4.1722608067e-01 4.1722608067e-01 4.1722608067e-01 4.1722608067e-01 4.1722608067e-01 
4.1728269714e-01 4.1728269714e-01 4.1728269714e-01 4.1728269714e-01 4.1728269714e-01 4.1728269714e-01 
4.1733214822e-01 4.1733214822e-01 4.1733214822e-01 4.1733214822e-01 4.1733214822e-01 4.1733214822e-01 
4.1737268749e-01 4.1737268749e-01 4.1737268749e-01 4.1737268749e-01 4.1737268749e-01 4.1737268749e-01 
4.1740285878e-01 4.1740285878e-01 4.1740285878e-01 4.1740285878e-01 4.1740285878e-01 4.1740285878e-01 
4.1742151190e-01 4.1742151190e-01 4.1742151190e-01 4.1742151190e-01 4.1742151190e-01 4.1742151190e-01 
4.1742782532e-01 4.1742782532e-01 4.1742782532e-01 4.1742782532e-01 4.1742782532e-01 4.1742782532e-01 
