4.1661051279e-01 4.1661051279e-01 4.1661051279e-01 4.1661051279e-01 4.1661051279e-01 4.1661051279e-01 
4.1661688098e-01 4.1661688098e-01 4.1661688098e-01 4.1661688098e-01 4.1661688098e-01 4.1661688098e-01 
4.1663584951e-01 4.1663584951e-01 4.1663584951e-01 4.1663584951e-01 4.1663584951e-01 4.1663584951e-01 
4.1666701607e-01 4.1666701607e-01 4.1666701607e-01 4.1666701607e-01 4.1666701607e-01 4.1666701607e-01 
4.1670972878e-01 4.1670972878e-01 4.1670972878e-01 4.1670972878e-01 4.1670972878e-01 4.1670972878e-01 
4.1676311191e-01 4.1676311191e-01 4.1676311191e-01 4.1676311191e-01 4.1676311191e-01 4.1676311191e-01 
4.1682609775e-01 4.1682609775e-01 4.1682609775e-01 4.1682609775e-01 4.1682609775e-01 4.1682609775e-01 
4.1689746082e-01 4.1689746082e-01 4.1689746082e-01 4.1689746082e-01 4.1689746082e-01 4.1689746082e-01 
4.1697584974e-01 4.1697584974e-01 4.1697584974e-01 4.1697584974e-01 4.1697584974e-01 4.1697584974e-01 
4.1705981012e-01 4.1705981012e-01 4.1705981012e-01 4.1705981012e-01 4.1705981012e-01 4.1705981012e-01 
4.1714779096e-01 4.1714779096e-01 4.1714779096e-01 4.1714779096e-01 4.1714779096e-01 4.1714779096e-01 
4.1723812771e-01 4.1723812771e-01 4.1723812771e-01 4.1723812771e-01 4.1723812771e-01 4.1723812771e-01 
4.1732900010e-01 4.1732900010e-01 4.1732900010e-01 4.1732900010e-01 4.1732900010e-01 4.1732900010e-01 
4.1741837439e-01 4.1741837439e-01 4.1741837439e-01 4.1741837439e-01 4.1741837439e-01 4.1741837439e-01 
4.1750395602e-01 4.1750395602e-01 4.1750395602e-01 4.1750395602e-01 4.1750395602e-01 4.1750395602e-01 
4.1758319266e-01 4.1758319266e-01 4.1758319266e-01 4.1758319266e-01 4.1758319266e-01 4.1758319266e-01 
4.1765336234e-01 4.1765336234e-01 4.1765336234e-01 4.1765336234e-01 4.1765336234e-01 4.1765336234e-01 
4.1771174430e-01 4.1771174430e-01 4.1771174430e-01 4.1771174430e-01 4.1771174430e-01 4.1771174430e-01 
4.1775581478e-01 4.1775581478e-01 4.1775581478e-01 4.1775581478e-01 4.1775581478e-01 4.1775581478e-01 
4.1778338635e-01 4.1778338635e-01 4.1778338635e-01 4.1778338635e-01 4.1778338635e-01 4.1778338635e-01 
4.1779278655e-01 4.1779278655e-01 4.1779278655e-01 4.1779278655e-01 4.1779278655e-01 4.1779278655e-01 
