4.1656630761e-01 4.1656630761e-01 4.1656630761e-01 4.1656630761e-01 4.1656630761e-01 4.1656630761e-01 
4.1656946161e-01 4.1656946161e-01 4.1656946161e-01 4.1656946161e-01 4.1656946161e-01 4.1656946161e-01 
4.1657888149e-01 4.1657888149e-01 4.1657888149e-01 4.1657888149e-01 4.1657888149e-01 4.1657888149e-01 
4.1659444065e-01 4.1659444065e-01 4.1659444065e-01 4.1659444065e-01 4.1659444065e-01 4.1659444065e-01 
4.1661592715e-01 4.1661592715e-01 4.1661592715e-01 4.1661592715e-01 4.1661592715e-01 4.1661592715e-01 
4.1664304098e-01 4.1664304098e-01 4.1664304098e-01 4.1664304098e-01 4.1664304098e-01 4.1664304098e-01 
4.1667538873e-01 4.1667538873e-01 4.1667538873e-01 4.1667538873e-01 4.1667538873e-01 4.1667538873e-01 
4.1671247444e-01 4.1671247444e-01 4.1671247444e-01 4.1671247444e-01 4.1671247444e-01 4.1671247444e-01 
4.1675368640e-01 4.1675368640e-01 4.1675368640e-01 4.1675368640e-01 4.1675368640e-01 4.1675368640e-01 
4.1679828019e-01 4.1679828019e-01 4.1679828019e-01 4.1679828019e-01 4.1679828019e-01 4.1679828019e-01 
4.1684536031e-01 4.1684536031e-01 4.1684536031e-01 4.1684536031e-01 4.1684536031e-01 4.1684536031e-01 
4.1689386570e-01 4.1689386570e-01 4.1689386570e-01 4.1689386570e-01 4.1689386570e-01 4.1689386570e-01 
4.1694256902e-01 4.1694256902e-01 4.1694256902e-01 4.1694256902e-01 4.1694256902e-01 4.1694256902e-01 
4.1699010127e-01 4.1699010127e-01 4.1699010127e-01 4.1699010127e-01 4.1699010127e-01 4.1699010127e-01 
4.1703501056e-01 4.1703501056e-01 4.1703501056e-01 4.1703501056e-01 4.1703501056e-01 4.1703501056e-01 
4.1707585099e-01 4.1707585099e-01 4.1707585099e-01 4.1707585099e-01 4.1707585099e-01 4.1707585099e-01 
4.1711128175e-01 4.1711128175e-01 4.1711128175e-01 4.1711128175e-01 4.1711128175e-01 4.1711128175e-01 
4.1714014750e-01 4.1714014750e-01 4.1714014750e-01 4.1714014750e-01 4.1714014750e-01 4.1714014750e-01 
4.1716151715e-01 4.1716151715e-01 4.1716151715e-01 4.1716151715e-01 4.1716151715e-01 4.1716151715e-01 
4.1717467474e-01 4.1717467474e-01 4.1717467474e-01 4.1717467474e-01 4.1717467474e-01 4.1717467474e-01 
4.1717911774e-01 4.1717911774e-01 4.1717911774e-01 4.1717911774e-01 4.1717911774e-01 4.1717911774e-01 
