4.1660283798e-01 4.1660283798e-01 4.1660283798e-01 4.1660283798e-01 4.1660283798e-01 4.1660283798e-01 
4.1661348202e-01 4.1661348202e-01 4.1661348202e-01 4.1661348202e-01 4.1661348202e-01 4.1661348202e-01 
4.1664516471e-01 4.1664516471e-01 4.1664516471e-01 4.1664516471e-01 4.1664516471e-01 4.1664516471e-01 
4.1669713721e-01 4.1669713721e-01 4.1669713721e-01 4.1669713721e-01 4.1669713721e-01 4.1669713721e-01 
4.1676815271e-01 4.1676815271e-01 4.1676815271e-01 4.1676815271e-01 4.1676815271e-01 4.1676815271e-01 
4.1685647661e-01 4.1685647661e-01 4.1685647661e-01 4.1685647661e-01 4.1685647661e-01 4.1685647661e-01 
4.1695991217e-01 4.1695991217e-01 4.1695991217e-01 4.1695991217e-01 4.1695991217e-01 4.1695991217e-01 
4.1707584470e-01 4.1707584470e-01 4.1707584470e-01 4.1707584470e-01 4.1707584470e-01 4.1707584470e-01 
4.1720130316e-01 4.1720130316e-01 4.1720130316e-01 4.1720130316e-01 4.1720130316e-01 4.1720130316e-01 
4.1733303809e-01 4.1733303809e-01 4.1733303809e-01 4.1733303809e-01 4.1733303809e-01 4.1733303809e-01 
4.1746761636e-01 4.1746761636e-01 4.1746761636e-01 4.1746761636e-01 4.1746761636e-01 4.1746761636e-01 
4.1760153686e-01 4.1760153686e-01 4.1760153686e-01 4.1760153686e-01 4.1760153686e-01 4.1760153686e-01 
4.1773137599e-01 4.1773137599e-01 4.1773137599e-01 4.1773137599e-01 4.1773137599e-01 4.1773137599e-01 
4.1785397805e-01 4.1785397805e-01 4.1785397805e-01 4.1785397805e-01 4.1785397805e-01 4.1785397805e-01 
4.1796671413e-01 4.1796671413e-01 4.1796671413e-01 4.1796671413e-01 4.1796671413e-01 4.1796671413e-01 
4.1806783456e-01 4.1806783456e-01 4.1806783456e-01 4.1806783456e-01 4.1806783456e-01 4.1806783456e-01 
4.1815687696e-01 4.1815687696e-01 4.1815687696e-01 4.1815687696e-01 4.1815687696e-01 4.1815687696e-01 
4.1823468908e-01 4.1823468908e-01 4.1823468908e-01 4.1823468908e-01 4.1823468908e-01 4.1823468908e-01 
4.1830129463e-01 4.1830129463e-01 4.1830129463e-01 4.1830129463e-01 4.1830129463e-01 4.1830129463e-01 
4.1834957960e-01 4.1834957960e-01 4.1834957960e-01 4.1834957960e-01 4.1834957960e-01 4.1834957960e-01 
4.1836641350e-01 4.1836641350e-01 4.1836641350e-01 4.1836641350e-01 4.1836641350e-01 4.1836641350e-01 
