4.1654596974e-01 4.1654596974e-01 4.1654596974e-01 4.1654596974e-01 4.1654596974e-01 4.1654596974e-01 
4.1654833659e-01 4.1654833659e-01 4.1654833659e-01 4.1654833659e-01 4.1654833659e-01 4.1654833659e-01 
4.1655540596e-01 4.1655540596e-01 4.1655540596e-01 4.1655540596e-01 4.1655540596e-01 4.1655540596e-01 
4.1656708396e-01 4.1656708396e-01 4.1656708396e-01 4.1656708396e-01 4.1656708396e-01 4.1656708396e-01 
4.1658321251e-01 4.1658321251e-01 4.1658321251e-01 4.1658321251e-01 4.1658321251e-01 4.1658321251e-01 
4.1660356620e-01 4.1660356620e-01 4.1660356620e-01 4.1660356620e-01 4.1660356620e-01 4.1660356620e-01 
4.1662784684e-01 4.1662784684e-01 4.1662784684e-01 4.1662784684e-01 4.1662784684e-01 4.1662784684e-01 
4.1665567519e-01 4.1665567519e-01 4.1665567519e-01 4.1665567519e-01 4.1665567519e-01 4.1665567519e-01 
4.1668657982e-01 4.1668657982e-01 4.1668657982e-01 4.1668657982e-01 4.1668657982e-01 4.1668657982e-01 
4.1671998408e-01 4.1671998408e-01 4.1671998408e-01 4.1671998408e-01 4.1671998408e-01 4.1671998408e-01 
4.1675519341e-01 4.1675519341e-01 4.1675519341e-01 4.1675519341e-01 4.1675519341e-01 4.1675519341e-01 
4.1679138785e-01 4.1679138785e-01 4.1679138785e-01 4.1679138785e-01 4.1679138785e-01 4.1679138785e-01 
4.1682762733e-01 4.1682762733e-01 4.1682762733e-01 4.1682762733e-01 4.1682762733e-01 4.1682762733e-01 
4.1686287785e-01 4.1686287785e-01 4.1686287785e-01 4.1686287785e-01 4.1686287785e-01 4.1686287785e-01 
4.1689606210e-01 4.1689606210e-01 4.1689606210e-01 4.1689606210e-01 4.1689606210e-01 4.1689606210e-01 
4.1692612860e-01 4.1692612860e-01 4.1692612860e-01 4.1692612860e-01 4.1692612860e-01 4.1692612860e-01 
4.1695212190e-01 4.1695212190e-01 4.1695212190e-01 4.1695212190e-01 4.1695212190e-01 4.1695212190e-01 
4.1697323413e-01 4.1697323413e-01 4.1697323413e-01 4.1697323413e-01 4.1697323413e-01 4.1697323413e-01 
4.1698882451e-01 4.1698882451e-01 4.1698882451e-01 4.1698882451e-01 4.1698882451e-01 4.1698882451e-01 
4.1699840584e-01 4.1699840584e-01 4.1699840584e-01 4.1699840584e-01 4.1699840584e-01 4.1699840584e-01 
4.1700163786e-01 4.1700163786e-01 4.1700163786e-01 4.1700163786e-01 4.1700163786e-01 4.1700163786e-01 
