4.1648746460e-01 4.1648746460e-01 4.1648746460e-01 4.1648746460e-01 4.1648746460e-01 4.1648746460e-01 
4.1648826600e-01 4.1648826600e-01 4.1648826600e-01 4.1648826600e-01 4.1648826600e-01 4.1648826600e-01 
4.1649066024e-01 4.1649066024e-01 4.1649066024e-01 4.1649066024e-01 4.1649066024e-01 4.1649066024e-01 
4.1649461722e-01 4.1649461722e-01 4.1649461722e-01 4.1649461722e-01 4.1649461722e-01 4.1649461722e-01 
4.1650008585e-01 4.1650008585e-01 4.1650008585e-01 4.1650008585e-01 4.1650008585e-01 4.1650008585e-01 
4.1650699248e-01 4.1650699248e-01 4.1650699248e-01 4.1650699248e-01 4.1650699248e-01 4.1650699248e-01 
4.1651523822e-01 4.1651523822e-01 4.1651523822e-01 4.1651523822e-01 4.1651523822e-01 4.1651523822e-01 
4.1652469529e-01 4.1652469529e-01 4.1652469529e-01 4.1652469529e-01 4.1652469529e-01 4.1652469529e-01 
4.1653520231e-01 4.1653520231e-01 4.1653520231e-01 4.1653520231e-01 4.1653520231e-01 4.1653520231e-01 
4.1654655927e-01 4.1654655927e-01 4.1654655927e-01 4.1654655927e-01 4.1654655927e-01 4.1654655927e-01 
4.1655852309e-01 4.1655852309e-01 4.1655852309e-01 4.1655852309e-01 4.1655852309e-01 4.1655852309e-01 
4.1657080603e-01 4.1657080603e-01 4.1657080603e-01 4.1657080603e-01 4.1657080603e-01 4.1657080603e-01 
4.1658307951e-01 4.1658307951e-01 4.1658307951e-01 4.1658307951e-01 4.1658307951e-01 4.1658307951e-01 
4.1659498599e-01 4.1659498599e-01 4.1659498599e-01 4.1659498599e-01 4.1659498599e-01 4.1659498599e-01 
4.1660615907e-01 4.1660615907e-01 4.1660615907e-01 4.1660615907e-01 4.1660615907e-01 4.1660615907e-01 
4.1661624834e-01 4.1661624834e-01 4.1661624834e-01 4.1661624834e-01 4.1661624834e-01 4.1661624834e-01 
4.1662494241e-01 4.1662494241e-01 4.1662494241e-01 4.1662494241e-01 4.1662494241e-01 4.1662494241e-01 
4.1663198361e-01 4.1663198361e-01 4.1663198361e-01 4.1663198361e-01 4.1663198361e-01 4.1663198361e-01 
4.1663717129e-01 4.1663717129e-01 4.1663717129e-01 4.1663717129e-01 4.1663717129e-01 4.1663717129e-01 
4.1664035441e-01 4.1664035441e-01 4.1664035441e-01 4.1664035441e-01 4.1664035441e-01 4.1664035441e-01 
4.1664142720e-01 4.1664142720e-01 4.1664142720e-01 4.1664142720e-01 4.1664142720e-01 4.1664142720e-01 
