4.1652816575e-01 4.1652816575e-01 4.1652816575e-01 4.1652816575e-01 4.1652816575e-01 4.1652816575e-01 
4.1652995523e-01 4.1652995523e-01 4.1652995523e-01 4.1652995523e-01 4.1652995523e-01 4.1652995523e-01 
4.1653530030e-01 4.1653530030e-01 4.1653530030e-01 4.1653530030e-01 4.1653530030e-01 4.1653530030e-01 
4.1654413044e-01 4.1654413044e-01 4.1654413044e-01 4.1654413044e-01 4.1654413044e-01 4.1654413044e-01 
4.1655632661e-01 4.1655632661e-01 4.1655632661e-01 4.1655632661e-01 4.1655632661e-01 4.1655632661e-01 
4.1657171847e-01 4.1657171847e-01 4.1657171847e-01 4.1657171847e-01 4.1657171847e-01 4.1657171847e-01 
4.1659007962e-01 4.1659007962e-01 4.1659007962e-01 4.1659007962e-01 4.1659007962e-01 4.1659007962e-01 
4.1661112078e-01 4.1661112078e-01 4.1661112078e-01 4.1661112078e-01 4.1661112078e-01 4.1661112078e-01 
4.1663448088e-01 4.1663448088e-01 4.1663448088e-01 4.1663448088e-01 4.1663448088e-01 4.1663448088e-01 
4.1665971698e-01 4.1665971698e-01 4.1665971698e-01 4.1665971698e-01 4.1665971698e-01 4.1665971698e-01 
4.1668629510e-01 4.1668629510e-01 4.1668629510e-01 4.1668629510e-01 4.1668629510e-01 4.1668629510e-01 
4.1671358587e-01 4.1671358587e-01 4.1671358587e-01 4.1671358587e-01 4.1671358587e-01 4.1671358587e-01 
4.1674087100e-01 4.1674087100e-01 4.1674087100e-01 4.1674087100e-01 4.1674087100e-01 4.1674087100e-01 
4.1676736599e-01 4.1676736599e-01 4.1676736599e-01 4.1676736599e-01 4.1676736599e-01 4.1676736599e-01 
4.1679226112e-01 4.1679226112e-01 4.1679226112e-01 4.1679226112e-01 4.1679226112e-01 4.1679226112e-01 
4.1681477437e-01 4.1681477437e-01 4.1681477437e-01 4.1681477437e-01 4.1681477437e-01 4.1681477437e-01 
4.1683420292e-01 4.1683420292e-01 4.1683420292e-01 4.1683420292e-01 4.1683420292e-01 4.1683420292e-01 
4.1684995855e-01 4.1684995855e-01 4.1684995855e-01 4.1684995855e-01 4.1684995855e-01 4.1684995855e-01 
4.1686157871e-01 4.1686157871e-01 4.1686157871e-01 4.1686157871e-01 4.1686157871e-01 4.1686157871e-01 
4.1686871361e-01 4.1686871361e-01 4.1686871361e-01 4.1686871361e-01 4.1686871361e-01 4.1686871361e-01 
4.1687111918e-01 4.1687111918e-01 4.1687111918e-01 4.1687111918e-01 4.1687111918e-01 4.1687111918e-01 
