4.1647775371e-01 4.1647775371e-01 4.1647775371e-01 4.1647775371e-01 4.1647775371e-01 4.1647775371e-01 
4.1647837347e-01 4.1647837347e-01 4.1647837347e-01 4.1647837347e-01 4.1647837347e-01 4.1647837347e-01 
4.1648022520e-01 4.1648022520e-01 4.1648022520e-01 4.1648022520e-01 4.1648022520e-01 4.1648022520e-01 
4.1648328604e-01 4.1648328604e-01 4.1648328604e-01 4.1648328604e-01 4.1648328604e-01 4.1648328604e-01 
4.1648751713e-01 4.1648751713e-01 4.1648751713e-01 4.1648751713e-01 4.1648751713e-01 4.1648751713e-01 
4.1649286234e-01 4.1649286234e-01 4.1649286234e-01 4.1649286234e-01 4.1649286234e-01 4.1649286234e-01 
4.1649924610e-01 4.1649924610e-01 4.1649924610e-01 4.1649924610e-01 4.1649924610e-01 4.1649924610e-01 
4.1650657043e-01 4.1650657043e-01 4.1650657043e-01 4.1650657043e-01 4.1650657043e-01 4.1650657043e-01 
4.1651471120e-01 4.1651471120e-01 4.1651471120e-01 4.1651471120e-01 4.1651471120e-01 4.1651471120e-01 
4.1652351399e-01 4.1652351399e-01 4.1652351399e-01 4.1652351399e-01 4.1652351399e-01 4.1652351399e-01 
4.1653279058e-01 4.1653279058e-01 4.1653279058e-01 4.1653279058e-01 4.1653279058e-01 4.1653279058e-01 
4.1654231762e-01 4.1654231762e-01 4.1654231762e-01 4.1654231762e-01 4.1654231762e-01 4.1654231762e-01 
4.1655183965e-01 4.1655183965e-01 4.1655183965e-01 4.1655183965e-01 4.1655183965e-01 4.1655183965e-01 
4.1656107847e-01 4.1656107847e-01 4.1656107847e-01 4.1656107847e-01 4.1656107847e-01 4.1656107847e-01 
4.1656974893e-01 4.1656974893e-01 4.1656974893e-01 4.1656974893e-01 4.1656974893e-01 4.1656974893e-01 
4.1657757850e-01 4.1657757850e-01 4.1657757850e-01 4.1657757850e-01 4.1657757850e-01 4.1657757850e-01 
4.1658432518e-01 4.1658432518e-01 4.1658432518e-01 4.1658432518e-01 4.1658432518e-01 4.1658432518e-01 
4.1658978902e-01 4.1658978902e-01 4.1658978902e-01 4.1658978902e-01 4.1658978902e-01 4.1658978902e-01 
4.1659381448e-01 4.1659381448e-01 4.1659381448e-01 4.1659381448e-01 4.1659381448e-01 4.1659381448e-01 
4.1659628448e-01 4.1659628448e-01 4.1659628448e-01 4.1659628448e-01 4.1659628448e-01 4.1659628448e-01 
4.1659711692e-01 4.1659711692e-01 4.1659711692e-01 4.1659711692e-01 4.1659711692e-01 4.1659711692e-01 
