7.2486735746e-01 7.2486735746e-01 7.2486735746e-01 7.2486735746e-01 7.2486735746e-01 7.2486735746e-01 
7.2490941953e-01 7.2490941953e-01 7.2490941953e-01 7.2490941953e-01 7.2490941953e-01 7.2490941953e-01 
7.2504295002e-01 7.2504295002e-01 7.2504295002e-01 7.2504295002e-01 7.2504295002e-01 7.2504295002e-01 
7.2528857065e-01 7.2528857065e-01 7.2528857065e-01 7.2528857065e-01 7.2528857065e-01 7.2528857065e-01 
7.2567645363e-01 7.2567645363e-01 7.2567645363e-01 7.2567645363e-01 7.2567645363e-01 7.2567645363e-01 
7.2624168744e-01 7.2624168744e-01 7.2624168744e-01 7.2624168744e-01 7.2624168744e-01 7.2624168744e-01 
7.2702021558e-01 7.2702021558e-01 7.2702021558e-01 7.2702021558e-01 7.2702021558e-01 7.2702021558e-01 
7.2804583299e-01 7.2804583299e-01 7.2804583299e-01 7.2804583299e-01 7.2804583299e-01 7.2804583299e-01 
7.2934793618e-01 7.2934793618e-01 7.2934793618e-01 7.2934793618e-01 7.2934793618e-01 7.2934793618e-01 
7.3094980839e-01 7.3094980839e-01 7.3094980839e-01 7.3094980839e-01 7.3094980839e-01 7.3094980839e-01 
7.3286767090e-01 7.3286767090e-01 7.3286767090e-01 7.3286767090e-01 7.3286767090e-01 7.3286767090e-01 
7.3511118604e-01 7.3511118604e-01 7.3511118604e-01 7.3511118604e-01 7.3511118604e-01 7.3511118604e-01 
7.3768664478e-01 7.3768664478e-01 7.3768664478e-01 7.3768664478e-01 7.3768664478e-01 7.3768664478e-01 
7.4060434555e-01 7.4060434555e-01 7.4060434555e-01 7.4060434555e-01 7.4060434555e-01 7.4060434555e-01 
7.4389068356e-01 7.4389068356e-01 7.4389068356e-01 7.4389068356e-01 7.4389068356e-01 7.4389068356e-01 
7.4760191726e-01 7.4760191726e-01 7.4760191726e-01 7.4760191726e-01 7.4760191726e-01 7.4760191726e-01 
7.5182422081e-01 7.5182422081e-01 7.5182422081e-01 7.5182422081e-01 7.5182422081e-01 7.5182422081e-01 
7.5661168365e-01 7.5661168365e-01 7.5661168365e-01 7.5661168365e-01 7.5661168365e-01 7.5661168365e-01 
7.6175394783e-01 7.6175394783e-01 7.6175394783e-01 7.6175394783e-01 7.6175394783e-01 7.6175394783e-01 
7.6632076723e-01 7.6632076723e-01 7.6632076723e-01 7.6632076723e-01 7.6632076723e-01 7.6632076723e-01 
7.6837284333e-01 7.6837284333e-01 7.6837284333e-01 7.6837284333e-01 7.6837284333e-01 7.6837284333e-01 
