4.1646968952e-01 4.1646968952e-01 4.1646968952e-01 4.1646968952e-01 4.1646968952e-01 4.1646968952e-01 
4.1647017091e-01 4.1647017091e-01 4.1647017091e-01 4.1647017091e-01 4.1647017091e-01 4.1647017091e-01 
4.1647160931e-01 4.1647160931e-01 4.1647160931e-01 4.1647160931e-01 4.1647160931e-01 4.1647160931e-01 
4.1647398726e-01 4.1647398726e-01 4.1647398726e-01 4.1647398726e-01 4.1647398726e-01 4.1647398726e-01 
4.1647727504e-01 4.1647727504e-01 4.1647727504e-01 4.1647727504e-01 4.1647727504e-01 4.1647727504e-01 
4.1648142967e-01 4.1648142967e-01 4.1648142967e-01 4.1648142967e-01 4.1648142967e-01 4.1648142967e-01 
4.1648639311e-01 4.1648639311e-01 4.1648639311e-01 4.1648639311e-01 4.1648639311e-01 4.1648639311e-01 
4.1649208992e-01 4.1649208992e-01 4.1649208992e-01 4.1649208992e-01 4.1649208992e-01 4.1649208992e-01 
4.1649842419e-01 4.1649842419e-01 4.1649842419e-01 4.1649842419e-01 4.1649842419e-01 4.1649842419e-01 
4.1650527626e-01 4.1650527626e-01 4.1650527626e-01 4.1650527626e-01 4.1650527626e-01 4.1650527626e-01 
4.1651249986e-01 4.1651249986e-01 4.1651249986e-01 4.1651249986e-01 4.1651249986e-01 4.1651249986e-01 
4.1651992101e-01 4.1651992101e-01 4.1651992101e-01 4.1651992101e-01 4.1651992101e-01 4.1651992101e-01 
4.1652734038e-01 4.1652734038e-01 4.1652734038e-01 4.1652734038e-01 4.1652734038e-01 4.1652734038e-01 
4.1653454065e-01 4.1653454065e-01 4.1653454065e-01 4.1653454065e-01 4.1653454065e-01 4.1653454065e-01 
4.1654129900e-01 4.1654129900e-01 4.1654129900e-01 4.1654129900e-01 4.1654129900e-01 4.1654129900e-01 
4.1654740244e-01 4.1654740244e-01 4.1654740244e-01 4.1654740244e-01 4.1654740244e-01 4.1654740244e-01 
4.1655266199e-01 4.1655266199e-01 4.1655266199e-01 4.1655266199e-01 4.1655266199e-01 4.1655266199e-01 
4.1655692156e-01 4.1655692156e-01 4.1655692156e-01 4.1655692156e-01 4.1655692156e-01 4.1655692156e-01 
4.1656005986e-01 4.1656005986e-01 4.1656005986e-01 4.1656005986e-01 4.1656005986e-01 4.1656005986e-01 
4.1656198557e-01 4.1656198557e-01 4.1656198557e-01 4.1656198557e-01 4.1656198557e-01 4.1656198557e-01 
4.1656263459e-01 4.1656263459e-01 4.1656263459e-01 4.1656263459e-01 4.1656263459e-01 4.1656263459e-01 
