6.0102549598e-01 6.0102549598e-01 6.0102549598e-01 6.0102549598e-01 6.0102549598e-01 6.0102549598e-01 
6.0111451343e-01 6.0111451343e-01 6.0111451343e-01 6.0111451343e-01 6.0111451343e-01 6.0111451343e-01 
6.0138383878e-01 6.0138383878e-01 6.0138383878e-01 6.0138383878e-01 6.0138383878e-01 6.0138383878e-01 
6.0183925212e-01 6.0183925212e-01 6.0183925212e-01 6.0183925212e-01 6.0183925212e-01 6.0183925212e-01 
6.0248732453e-01 6.0248732453e-01 6.0248732453e-01 6.0248732453e-01 6.0248732453e-01 6.0248732453e-01 
6.0333213619e-01 6.0333213619e-01 6.0333213619e-01 6.0333213619e-01 6.0333213619e-01 6.0333213619e-01 
6.0437259945e-01 6.0437259945e-01 6.0437259945e-01 6.0437259945e-01 6.0437259945e-01 6.0437259945e-01 
6.0560078989e-01 6.0560078989e-01 6.0560078989e-01 6.0560078989e-01 6.0560078989e-01 6.0560078989e-01 
6.0700108817e-01 6.0700108817e-01 6.0700108817e-01 6.0700108817e-01 6.0700108817e-01 6.0700108817e-01 
6.0855001967e-01 6.0855001967e-01 6.0855001967e-01 6.0855001967e-01 6.0855001967e-01 6.0855001967e-01 
6.1021706287e-01 6.1021706287e-01 6.1021706287e-01 6.1021706287e-01 6.1021706287e-01 6.1021706287e-01 
6.1196711632e-01 6.1196711632e-01 6.1196711632e-01 6.1196711632e-01 6.1196711632e-01 6.1196711632e-01 
6.1376587603e-01 6.1376587603e-01 6.1376587603e-01 6.1376587603e-01 6.1376587603e-01 6.1376587603e-01 
6.1558989635e-01 6.1558989635e-01 6.1558989635e-01 6.1558989635e-01 6.1558989635e-01 6.1558989635e-01 
6.1744307478e-01 6.1744307478e-01 6.1744307478e-01 6.1744307478e-01 6.1744307478e-01 6.1744307478e-01 
6.1938016722e-01 6.1938016722e-01 6.1938016722e-01 6.1938016722e-01 6.1938016722e-01 6.1938016722e-01 
6.2153112900e-01 6.2153112900e-01 6.2153112900e-01 6.2153112900e-01 6.2153112900e-01 6.2153112900e-01 
6.2409357689e-01 6.2409357689e-01 6.2409357689e-01 6.2409357689e-01 6.2409357689e-01 6.2409357689e-01 
6.2717928267e-01 6.2717928267e-01 6.2717928267e-01 6.2717928267e-01 6.2717928267e-01 6.2717928267e-01 
6.3032648775e-01 6.3032648775e-01 6.3032648775e-01 6.3032648775e-01 6.3032648775e-01 6.3032648775e-01 
6.3189959719e-01 6.3189959719e-01 6.3189959719e-01 6.3189959719e-01 6.3189959719e-01 6.3189959719e-01 
