5.1392246205e-01 5.1392246205e-01 5.1392246205e-01 5.1392246205e-01 5.1392246205e-01 5.1392246205e-01 
5.1401091922e-01 5.1401091922e-01 5.1401091922e-01 5.1401091922e-01 5.1401091922e-01 5.1401091922e-01 
5.1427609931e-01 5.1427609931e-01 5.1427609931e-01 5.1427609931e-01 5.1427609931e-01 5.1427609931e-01 
5.1471679574e-01 5.1471679574e-01 5.1471679574e-01 5.1471679574e-01 5.1471679574e-01 5.1471679574e-01 
5.1532915450e-01 5.1532915450e-01 5.1532915450e-01 5.1532915450e-01 5.1532915450e-01 5.1532915450e-01 
5.1610477261e-01 5.1610477261e-01 5.1610477261e-01 5.1610477261e-01 5.1610477261e-01 5.1610477261e-01 
5.1702929565e-01 5.1702929565e-01 5.1702929565e-01 5.1702929565e-01 5.1702929565e-01 5.1702929565e-01 
5.1808178344e-01 5.1808178344e-01 5.1808178344e-01 5.1808178344e-01 5.1808178344e-01 5.1808178344e-01 
5.1923472155e-01 5.1923472155e-01 5.1923472155e-01 5.1923472155e-01 5.1923472155e-01 5.1923472155e-01 
5.2045460694e-01 5.2045460694e-01 5.2045460694e-01 5.2045460694e-01 5.2045460694e-01 5.2045460694e-01 
5.2170328050e-01 5.2170328050e-01 5.2170328050e-01 5.2170328050e-01 5.2170328050e-01 5.2170328050e-01 
5.2294044878e-01 5.2294044878e-01 5.2294044878e-01 5.2294044878e-01 5.2294044878e-01 5.2294044878e-01 
5.2412820685e-01 5.2412820685e-01 5.2412820685e-01 5.2412820685e-01 5.2412820685e-01 5.2412820685e-01 
5.2523875201e-01 5.2523875201e-01 5.2523875201e-01 5.2523875201e-01 5.2523875201e-01 5.2523875201e-01 
5.2626662367e-01 5.2626662367e-01 5.2626662367e-01 5.2626662367e-01 5.2626662367e-01 5.2626662367e-01 
5.2724658671e-01 5.2724658671e-01 5.2724658671e-01 5.2724658671e-01 5.2724658671e-01 5.2724658671e-01 
5.2827527793e-01 5.2827527793e-01 5.2827527793e-01 5.2827527793e-01 5.2827527793e-01 5.2827527793e-01 
5.2952005353e-01 5.2952005353e-01 5.2952005353e-01 5.2952005353e-01 5.2952005353e-01 5.2952005353e-01 
5.3114149427e-01 5.3114149427e-01 5.3114149427e-01 5.3114149427e-01 5.3114149427e-01 5.3114149427e-01 
5.3296079198e-01 5.3296079198e-01 5.3296079198e-01 5.3296079198e-01 5.3296079198e-01 5.3296079198e-01 
5.3393442100e-01 5.3393442100e-01 5.3393442100e-01 5.3393442100e-01 5.3393442100e-01 5.3393442100e-01 
