4.6265767080e-01 4.6265767080e-01 4.6265767080e-01 4.6265767080e-01 4.6265767080e-01 4.6265767080e-01 
4.6273148763e-01 4.6273148763e-01 4.6273148763e-01 4.6273148763e-01 4.6273148763e-01 4.6273148763e-01 
4.6295196700e-01 4.6295196700e-01 4.6295196700e-01 4.6295196700e-01 4.6295196700e-01 4.6295196700e-01 
4.6331586816e-01 4.6331586816e-01 4.6331586816e-01 4.6331586816e-01 4.6331586816e-01 4.6331586816e-01 
4.6381684737e-01 4.6381684737e-01 4.6381684737e-01 4.6381684737e-01 4.6381684737e-01 4.6381684737e-01 
4.6444452849e-01 4.6444452849e-01 4.6444452849e-01 4.6444452849e-01 4.6444452849e-01 4.6444452849e-01 
4.6518390640e-01 4.6518390640e-01 4.6518390640e-01 4.6518390640e-01 4.6518390640e-01 4.6518390640e-01 
4.6601523213e-01 4.6601523213e-01 4.6601523213e-01 4.6601523213e-01 4.6601523213e-01 4.6601523213e-01 
4.6691430785e-01 4.6691430785e-01 4.6691430785e-01 4.6691430785e-01 4.6691430785e-01 4.6691430785e-01 
4.6785314380e-01 4.6785314380e-01 4.6785314380e-01 4.6785314380e-01 4.6785314380e-01 4.6785314380e-01 
4.6880105984e-01 4.6880105984e-01 4.6880105984e-01 4.6880105984e-01 4.6880105984e-01 4.6880105984e-01 
4.6972645788e-01 4.6972645788e-01 4.6972645788e-01 4.6972645788e-01 4.6972645788e-01 4.6972645788e-01 
4.7059968895e-01 4.7059968895e-01 4.7059968895e-01 4.7059968895e-01 4.7059968895e-01 4.7059968895e-01 
4.7139764435e-01 4.7139764435e-01 4.7139764435e-01 4.7139764435e-01 4.7139764435e-01 4.7139764435e-01 
4.7211080350e-01 4.7211080350e-01 4.7211080350e-01 4.7211080350e-01 4.7211080350e-01 4.7211080350e-01 
4.7275345745e-01 4.7275345745e-01 4.7275345745e-01 4.7275345745e-01 4.7275345745e-01 4.7275345745e-01 
4.7337654487e-01 4.7337654487e-01 4.7337654487e-01 4.7337654487e-01 4.7337654487e-01 4.7337654487e-01 
4.7407538579e-01 4.7407538579e-01 4.7407538579e-01 4.7407538579e-01 4.7407538579e-01 4.7407538579e-01 
4.7495358286e-01 4.7495358286e-01 4.7495358286e-01 4.7495358286e-01 4.7495358286e-01 4.7495358286e-01 
4.7594125305e-01 4.7594125305e-01 4.7594125305e-01 4.7594125305e-01 4.7594125305e-01 4.7594125305e-01 
4.7647644748e-01 4.7647644748e-01 4.7647644748e-01 4.7647644748e-01 4.7647644748e-01 4.7647644748e-01 
