4.3655123376e-01 4.3655123376e-01 4.3655123376e-01 4.3655123376e-01 4.3655123376e-01 4.3655123376e-01 
4.3660739018e-01 4.3660739018e-01 4.3660739018e-01 4.3660739018e-01 4.3660739018e-01 4.3660739018e-01 
4.3677484979e-01 4.3677484979e-01 4.3677484979e-01 4.3677484979e-01 4.3677484979e-01 4.3677484979e-01 
4.3705043280e-01 4.3705043280e-01 4.3705043280e-01 4.3705043280e-01 4.3705043280e-01 4.3705043280e-01 
4.3742841194e-01 4.3742841194e-01 4.3742841194e-01 4.3742841194e-01 4.3742841194e-01 4.3742841194e-01 
4.3790011510e-01 4.3790011510e-01 4.3790011510e-01 4.3790011510e-01 4.3790011510e-01 4.3790011510e-01 
4.3845372290e-01 4.3845372290e-01 4.3845372290e-01 4.3845372290e-01 4.3845372290e-01 4.3845372290e-01 
4.3907433428e-01 4.3907433428e-01 4.3907433428e-01 4.3907433428e-01 4.3907433428e-01 4.3907433428e-01 
4.3974426082e-01 4.3974426082e-01 4.3974426082e-01 4.3974426082e-01 4.3974426082e-01 4.3974426082e-01 
4.4044352102e-01 4.4044352102e-01 4.4044352102e-01 4.4044352102e-01 4.4044352102e-01 4.4044352102e-01 
4.4115056879e-01 4.4115056879e-01 4.4115056879e-01 4.4115056879e-01 4.4115056879e-01 4.4115056879e-01 
4.4184336057e-01 4.4184336057e-01 4.4184336057e-01 4.4184336057e-01 4.4184336057e-01 4.4184336057e-01 
4.4250096089e-01 4.4250096089e-01 4.4250096089e-01 4.4250096089e-01 4.4250096089e-01 4.4250096089e-01 
4.4310598624e-01 4.4310598624e-01 4.4310598624e-01 4.4310598624e-01 4.4310598624e-01 4.4310598624e-01 
4.4364824092e-01 4.4364824092e-01 4.4364824092e-01 4.4364824092e-01 4.4364824092e-01 4.4364824092e-01 
4.4412991128e-01 4.4412991128e-01 4.4412991128e-01 4.4412991128e-01 4.4412991128e-01 4.4412991128e-01 
4.4457212751e-01 4.4457212751e-01 4.4457212751e-01 4.4457212751e-01 4.4457212751e-01 4.4457212751e-01 
4.4501938280e-01 4.4501938280e-01 4.4501938280e-01 4.4501938280e-01 4.4501938280e-01 4.4501938280e-01 
4.4552315456e-01 4.4552315456e-01 4.4552315456e-01 4.4552315456e-01 4.4552315456e-01 4.4552315456e-01 
4.4605272754e-01 4.4605272754e-01 4.4605272754e-01 4.4605272754e-01 4.4605272754e-01 4.4605272754e-01 
4.4633189138e-01 4.4633189138e-01 4.4633189138e-01 4.4633189138e-01 4.4633189138e-01 4.4633189138e-01 
