4.2454159845e-01 4.2454159845e-01 4.2454159845e-01 4.2454159845e-01 4.2454159845e-01 4.2454159845e-01 
4.2458134276e-01 4.2458134276e-01 4.2458134276e-01 4.2458134276e-01 4.2458134276e-01 4.2458134276e-01 
4.2469976587e-01 4.2469976587e-01 4.2469976587e-01 4.2469976587e-01 4.2469976587e-01 4.2469976587e-01 
4.2489437489e-01 4.2489437489e-01 4.2489437489e-01 4.2489437489e-01 4.2489437489e-01 4.2489437489e-01 
4.2516083945e-01 4.2516083945e-01 4.2516083945e-01 4.2516083945e-01 4.2516083945e-01 4.2516083945e-01 
4.2549284393e-01 4.2549284393e-01 4.2549284393e-01 4.2549284393e-01 4.2549284393e-01 4.2549284393e-01 
4.2588204767e-01 4.2588204767e-01 4.2588204767e-01 4.2588204767e-01 4.2588204767e-01 4.2588204767e-01 
4.2631818672e-01 4.2631818672e-01 4.2631818672e-01 4.2631818672e-01 4.2631818672e-01 4.2631818672e-01 
4.2678929652e-01 4.2678929652e-01 4.2678929652e-01 4.2678929652e-01 4.2678929652e-01 4.2678929652e-01 
4.2728203950e-01 4.2728203950e-01 4.2728203950e-01 4.2728203950e-01 4.2728203950e-01 4.2728203950e-01 
4.2778215083e-01 4.2778215083e-01 4.2778215083e-01 4.2778215083e-01 4.2778215083e-01 4.2778215083e-01 
4.2827504767e-01 4.2827504767e-01 4.2827504767e-01 4.2827504767e-01 4.2827504767e-01 4.2827504767e-01 
4.2874669199e-01 4.2874669199e-01 4.2874669199e-01 4.2874669199e-01 4.2874669199e-01 4.2874669199e-01 
4.2918484303e-01 4.2918484303e-01 4.2918484303e-01 4.2918484303e-01 4.2918484303e-01 4.2918484303e-01 
4.2958086098e-01 4.2958086098e-01 4.2958086098e-01 4.2958086098e-01 4.2958086098e-01 4.2958086098e-01 
4.2993223336e-01 4.2993223336e-01 4.2993223336e-01 4.2993223336e-01 4.2993223336e-01 4.2993223336e-01 
4.3024574952e-01 4.3024574952e-01 4.3024574952e-01 4.3024574952e-01 4.3024574952e-01 4.3024574952e-01 
4.3053973830e-01 4.3053973830e-01 4.3053973830e-01 4.3053973830e-01 4.3053973830e-01 4.3053973830e-01 
4.3083673345e-01 4.3083673345e-01 4.3083673345e-01 4.3083673345e-01 4.3083673345e-01 4.3083673345e-01 
4.3112187811e-01 4.3112187811e-01 4.3112187811e-01 4.3112187811e-01 4.3112187811e-01 4.3112187811e-01 
4.3126527544e-01 4.3126527544e-01 4.3126527544e-01 4.3126527544e-01 4.3126527544e-01 4.3126527544e-01 
