4.1940613450e-01 4.1940613450e-01 4.1940613450e-01 4.1940613450e-01 4.1940613450e-01 4.1940613450e-01 
4.1943272650e-01 4.1943272650e-01 4.1943272650e-01 4.1943272650e-01 4.1943272650e-01 4.1943272650e-01 
4.1951192438e-01 4.1951192438e-01 4.1951192438e-01 4.1951192438e-01 4.1951192438e-01 4.1951192438e-01 
4.1964196949e-01 4.1964196949e-01 4.1964196949e-01 4.1964196949e-01 4.1964196949e-01 4.1964196949e-01 
4.1981986656e-01 4.1981986656e-01 4.1981986656e-01 4.1981986656e-01 4.1981986656e-01 4.1981986656e-01 
4.2004134026e-01 4.2004134026e-01 4.2004134026e-01 4.2004134026e-01 4.2004134026e-01 4.2004134026e-01 
4.2030085076e-01 4.2030085076e-01 4.2030085076e-01 4.2030085076e-01 4.2030085076e-01 4.2030085076e-01 
4.2059168291e-01 4.2059168291e-01 4.2059168291e-01 4.2059168291e-01 4.2059168291e-01 4.2059168291e-01 
4.2090609850e-01 4.2090609850e-01 4.2090609850e-01 4.2090609850e-01 4.2090609850e-01 4.2090609850e-01 
4.2123554287e-01 4.2123554287e-01 4.2123554287e-01 4.2123554287e-01 4.2123554287e-01 4.2123554287e-01 
4.2157091042e-01 4.2157091042e-01 4.2157091042e-01 4.2157091042e-01 4.2157091042e-01 4.2157091042e-01 
4.2190288814e-01 4.2190288814e-01 4.2190288814e-01 4.2190288814e-01 4.2190288814e-01 4.2190288814e-01 
4.2222241641e-01 4.2222241641e-01 4.2222241641e-01 4.2222241641e-01 4.2222241641e-01 4.2222241641e-01 
4.2252132733e-01 4.2252132733e-01 4.2252132733e-01 4.2252132733e-01 4.2252132733e-01 4.2252132733e-01 
4.2279323261e-01 4.2279323261e-01 4.2279323261e-01 4.2279323261e-01 4.2279323261e-01 4.2279323261e-01 
4.2303473799e-01 4.2303473799e-01 4.2303473799e-01 4.2303473799e-01 4.2303473799e-01 4.2303473799e-01 
4.2324695212e-01 4.2324695212e-01 4.2324695212e-01 4.2324695212e-01 4.2324695212e-01 4.2324695212e-01 
4.2343657605e-01 4.2343657605e-01 4.2343657605e-01 4.2343657605e-01 4.2343657605e-01 4.2343657605e-01 
4.2361264538e-01 4.2361264538e-01 4.2361264538e-01 4.2361264538e-01 4.2361264538e-01 4.2361264538e-01 
4.2376757108e-01 4.2376757108e-01 4.2376757108e-01 4.2376757108e-01 4.2376757108e-01 4.2376757108e-01 
4.2384142290e-01 4.2384142290e-01 4.2384142290e-01 4.2384142290e-01 4.2384142290e-01 4.2384142290e-01 
