4.1735037905e-01 4.1735037905e-01 4.1735037905e-01 4.1735037905e-01 4.1735037905e-01 4.1735037905e-01 
4.1736745189e-01 4.1736745189e-01 4.1736745189e-01 4.1736745189e-01 4.1736745189e-01 4.1736745189e-01 
4.1741828466e-01 4.1741828466e-01 4.1741828466e-01 4.1741828466e-01 4.1741828466e-01 4.1741828466e-01 
4.1750171212e-01 4.1750171212e-01 4.1750171212e-01 4.1750171212e-01 4.1750171212e-01 4.1750171212e-01 
4.1761577305e-01 4.1761577305e-01 4.1761577305e-01 4.1761577305e-01 4.1761577305e-01 4.1761577305e-01 
4.1775770527e-01 4.1775770527e-01 4.1775770527e-01 4.1775770527e-01 4.1775770527e-01 4.1775770527e-01 
4.1792397300e-01 4.1792397300e-01 4.1792397300e-01 4.1792397300e-01 4.1792397300e-01 4.1792397300e-01 
4.1811033252e-01 4.1811033252e-01 4.1811033252e-01 4.1811033252e-01 4.1811033252e-01 4.1811033252e-01 
4.1831193085e-01 4.1831193085e-01 4.1831193085e-01 4.1831193085e-01 4.1831193085e-01 4.1831193085e-01 
4.1852343280e-01 4.1852343280e-01 4.1852343280e-01 4.1852343280e-01 4.1852343280e-01 4.1852343280e-01 
4.1873917734e-01 4.1873917734e-01 4.1873917734e-01 4.1873917734e-01 4.1873917734e-01 4.1873917734e-01 
4.1895337130e-01 4.1895337130e-01 4.1895337130e-01 4.1895337130e-01 4.1895337130e-01 4.1895337130e-01 
4.1916033695e-01 4.1916033695e-01 4.1916033695e-01 4.1916033695e-01 4.1916033695e-01 4.1916033695e-01 
4.1935483985e-01 4.1935483985e-01 4.1935483985e-01 4.1935483985e-01 4.1935483985e-01 4.1935483985e-01 
4.1953252830e-01 4.1953252830e-01 4.1953252830e-01 4.1953252830e-01 4.1953252830e-01 4.1953252830e-01 
4.1969051858e-01 4.1969051858e-01 4.1969051858e-01 4.1969051858e-01 4.1969051858e-01 4.1969051858e-01 
4.1982811093e-01 4.1982811093e-01 4.1982811093e-01 4.1982811093e-01 4.1982811093e-01 4.1982811093e-01 
4.1994731531e-01 4.1994731531e-01 4.1994731531e-01 4.1994731531e-01 4.1994731531e-01 4.1994731531e-01 
4.2005141355e-01 4.2005141355e-01 4.2005141355e-01 4.2005141355e-01 4.2005141355e-01 4.2005141355e-01 
4.2013640856e-01 4.2013640856e-01 4.2013640856e-01 4.2013640856e-01 4.2013640856e-01 4.2013640856e-01 
4.2017483542e-01 4.2017483542e-01 4.2017483542e-01 4.2017483542e-01 4.2017483542e-01 4.2017483542e-01 
