1.3738571042e-04 1.3738571042e-04 1.3738571042e-04 1.3738571042e-04 1.3738571042e-04 1.3738571042e-04 
1.6725283095e-04 1.6725283095e-04 1.6725283095e-04 1.6725283095e-04 1.6725283095e-04 1.6725283095e-04 
2.6955996457e-04 2.6955996457e-04 2.6955996457e-04 2.6955996457e-04 2.6955996457e-04 2.6955996457e-04 
4.8727340884e-04 4.8727340884e-04 4.8727340884e-04 4.8727340884e-04 4.8727340884e-04 4.8727340884e-04 
9.0947804625e-04 9.0947804625e-04 9.0947804625e-04 9.0947804625e-04 9.0947804625e-04 9.0947804625e-04 
1.7021600185e-03 1.7021600185e-03 1.7021600185e-03 1.7021600185e-03 1.7021600185e-03 1.7021600185e-03 
3.1601386633e-03 3.1601386633e-03 3.1601386633e-03 3.1601386633e-03 3.1601386633e-03 3.1601386633e-03 
5.7872523881e-03 5.7872523881e-03 5.7872523881e-03 5.7872523881e-03 5.7872523881e-03 5.7872523881e-03 
1.0408675009e-02 1.0408675009e-02 1.0408675009e-02 1.0408675009e-02 1.0408675009e-02 1.0408675009e-02 
1.8307532126e-02 1.8307532126e-02 1.8307532126e-02 1.8307532126e-02 1.8307532126e-02 1.8307532126e-02 
3.1353722368e-02 3.1353722368e-02 3.1353722368e-02 3.1353722368e-02 3.1353722368e-02 3.1353722368e-02 
5.2059172388e-02 5.2059172388e-02 5.2059172388e-02 5.2059172388e-02 5.2059172388e-02 5.2059172388e-02 
8.3472784538e-02 8.3472784538e-02 8.3472784538e-02 8.3472784538e-02 8.3472784538e-02 8.3472784538e-02 
1.2886227987e-01 1.2886227987e-01 1.2886227987e-01 1.2886227987e-01 1.2886227987e-01 1.2886227987e-01 
1.9124304382e-01 1.9124304382e-01 1.9124304382e-01 1.9124304382e-01 1.9124304382e-01 1.9124304382e-01 
2.7294882085e-01 2.7294882085e-01 2.7294882085e-01 2.7294882085e-01 2.7294882085e-01 2.7294882085e-01 
3.7546273512e-01 3.7546273512e-01 3.7546273512e-01 3.7546273512e-01 3.7546273512e-01 3.7546273512e-01 
4.9957090152e-01 4.9957090152e-01 4.9957090152e-01 4.9957090152e-01 4.9957090152e-01 4.9957090152e-01 
6.4560026317e-01 6.4560026317e-01 6.4560026317e-01 6.4560026317e-01 6.4560026317e-01 6.4560026317e-01 
8.1297075161e-01 8.1297075161e-01 8.1297075161e-01 8.1297075161e-01 8.1297075161e-01 8.1297075161e-01 
1.0000000000e+00 1.0000000000e+00 1.0000000000e+00 1.0000000000e+00 1.0000000000e+00 1.0000000000e+00 
