1.5024892253e-04 1.5024892253e-04 1.5024892253e-04 1.5024892253e-04 1.5024892253e-04 1.5024892253e-04 
1.8251716610e-04 1.8251716610e-04 1.8251716610e-04 1.8251716610e-04 1.8251716610e-04 1.8251716610e-04 
2.9287115078e-04 2.9287115078e-04 2.9287115078e-04 2.9287115078e-04 2.9287115078e-04 2.9287115078e-04 
5.2703785667e-04 5.2703785667e-04 5.2703785667e-04 5.2703785667e-04 5.2703785667e-04 5.2703785667e-04 
9.7948233398e-04 9.7948233398e-04 9.7948233398e-04 9.7948233398e-04 9.7948233398e-04 9.7948233398e-04 
1.8253678641e-03 1.8253678641e-03 1.8253678641e-03 1.8253678641e-03 1.8253678641e-03 1.8253678641e-03 
3.3740290392e-03 3.3740290392e-03 3.3740290392e-03 3.3740290392e-03 3.3740290392e-03 3.3740290392e-03 
6.1506282776e-03 6.1506282776e-03 6.1506282776e-03 6.1506282776e-03 6.1506282776e-03 6.1506282776e-03 
1.1008812870e-02 1.1008812870e-02 1.1008812870e-02 1.1008812870e-02 1.1008812870e-02 1.1008812870e-02 
1.9264620839e-02 1.9264620839e-02 1.9264620839e-02 1.9264620839e-02 1.9264620839e-02 1.9264620839e-02 
3.2817069636e-02 3.2817069636e-02 3.2817069636e-02 3.2817069636e-02 3.2817069636e-02 3.2817069636e-02 
5.4188280723e-02 5.4188280723e-02 5.4188280723e-02 5.4188280723e-02 5.4188280723e-02 5.4188280723e-02 
8.6399270322e-02 8.6399270322e-02 8.6399270322e-02 8.6399270322e-02 8.6399270322e-02 8.6399270322e-02 
1.3263786140e-01 1.3263786140e-01 1.3263786140e-01 1.3263786140e-01 1.3263786140e-01 1.3263786140e-01 
1.9579033183e-01 1.9579033183e-01 1.9579033183e-01 1.9579033183e-01 1.9579033183e-01 1.9579033183e-01 
2.7803452440e-01 2.7803452440e-01 2.7803452440e-01 2.7803452440e-01 2.7803452440e-01 2.7803452440e-01 
3.8070097961e-01 3.8070097961e-01 3.8070097961e-01 3.8070097961e-01 3.8070097961e-01 3.8070097961e-01 
5.0444736673e-01 5.0444736673e-01 5.0444736673e-01 5.0444736673e-01 5.0444736673e-01 5.0444736673e-01 
6.4950384017e-01 6.4950384017e-01 6.4950384017e-01 6.4950384017e-01 6.4950384017e-01 6.4950384017e-01 
8.1524446571e-01 8.1524446571e-01 8.1524446571e-01 8.1524446571e-01 8.1524446571e-01 8.1524446571e-01 
1.0000000000e+00 1.0000000000e+00 1.0000000000e+00 1.0000000000e+00 1.0000000000e+00 1.0000000000e+00 
