8.7659688704e-05 8.7659688704e-05 8.7659688704e-05 8.7659688704e-05 8.7659688704e-05 8.7659688704e-05 
1.0782802722e-04 1.0782802722e-04 1.0782802722e-04 1.0782802722e-04 1.0782802722e-04 1.0782802722e-04 
1.7745081646e-04 1.7745081646e-04 1.7745081646e-04 1.7745081646e-04 1.7745081646e-04 1.7745081646e-04 
3.2766183072e-04 3.2766183072e-04 3.2766183072e-04 3.2766183072e-04 3.2766183072e-04 3.2766183072e-04 
6.2415750999e-04 6.2415750999e-04 6.2415750999e-04 6.2415750999e-04 6.2415750999e-04 6.2415750999e-04 
1.1922358902e-03 1.1922358902e-03 1.1922358902e-03 1.1922358902e-03 1.1922358902e-03 1.1922358902e-03 
2.2607301279e-03 2.2607301279e-03 2.2607301279e-03 2.2607301279e-03 2.2607301279e-03 2.2607301279e-03 
4.2334405165e-03 4.2334405165e-03 4.2334405165e-03 4.2334405165e-03 4.2334405165e-03 4.2334405165e-03 
7.7963331626e-03 7.7963331626e-03 7.7963331626e-03 7.7963331626e-03 7.7963331626e-03 7.7963331626e-03 
1.4061663732e-02 1.4061663732e-02 1.4061663732e-02 1.4061663732e-02 1.4061663732e-02 1.4061663732e-02 
2.4730329823e-02 2.4730329823e-02 2.4730329823e-02 2.4730329823e-02 2.4730329823e-02 2.4730329823e-02 
4.2218210636e-02 4.2218210636e-02 4.2218210636e-02 4.2218210636e-02 4.2218210636e-02 4.2218210636e-02 
6.9653678041e-02 6.9653678041e-02 6.9653678041e-02 6.9653678041e-02 6.9653678041e-02 6.9653678041e-02 
1.1065286394e-01 1.1065286394e-01 1.1065286394e-01 1.1065286394e-01 1.1065286394e-01 1.1065286394e-01 
1.6886719579e-01 1.6886719579e-01 1.6886719579e-01 1.6886719579e-01 1.6886719579e-01 1.6886719579e-01 
2.4746146759e-01 2.4746146759e-01 2.4746146759e-01 2.4746146759e-01 2.4746146759e-01 2.4746146759e-01 
3.4878498682e-01 3.4878498682e-01 3.4878498682e-01 3.4878498682e-01 3.4878498682e-01 3.4878498682e-01 
4.7439210379e-01 4.7439210379e-01 4.7439210379e-01 4.7439210379e-01 4.7439210379e-01 4.7439210379e-01 
6.2521413051e-01 6.2521413051e-01 6.2521413051e-01 6.2521413051e-01 6.2521413051e-01 6.2521413051e-01 
8.0098703325e-01 8.0098703325e-01 8.0098703325e-01 8.0098703325e-01 8.0098703325e-01 8.0098703325e-01 
1.0000000000e+00 1.0000000000e+00 1.0000000000e+00 1.0000000000e+00 1.0000000000e+00 1.0000000000e+00 
