1.5977515772e-05 1.5977515772e-05 1.5977515772e-05 1.5977515772e-05 1.5977515772e-05 1.5977515772e-05 
2.0179085164e-05 2.0179085164e-05 2.0179085164e-05 2.0179085164e-05 2.0179085164e-05 2.0179085164e-05 
3.4985953338e-05 3.4985953338e-05 3.4985953338e-05 3.4985953338e-05 3.4985953338e-05 3.4985953338e-05 
6.8136268786e-05 6.8136268786e-05 6.8136268786e-05 6.8136268786e-05 6.8136268786e-05 6.8136268786e-05 
1.3683717842e-04 1.3683717842e-04 1.3683717842e-04 1.3683717842e-04 1.3683717842e-04 1.3683717842e-04 
2.7632014185e-04 2.7632014185e-04 2.7632014185e-04 2.7632014185e-04 2.7632014185e-04 2.7632014185e-04 
5.5677837307e-04 5.5677837307e-04 5.5677837307e-04 5.5677837307e-04 5.5677837307e-04 5.5677837307e-04 
1.1155398252e-03 1.1155398252e-03 1.1155398252e-03 1.1155398252e-03 1.1155398252e-03 1.1155398252e-03 
2.2159550150e-03 2.2159550150e-03 2.2159550150e-03 2.2159550150e-03 2.2159550150e-03 2.2159550150e-03 
4.3502754386e-03 4.3502754386e-03 4.3502754386e-03 4.3502754386e-03 4.3502754386e-03 4.3502754386e-03 
8.4081506528e-03 8.4081506528e-03 8.4081506528e-03 8.4081506528e-03 8.4081506528e-03 8.4081506528e-03 
1.5927845042e-02 1.5927845042e-02 1.5927845042e-02 1.5927845042e-02 1.5927845042e-02 1.5927845042e-02 
2.9419959459e-02 2.9419959459e-02 2.9419959459e-02 2.9419959459e-02 2.9419959459e-02 2.9419959459e-02 
5.2689402880e-02 5.2689402880e-02 5.2689402880e-02 5.2689402880e-02 5.2689402880e-02 5.2689402880e-02 
9.0993623981e-02 9.0993623981e-02 9.0993623981e-02 9.0993623981e-02 9.0993623981e-02 9.0993623981e-02 
1.5084650673e-01 1.5084650673e-01 1.5084650673e-01 1.5084650673e-01 1.5084650673e-01 1.5084650673e-01 
2.3942987133e-01 2.3942987133e-01 2.3942987133e-01 2.3942987133e-01 2.3942987133e-01 2.3942987133e-01 
3.6385281025e-01 3.6385281025e-01 3.6385281025e-01 3.6385281025e-01 3.6385281025e-01 3.6385281025e-01 
5.3041074629e-01 5.3041074629e-01 5.3041074629e-01 5.3041074629e-01 5.3041074629e-01 5.3041074629e-01 
7.4260886988e-01 7.4260886988e-01 7.4260886988e-01 7.4260886988e-01 7.4260886988e-01 7.4260886988e-01 
1.0000000000e+00 1.0000000000e+00 1.0000000000e+00 1.0000000000e+00 1.0000000000e+00 1.0000000000e+00 
