1.6559201001e-04 1.6559201001e-04 1.6559201001e-04 1.6559201001e-04 1.6559201001e-04 1.6559201001e-04 
2.0067646401e-04 2.0067646401e-04 2.0067646401e-04 2.0067646401e-04 2.0067646401e-04 2.0067646401e-04 
3.2044898337e-04 3.2044898337e-04 3.2044898337e-04 3.2044898337e-04 3.2044898337e-04 3.2044898337e-04 
5.7380204601e-04 5.7380204601e-04 5.7380204601e-04 5.7380204601e-04 5.7380204601e-04 5.7380204601e-04 
1.0613371201e-03 1.0613371201e-03 1.0613371201e-03 1.0613371201e-03 1.0613371201e-03 1.0613371201e-03 
1.9686069804e-03 1.9686069804e-03 1.9686069804e-03 1.9686069804e-03 1.9686069804e-03 1.9686069804e-03 
3.6212231332e-03 3.6212231332e-03 3.6212231332e-03 3.6212231332e-03 3.6212231332e-03 3.6212231332e-03 
6.5679720083e-03 6.5679720083e-03 6.5679720083e-03 6.5679720083e-03 6.5679720083e-03 6.5679720083e-03 
1.1693539705e-02 1.1693539705e-02 1.1693539705e-02 1.1693539705e-02 1.1693539705e-02 1.1693539705e-02 
2.0348980491e-02 2.0348980491e-02 2.0348980491e-02 2.0348980491e-02 2.0348980491e-02 2.0348980491e-02 
3.4462808831e-02 3.4462808831e-02 3.4462808831e-02 3.4462808831e-02 3.4462808831e-02 3.4462808831e-02 
5.6564488311e-02 5.6564488311e-02 5.6564488311e-02 5.6564488311e-02 5.6564488311e-02 5.6564488311e-02 
8.9640184508e-02 8.9640184508e-02 8.9640184508e-02 8.9640184508e-02 8.9640184508e-02 8.9640184508e-02 
1.3678753325e-01 1.3678753325e-01 1.3678753325e-01 1.3678753325e-01 1.3678753325e-01 1.3678753325e-01 
2.0075267221e-01 2.0075267221e-01 2.0075267221e-01 2.0075267221e-01 2.0075267221e-01 2.0075267221e-01 
2.8354872171e-01 2.8354872171e-01 2.8354872171e-01 2.8354872171e-01 2.8354872171e-01 2.8354872171e-01 
3.8634853551e-01 3.8634853551e-01 3.8634853551e-01 3.8634853551e-01 3.8634853551e-01 3.8634853551e-01 
5.0967953156e-01 5.0967953156e-01 5.0967953156e-01 5.0967953156e-01 5.0967953156e-01 5.0967953156e-01 
6.5367532538e-01 6.5367532538e-01 6.5367532538e-01 6.5367532538e-01 6.5367532538e-01 6.5367532538e-01 
8.1766626230e-01 8.1766626230e-01 8.1766626230e-01 8.1766626230e-01 8.1766626230e-01 8.1766626230e-01 
1.0000000000e+00 1.0000000000e+00 1.0000000000e+00 1.0000000000e+00 1.0000000000e+00 1.0000000000e+00 
