1.1716957275e-04 1.1716957275e-04 1.1716957275e-04 1.1716957275e-04 1.1716957275e-04 1.1716957275e-04 
1.4318095304e-04 1.4318095304e-04 1.4318095304e-04 1.4318095304e-04 1.4318095304e-04 1.4318095304e-04 
2.3253185264e-04 2.3253185264e-04 2.3253185264e-04 2.3253185264e-04 2.3253185264e-04 2.3253185264e-04 
4.2362589305e-04 4.2362589305e-04 4.2362589305e-04 4.2362589305e-04 4.2362589305e-04 4.2362589305e-04 
7.9659549706e-04 7.9659549706e-04 7.9659549706e-04 7.9659549706e-04 7.9659549706e-04 7.9659549706e-04 
1.5020114599e-03 1.5020114599e-03 1.5020114599e-03 1.5020114599e-03 1.5020114599e-03 1.5020114599e-03 
2.8100168193e-03 2.8100168193e-03 2.8100168193e-03 2.8100168193e-03 2.8100168193e-03 2.8100168193e-03 
5.1876471945e-03 5.1876471945e-03 5.1876471945e-03 5.1876471945e-03 5.1876471945e-03 5.1876471945e-03 
9.4099491687e-03 9.4099491687e-03 9.4099491687e-03 9.4099491687e-03 9.4099491687e-03 9.4099491687e-03 
1.6700394443e-02 1.6700394443e-02 1.6700394443e-02 1.6700394443e-02 1.6700394443e-02 1.6700394443e-02 
2.8873095228e-02 2.8873095228e-02 2.8873095228e-02 2.8873095228e-02 2.8873095228e-02 2.8873095228e-02 
4.8414304382e-02 4.8414304382e-02 4.8414304382e-02 4.8414304382e-02 4.8414304382e-02 4.8414304382e-02 
7.8412699927e-02 7.8412699927e-02 7.8412699927e-02 7.8412699927e-02 7.8412699927e-02 7.8412699927e-02 
1.2226997946e-01 1.2226997946e-01 1.2226997946e-01 1.2226997946e-01 1.2226997946e-01 1.2226997946e-01 
1.8322988681e-01 1.8322988681e-01 1.8322988681e-01 1.8322988681e-01 1.8322988681e-01 1.8322988681e-01 
2.6391181298e-01 2.6391181298e-01 2.6391181298e-01 2.6391181298e-01 2.6391181298e-01 2.6391181298e-01 
3.6608646283e-01 3.6608646283e-01 3.6608646283e-01 3.6608646283e-01 3.6608646283e-01 3.6608646283e-01 
4.9078779843e-01 4.9078779843e-01 4.9078779843e-01 4.9078779843e-01 4.9078779843e-01 4.9078779843e-01 
6.3853321611e-01 6.3853321611e-01 6.3853321611e-01 6.3853321611e-01 6.3853321611e-01 6.3853321611e-01 
8.0883731444e-01 8.0883731444e-01 8.0883731444e-01 8.0883731444e-01 8.0883731444e-01 8.0883731444e-01 
1.0000000000e+00 1.0000000000e+00 1.0000000000e+00 1.0000000000e+00 1.0000000000e+00 1.0000000000e+00 
