1.6281775234e-04 1.6281775234e-04 1.6281775234e-04 1.6281775234e-04 1.6281775234e-04 1.6281775234e-04 
1.9739674496e-04 1.9739674496e-04 1.9739674496e-04 1.9739674496e-04 1.9739674496e-04 1.9739674496e-04 
3.1548032971e-04 3.1548032971e-04 3.1548032971e-04 3.1548032971e-04 3.1548032971e-04 3.1548032971e-04 
5.6539854631e-04 5.6539854631e-04 5.6539854631e-04 5.6539854631e-04 5.6539854631e-04 5.6539854631e-04 
1.0466651894e-03 1.0466651894e-03 1.0466651894e-03 1.0466651894e-03 1.0466651894e-03 1.0466651894e-03 
1.9429977880e-03 1.9429977880e-03 1.9429977880e-03 1.9429977880e-03 1.9429977880e-03 1.9429977880e-03 
3.5771453295e-03 3.5771453295e-03 3.5771453295e-03 3.5771453295e-03 3.5771453295e-03 3.5771453295e-03 
6.4937633108e-03 6.4937633108e-03 6.4937633108e-03 6.4937633108e-03 6.4937633108e-03 6.4937633108e-03 
1.1572152315e-02 1.1572152315e-02 1.1572152315e-02 1.1572152315e-02 1.1572152315e-02 1.1572152315e-02 
2.0157363318e-02 2.0157363318e-02 2.0157363318e-02 2.0157363318e-02 2.0157363318e-02 2.0157363318e-02 
3.4172980635e-02 3.4172980635e-02 3.4172980635e-02 3.4172980635e-02 3.4172980635e-02 3.4172980635e-02 
5.6147507846e-02 5.6147507846e-02 5.6147507846e-02 5.6147507846e-02 5.6147507846e-02 5.6147507846e-02 
8.9073525727e-02 8.9073525727e-02 8.9073525727e-02 8.9073525727e-02 8.9073525727e-02 8.9073525727e-02 
1.3606457215e-01 1.3606457215e-01 1.3606457215e-01 1.3606457215e-01 1.3606457215e-01 1.3606457215e-01 
1.9989105061e-01 1.9989105061e-01 1.9989105061e-01 1.9989105061e-01 1.9989105061e-01 1.9989105061e-01 
2.8259423564e-01 2.8259423564e-01 2.8259423564e-01 2.8259423564e-01 2.8259423564e-01 2.8259423564e-01 
3.8537363670e-01 3.8537363670e-01 3.8537363670e-01 3.8537363670e-01 3.8537363670e-01 3.8537363670e-01 
5.0877847315e-01 5.0877847315e-01 5.0877847315e-01 5.0877847315e-01 5.0877847315e-01 5.0877847315e-01 
6.5295836943e-01 6.5295836943e-01 6.5295836943e-01 6.5295836943e-01 6.5295836943e-01 6.5295836943e-01 
8.1725072112e-01 8.1725072112e-01 8.1725072112e-01 8.1725072112e-01 8.1725072112e-01 8.1725072112e-01 
1.0000000000e+00 1.0000000000e+00 1.0000000000e+00 1.0000000000e+00 1.0000000000e+00 1.0000000000e+00 
