1.0472538952e-05 1.0472538952e-05 1.0472538952e-05 1.0472538952e-05 1.0472538952e-05 1.0472538952e-05 
1.2477435318e-05 1.2477435318e-05 1.2477435318e-05 1.2477435318e-05 1.2477435318e-05 1.2477435318e-05 
1.9265624895e-05 1.9265624895e-05 1.9265624895e-05 1.9265624895e-05 1.9265624895e-05 1.9265624895e-05 
3.3462357401e-05 3.3462357401e-05 3.3462357401e-05 3.3462357401e-05 3.3462357401e-05 3.3462357401e-05 
6.0578957092e-05 6.0578957092e-05 6.0578957092e-05 6.0578957092e-05 6.0578957092e-05 6.0578957092e-05 
1.1118507574e-04 1.1118507574e-04 1.1118507574e-04 1.1118507574e-04 1.1118507574e-04 1.1118507574e-04 
2.0507973802e-04 2.0507973802e-04 2.0507973802e-04 2.0507973802e-04 2.0507973802e-04 2.0507973802e-04 
3.7911974531e-04 3.7911974531e-04 3.7911974531e-04 3.7911974531e-04 3.7911974531e-04 3.7911974531e-04 
7.0182522524e-04 7.0182522524e-04 7.0182522524e-04 7.0182522524e-04 7.0182522524e-04 7.0182522524e-04 
1.3005971282e-03 1.3005971282e-03 1.3005971282e-03 1.3005971282e-03 1.3005971282e-03 1.3005971282e-03 
2.4124588333e-03 2.4124588333e-03 2.4124588333e-03 2.4124588333e-03 2.4124588333e-03 2.4124588333e-03 
4.4787704001e-03 4.4787704001e-03 4.4787704001e-03 4.4787704001e-03 4.4787704001e-03 4.4787704001e-03 
8.3223557494e-03 8.3223557494e-03 8.3223557494e-03 8.3223557494e-03 8.3223557494e-03 8.3223557494e-03 
1.5479223283e-02 1.5479223283e-02 1.5479223283e-02 1.5479223283e-02 1.5479223283e-02 1.5479223283e-02 
2.8817672176e-02 2.8817672176e-02 2.8817672176e-02 2.8817672176e-02 2.8817672176e-02 2.8817672176e-02 
5.3672223795e-02 5.3672223795e-02 5.3672223795e-02 5.3672223795e-02 5.3672223795e-02 5.3672223795e-02 
9.9806071621e-02 9.9806071621e-02 9.9806071621e-02 9.9806071621e-02 9.9806071621e-02 9.9806071621e-02 
1.8436151984e-01 1.8436151984e-01 1.8436151984e-01 1.8436151984e-01 1.8436151984e-01 1.8436151984e-01 
3.3502378364e-01 3.3502378364e-01 3.3502378364e-01 3.3502378364e-01 3.3502378364e-01 3.3502378364e-01 
5.9108675942e-01 5.9108675942e-01 5.9108675942e-01 5.9108675942e-01 5.9108675942e-01 5.9108675942e-01 
1.0000000000e+00 1.0000000000e+00 1.0000000000e+00 1.0000000000e+00 1.0000000000e+00 1.0000000000e+00 
