4.8966397726e-07 4.8966397726e-07 4.8966397726e-07 4.8966397726e-07 4.8966397726e-07 4.8966397726e-07 
6.1976367085e-07 6.1976367085e-07 6.1976367085e-07 6.1976367085e-07 6.1976367085e-07 6.1976367085e-07 
1.0794496086e-06 1.0794496086e-06 1.0794496086e-06 1.0794496086e-06 1.0794496086e-06 1.0794496086e-06 
2.1143092716e-06 2.1143092716e-06 2.1143092716e-06 2.1143092716e-06 2.1143092716e-06 2.1143092716e-06 
4.2785910253e-06 4.2785910253e-06 4.2785910253e-06 4.2785910253e-06 4.2785910253e-06 4.2785910253e-06 
8.7340756014e-06 8.7340756014e-06 8.7340756014e-06 8.7340756014e-06 8.7340756014e-06 8.7340756014e-06 
1.7876448245e-05 1.7876448245e-05 1.7876448245e-05 1.7876448245e-05 1.7876448245e-05 1.7876448245e-05 
3.6627144652e-05 3.6627144652e-05 3.6627144652e-05 3.6627144652e-05 3.6627144652e-05 3.6627144652e-05 
7.5089367008e-05 7.5089367008e-05 7.5089367008e-05 7.5089367008e-05 7.5089367008e-05 7.5089367008e-05 
1.5401337925e-04 1.5401337925e-04 1.5401337925e-04 1.5401337925e-04 1.5401337925e-04 1.5401337925e-04 
3.1608473479e-04 3.1608473479e-04 3.1608473479e-04 3.1608473479e-04 3.1608473479e-04 3.1608473479e-04 
6.4942966776e-04 6.4942966776e-04 6.4942966776e-04 6.4942966776e-04 6.4942966776e-04 6.4942966776e-04 
1.3373381555e-03 1.3373381555e-03 1.3373381555e-03 1.3373381555e-03 1.3373381555e-03 1.3373381555e-03 
2.7664534043e-03 2.7664534043e-03 2.7664534043e-03 2.7664534043e-03 2.7664534043e-03 2.7664534043e-03 
5.7732835373e-03 5.7732835373e-03 5.7732835373e-03 5.7732835373e-03 5.7732835373e-03 5.7732835373e-03 
1.2245931622e-02 1.2245931622e-02 1.2245931622e-02 1.2245931622e-02 1.2245931622e-02 1.2245931622e-02 
2.6733947829e-02 2.6733947829e-02 2.6733947829e-02 2.6733947829e-02 2.6733947829e-02 2.6733947829e-02 
6.1204400055e-02 6.1204400055e-02 6.1204400055e-02 6.1204400055e-02 6.1204400055e-02 6.1204400055e-02 
1.4984364833e-01 1.4984364833e-01 1.4984364833e-01 1.4984364833e-01 1.4984364833e-01 1.4984364833e-01 
3.8933535463e-01 3.8933535463e-01 3.8933535463e-01 3.8933535463e-01 3.8933535463e-01 3.8933535463e-01 
1.0000000000e+00 1.0000000000e+00 1.0000000000e+00 1.0000000000e+00 1.0000000000e+00 1.0000000000e+00 
