1.5811477766e-04 1.5811477766e-04 1.5811477766e-04 1.5811477766e-04 1.5811477766e-04 1.5811477766e-04 
1.9183310497e-04 1.9183310497e-04 1.9183310497e-04 1.9183310497e-04 1.9183310497e-04 1.9183310497e-04 
3.0703932513e-04 3.0703932513e-04 3.0703932513e-04 3.0703932513e-04 3.0703932513e-04 3.0703932513e-04 
5.5109996267e-04 5.5109996267e-04 5.5109996267e-04 5.5109996267e-04 5.5109996267e-04 5.5109996267e-04 
1.0216627855e-03 1.0216627855e-03 1.0216627855e-03 1.0216627855e-03 1.0216627855e-03 1.0216627855e-03 
1.8992902099e-03 1.8992902099e-03 1.8992902099e-03 1.8992902099e-03 1.8992902099e-03 1.8992902099e-03 
3.5017967367e-03 3.5017967367e-03 3.5017967367e-03 3.5017967367e-03 3.5017967367e-03 3.5017967367e-03 
6.3666918897e-03 6.3666918897e-03 6.3666918897e-03 6.3666918897e-03 6.3666918897e-03 6.3666918897e-03 
1.1363915415e-02 1.1363915415e-02 1.1363915415e-02 1.1363915415e-02 1.1363915415e-02 1.1363915415e-02 
1.9828006127e-02 1.9828006127e-02 1.9828006127e-02 1.9828006127e-02 1.9828006127e-02 1.9828006127e-02 
3.3673777644e-02 3.3673777644e-02 3.3673777644e-02 3.3673777644e-02 3.3673777644e-02 3.3673777644e-02 
5.5427728468e-02 5.5427728468e-02 5.5427728468e-02 5.5427728468e-02 5.5427728468e-02 5.5427728468e-02 
8.8093195263e-02 8.8093195263e-02 8.8093195263e-02 8.8093195263e-02 8.8093195263e-02 8.8093195263e-02 
1.3481108380e-01 1.3481108380e-01 1.3481108380e-01 1.3481108380e-01 1.3481108380e-01 1.3481108380e-01 
1.9839402746e-01 1.9839402746e-01 1.9839402746e-01 1.9839402746e-01 1.9839402746e-01 1.9839402746e-01 
2.8093269265e-01 2.8093269265e-01 2.8093269265e-01 2.8093269265e-01 2.8093269265e-01 2.8093269265e-01 
3.8367367513e-01 3.8367367513e-01 3.8367367513e-01 3.8367367513e-01 3.8367367513e-01 3.8367367513e-01 
5.0720494786e-01 5.0720494786e-01 5.0720494786e-01 5.0720494786e-01 5.0720494786e-01 5.0720494786e-01 
6.5170476608e-01 6.5170476608e-01 6.5170476608e-01 6.5170476608e-01 6.5170476608e-01 6.5170476608e-01 
8.1652337225e-01 8.1652337225e-01 8.1652337225e-01 8.1652337225e-01 8.1652337225e-01 8.1652337225e-01 
1.0000000000e+00 1.0000000000e+00 1.0000000000e+00 1.0000000000e+00 1.0000000000e+00 1.0000000000e+00 
