5.0431859456e-05 5.0431859456e-05 5.0431859456e-05 5.0431859456e-05 5.0431859456e-05 5.0431859456e-05 
6.2733061482e-05 6.2733061482e-05 6.2733061482e-05 6.2733061482e-05 6.2733061482e-05 6.2733061482e-05 
1.0556044128e-04 1.0556044128e-04 1.0556044128e-04 1.0556044128e-04 1.0556044128e-04 1.0556044128e-04 
1.9936456928e-04 1.9936456928e-04 1.9936456928e-04 1.9936456928e-04 1.9936456928e-04 1.9936456928e-04 
3.8816494329e-04 3.8816494329e-04 3.8816494329e-04 3.8816494329e-04 3.8816494329e-04 3.8816494329e-04 
7.5816877596e-04 7.5816877596e-04 7.5816877596e-04 7.5816877596e-04 7.5816877596e-04 7.5816877596e-04 
1.4719034302e-03 1.4719034302e-03 1.4719034302e-03 1.4719034302e-03 1.4719034302e-03 1.4719034302e-03 
2.8269451920e-03 2.8269451920e-03 2.8269451920e-03 2.8269451920e-03 2.8269451920e-03 2.8269451920e-03 
5.3507436215e-03 5.3507436215e-03 5.3507436215e-03 5.3507436215e-03 5.3507436215e-03 5.3507436215e-03 
9.9414571967e-03 9.9414571967e-03 9.9414571967e-03 9.9414571967e-03 9.9414571967e-03 9.9414571967e-03 
1.8052755731e-02 1.8052755731e-02 1.8052755731e-02 1.8052755731e-02 1.8052755731e-02 1.8052755731e-02 
3.1890219387e-02 3.1890219387e-02 3.1890219387e-02 3.1890219387e-02 3.1890219387e-02 3.1890219387e-02 
5.4538053808e-02 5.4538053808e-02 5.4538053808e-02 5.4538053808e-02 5.4538053808e-02 5.4538053808e-02 
8.9894400986e-02 8.9894400986e-02 8.9894400986e-02 8.9894400986e-02 8.9894400986e-02 8.9894400986e-02 
1.4232532831e-01 1.4232532831e-01 1.4232532831e-01 1.4232532831e-01 1.4232532831e-01 1.4232532831e-01 
2.1610197861e-01 2.1610197861e-01 2.1610197861e-01 2.1610197861e-01 2.1610197861e-01 2.1610197861e-01 
3.1488026634e-01 3.1488026634e-01 3.1488026634e-01 3.1488026634e-01 3.1488026634e-01 3.1488026634e-01 
4.4149384014e-01 4.4149384014e-01 4.4149384014e-01 4.4149384014e-01 4.4149384014e-01 4.4149384014e-01 
5.9796158495e-01 5.9796158495e-01 5.9796158495e-01 5.9796158495e-01 5.9796158495e-01 5.9796158495e-01 
7.8467088393e-01 7.8467088393e-01 7.8467088393e-01 7.8467088393e-01 7.8467088393e-01 7.8467088393e-01 
1.0000000000e+00 1.0000000000e+00 1.0000000000e+00 1.0000000000e+00 1.0000000000e+00 1.0000000000e+00 
