1.6721422981e-04 1.6721422981e-04 1.6721422981e-04 1.6721422981e-04 1.6721422981e-04 1.6721422981e-04 
2.0259342001e-04 2.0259342001e-04 2.0259342001e-04 2.0259342001e-04 2.0259342001e-04 2.0259342001e-04 
3.2335041598e-04 3.2335041598e-04 3.2335041598e-04 3.2335041598e-04 3.2335041598e-04 3.2335041598e-04 
5.7870435354e-04 5.7870435354e-04 5.7870435354e-04 5.7870435354e-04 5.7870435354e-04 5.7870435354e-04 
1.0698877770e-03 1.0698877770e-03 1.0698877770e-03 1.0698877770e-03 1.0698877770e-03 1.0698877770e-03 
1.9835167505e-03 1.9835167505e-03 1.9835167505e-03 1.9835167505e-03 1.9835167505e-03 1.9835167505e-03 
3.6468580834e-03 3.6468580834e-03 3.6468580834e-03 3.6468580834e-03 3.6468580834e-03 3.6468580834e-03 
6.6110809781e-03 6.6110809781e-03 6.6110809781e-03 6.6110809781e-03 6.6110809781e-03 6.6110809781e-03 
1.1763967075e-02 1.1763967075e-02 1.1763967075e-02 1.1763967075e-02 1.1763967075e-02 1.1763967075e-02 
2.0460002123e-02 2.0460002123e-02 2.0460002123e-02 2.0460002123e-02 2.0460002123e-02 2.0460002123e-02 
3.4630484381e-02 3.4630484381e-02 3.4630484381e-02 3.4630484381e-02 3.4630484381e-02 3.4630484381e-02 
5.6805345212e-02 5.6805345212e-02 5.6805345212e-02 5.6805345212e-02 5.6805345212e-02 5.6805345212e-02 
8.9966963535e-02 8.9966963535e-02 8.9966963535e-02 8.9966963535e-02 8.9966963535e-02 8.9966963535e-02 
1.3720376539e-01 1.3720376539e-01 1.3720376539e-01 1.3720376539e-01 1.3720376539e-01 1.3720376539e-01 
2.0124795238e-01 2.0124795238e-01 2.0124795238e-01 2.0124795238e-01 2.0124795238e-01 2.0124795238e-01 
2.8409657647e-01 2.8409657647e-01 2.8409657647e-01 2.8409657647e-01 2.8409657647e-01 2.8409657647e-01 
3.8690736318e-01 3.8690736318e-01 3.8690736318e-01 3.8690736318e-01 3.8690736318e-01 3.8690736318e-01 
5.1019542365e-01 5.1019542365e-01 5.1019542365e-01 5.1019542365e-01 5.1019542365e-01 5.1019542365e-01 
6.5408538796e-01 6.5408538796e-01 6.5408538796e-01 6.5408538796e-01 6.5408538796e-01 6.5408538796e-01 
8.1790371717e-01 8.1790371717e-01 8.1790371717e-01 8.1790371717e-01 8.1790371717e-01 8.1790371717e-01 
1.0000000000e+00 1.0000000000e+00 1.0000000000e+00 1.0000000000e+00 1.0000000000e+00 1.0000000000e+00 
