2.3909473749e-06 2.3909473749e-06 2.3909473749e-06 2.3909473749e-06 2.3909473749e-06 2.3909473749e-06 
2.9380492655e-06 2.9380492655e-06 2.9380492655e-06 2.9380492655e-06 2.9380492655e-06 2.9380492655e-06 
4.8311681748e-06 4.8311681748e-06 4.8311681748e-06 4.8311681748e-06 4.8311681748e-06 4.8311681748e-06 
8.9435676308e-06 8.9435676308e-06 8.9435676308e-06 8.9435676308e-06 8.9435676308e-06 8.9435676308e-06 
1.7178696444e-05 1.7178696444e-05 1.7178696444e-05 1.7178696444e-05 1.7178696444e-05 1.7178696444e-05 
3.3361694695e-05 3.3361694695e-05 3.3361694695e-05 3.3361694695e-05 3.3361694695e-05 3.3361694695e-05 
6.5033189967e-05 6.5033189967e-05 6.5033189967e-05 6.5033189967e-05 6.5033189967e-05 6.5033189967e-05 
1.2699234522e-04 1.2699234522e-04 1.2699234522e-04 1.2699234522e-04 1.2699234522e-04 1.2699234522e-04 
2.4826907713e-04 2.4826907713e-04 2.4826907713e-04 2.4826907713e-04 2.4826907713e-04 2.4826907713e-04 
4.8585449841e-04 4.8585449841e-04 4.8585449841e-04 4.8585449841e-04 4.8585449841e-04 4.8585449841e-04 
9.5182877441e-04 9.5182877441e-04 9.5182877441e-04 9.5182877441e-04 9.5182877441e-04 9.5182877441e-04 
1.8672994519e-03 1.8672994519e-03 1.8672994519e-03 1.8672994519e-03 1.8672994519e-03 1.8672994519e-03 
3.6708566209e-03 3.6708566209e-03 3.6708566209e-03 3.6708566209e-03 3.6708566209e-03 3.6708566209e-03 
7.2406505593e-03 7.2406505593e-03 7.2406505593e-03 7.2406505593e-03 7.2406505593e-03 7.2406505593e-03 
1.4361065292e-02 1.4361065292e-02 1.4361065292e-02 1.4361065292e-02 1.4361065292e-02 1.4361065292e-02 
2.8733638493e-02 2.8733638493e-02 2.8733638493e-02 2.8733638493e-02 2.8733638493e-02 2.8733638493e-02 
5.8214892314e-02 5.8214892314e-02 5.8214892314e-02 5.8214892314e-02 5.8214892314e-02 5.8214892314e-02 
1.1966377046e-01 1.1966377046e-01 1.1966377046e-01 1.1966377046e-01 1.1966377046e-01 1.1966377046e-01 
2.4810381829e-01 2.4810381829e-01 2.4810381829e-01 2.4810381829e-01 2.4810381829e-01 2.4810381829e-01 
5.0859891704e-01 5.0859891704e-01 5.0859891704e-01 5.0859891704e-01 5.0859891704e-01 5.0859891704e-01 
1.0000000000e+00 1.0000000000e+00 1.0000000000e+00 1.0000000000e+00 1.0000000000e+00 1.0000000000e+00 
