9.1186128388e-07 9.1186128388e-07 9.1186128388e-07 9.1186128388e-07 9.1186128388e-07 9.1186128388e-07 
1.1439552392e-06 1.1439552392e-06 1.1439552392e-06 1.1439552392e-06 1.1439552392e-06 1.1439552392e-06 
1.9589224677e-06 1.9589224677e-06 1.9589224677e-06 1.9589224677e-06 1.9589224677e-06 1.9589224677e-06 
3.7743299961e-06 3.7743299961e-06 3.7743299961e-06 3.7743299961e-06 3.7743299961e-06 3.7743299961e-06 
7.5230852261e-06 7.5230852261e-06 7.5230852261e-06 7.5230852261e-06 7.5230852261e-06 7.5230852261e-06 
1.5137191391e-05 1.5137191391e-05 1.5137191391e-05 1.5137191391e-05 1.5137191391e-05 1.5137191391e-05 
3.0550194721e-05 3.0550194721e-05 3.0550194721e-05 3.0550194721e-05 3.0550194721e-05 3.0550194721e-05 
6.1740404865e-05 6.1740404865e-05 6.1740404865e-05 6.1740404865e-05 6.1740404865e-05 6.1740404865e-05 
1.2488259369e-04 1.2488259369e-04 1.2488259369e-04 1.2488259369e-04 1.2488259369e-04 1.2488259369e-04 
2.5279214481e-04 2.5279214481e-04 2.5279214481e-04 2.5279214481e-04 2.5279214481e-04 2.5279214481e-04 
5.1216294107e-04 5.1216294107e-04 5.1216294107e-04 5.1216294107e-04 5.1216294107e-04 5.1216294107e-04 
1.0390210158e-03 1.0390210158e-03 1.0390210158e-03 1.0390210158e-03 1.0390210158e-03 1.0390210158e-03 
2.1126639083e-03 2.1126639083e-03 2.1126639083e-03 2.1126639083e-03 2.1126639083e-03 2.1126639083e-03 
4.3135897790e-03 4.3135897790e-03 4.3135897790e-03 4.3135897790e-03 4.3135897790e-03 4.3135897790e-03 
8.8736039869e-03 8.8736039869e-03 8.8736039869e-03 8.8736039869e-03 8.8736039869e-03 8.8736039869e-03 
1.8492945287e-02 1.8492945287e-02 1.8492945287e-02 1.8492945287e-02 1.8492945287e-02 1.8492945287e-02 
3.9363220407e-02 3.9363220407e-02 3.9363220407e-02 3.9363220407e-02 3.9363220407e-02 3.9363220407e-02 
8.6378328274e-02 8.6378328274e-02 8.6378328274e-02 8.6378328274e-02 8.6378328274e-02 8.6378328274e-02 
1.9595626612e-01 1.9595626612e-01 1.9595626612e-01 1.9595626612e-01 1.9595626612e-01 1.9595626612e-01 
4.5049829654e-01 4.5049829654e-01 4.5049829654e-01 4.5049829654e-01 4.5049829654e-01 4.5049829654e-01 
1.0000000000e+00 1.0000000000e+00 1.0000000000e+00 1.0000000000e+00 1.0000000000e+00 1.0000000000e+00 
