5.7932834996e-07 5.7932834996e-07 5.7932834996e-07 5.7932834996e-07 5.7932834996e-07 5.7932834996e-07 
7.3343868981e-07 7.3343868981e-07 7.3343868981e-07 7.3343868981e-07 7.3343868981e-07 7.3343868981e-07 
1.2780796145e-06 1.2780796145e-06 1.2780796145e-06 1.2780796145e-06 1.2780796145e-06 1.2780796145e-06 
2.5046604881e-06 2.5046604881e-06 2.5046604881e-06 2.5046604881e-06 2.5046604881e-06 2.5046604881e-06 
5.0711700120e-06 5.0711700120e-06 5.0711700120e-06 5.0711700120e-06 5.0711700120e-06 5.0711700120e-06 
1.0357733229e-05 1.0357733229e-05 1.0357733229e-05 1.0357733229e-05 1.0357733229e-05 1.0357733229e-05 
2.1212410691e-05 2.1212410691e-05 2.1212410691e-05 2.1212410691e-05 2.1212410691e-05 2.1212410691e-05 
4.3490819972e-05 4.3490819972e-05 4.3490819972e-05 4.3490819972e-05 4.3490819972e-05 4.3490819972e-05 
8.9224780323e-05 8.9224780323e-05 8.9224780323e-05 8.9224780323e-05 8.9224780323e-05 8.9224780323e-05 
1.8314895135e-04 1.8314895135e-04 1.8314895135e-04 1.8314895135e-04 1.8314895135e-04 1.8314895135e-04 
3.7619249292e-04 3.7619249292e-04 3.7619249292e-04 3.7619249292e-04 3.7619249292e-04 3.7619249292e-04 
7.7358339153e-04 7.7358339153e-04 7.7358339153e-04 7.7358339153e-04 7.7358339153e-04 7.7358339153e-04 
1.5942608270e-03 1.5942608270e-03 1.5942608270e-03 1.5942608270e-03 1.5942608270e-03 1.5942608270e-03 
3.2997813736e-03 3.2997813736e-03 3.2997813736e-03 3.2997813736e-03 3.2997813736e-03 3.2997813736e-03 
6.8859539357e-03 6.8859539357e-03 6.8859539357e-03 6.8859539357e-03 6.8859539357e-03 6.8859539357e-03 
1.4583965849e-02 1.4583965849e-02 1.4583965849e-02 1.4583965849e-02 1.4583965849e-02 1.4583965849e-02 
3.1680102750e-02 3.1680102750e-02 3.1680102750e-02 3.1680102750e-02 3.1680102750e-02 3.1680102750e-02 
7.1587448037e-02 7.1587448037e-02 7.1587448037e-02 7.1587448037e-02 7.1587448037e-02 7.1587448037e-02 
1.7004237667e-01 1.7004237667e-01 1.7004237667e-01 1.7004237667e-01 1.7004237667e-01 1.7004237667e-01 
4.1783721204e-01 4.1783721204e-01 4.1783721204e-01 4.1783721204e-01 4.1783721204e-01 4.1783721204e-01 
1.0000000000e+00 1.0000000000e+00 1.0000000000e+00 1.0000000000e+00 1.0000000000e+00 1.0000000000e+00 
