5.0048689824e-07 5.0048689824e-07 5.0048689824e-07 5.0048689824e-07 5.0048689824e-07 5.0048689824e-07 
6.3479516674e-07 6.3479516674e-07 6.3479516674e-07 6.3479516674e-07 6.3479516674e-07 6.3479516674e-07 
1.1100678581e-06 1.1100678581e-06 1.1100678581e-06 1.1100678581e-06 1.1100678581e-06 1.1100678581e-06 
2.1827571308e-06 2.1827571308e-06 2.1827571308e-06 2.1827571308e-06 2.1827571308e-06 2.1827571308e-06 
4.4331017508e-06 4.4331017508e-06 4.4331017508e-06 4.4331017508e-06 4.4331017508e-06 4.4331017508e-06 
9.0810880243e-06 9.0810880243e-06 9.0810880243e-06 9.0810880243e-06 9.0810880243e-06 9.0810880243e-06 
1.8650632908e-05 1.8650632908e-05 1.8650632908e-05 1.8650632908e-05 1.8650632908e-05 1.8650632908e-05 
3.8343764647e-05 3.8343764647e-05 3.8343764647e-05 3.8343764647e-05 3.8343764647e-05 3.8343764647e-05 
7.8874913183e-05 7.8874913183e-05 7.8874913183e-05 7.8874913183e-05 7.8874913183e-05 7.8874913183e-05 
1.6232112947e-04 1.6232112947e-04 1.6232112947e-04 1.6232112947e-04 1.6232112947e-04 1.6232112947e-04 
3.3424071449e-04 3.3424071449e-04 3.3424071449e-04 3.3424071449e-04 3.3424071449e-04 3.3424071449e-04 
6.8897337174e-04 6.8897337174e-04 6.8897337174e-04 6.8897337174e-04 6.8897337174e-04 6.8897337174e-04 
1.4232665361e-03 1.4232665361e-03 1.4232665361e-03 1.4232665361e-03 1.4232665361e-03 1.4232665361e-03 
2.9530586515e-03 2.9530586515e-03 2.9530586515e-03 2.9530586515e-03 2.9530586515e-03 2.9530586515e-03 
6.1792524548e-03 6.1792524548e-03 6.1792524548e-03 6.1792524548e-03 6.1792524548e-03 6.1792524548e-03 
1.3133253508e-02 1.3133253508e-02 1.3133253508e-02 1.3133253508e-02 1.3133253508e-02 1.3133253508e-02 
2.8683727881e-02 2.8683727881e-02 2.8683727881e-02 2.8683727881e-02 2.8683727881e-02 2.8683727881e-02 
6.5456877423e-02 6.5456877423e-02 6.5456877423e-02 6.5456877423e-02 6.5456877423e-02 6.5456877423e-02 
1.5845249866e-01 1.5845249866e-01 1.5845249866e-01 1.5845249866e-01 1.5845249866e-01 1.5845249866e-01 
4.0195770078e-01 4.0195770078e-01 4.0195770078e-01 4.0195770078e-01 4.0195770078e-01 4.0195770078e-01 
1.0000000000e+00 1.0000000000e+00 1.0000000000e+00 1.0000000000e+00 1.0000000000e+00 1.0000000000e+00 
