4.8585978505e-07 4.8585978505e-07 4.8585978505e-07 4.8585978505e-07 4.8585978505e-07 4.8585978505e-07 
6.1590314590e-07 6.1590314590e-07 6.1590314590e-07 6.1590314590e-07 6.1590314590e-07 6.1590314590e-07 
1.0758996548e-06 1.0758996548e-06 1.0758996548e-06 1.0758996548e-06 1.0758996548e-06 1.0758996548e-06 
2.1134041550e-06 2.1134041550e-06 2.1134041550e-06 2.1134041550e-06 2.1134041550e-06 2.1134041550e-06 
4.2881351228e-06 4.2881351228e-06 4.2881351228e-06 4.2881351228e-06 4.2881351228e-06 4.2881351228e-06 
8.7759378561e-06 8.7759378561e-06 8.7759378561e-06 8.7759378561e-06 8.7759378561e-06 8.7759378561e-06 
1.8007189771e-05 1.8007189771e-05 1.8007189771e-05 1.8007189771e-05 1.8007189771e-05 1.8007189771e-05 
3.6986413994e-05 3.6986413994e-05 3.6986413994e-05 3.6986413994e-05 3.6986413994e-05 3.6986413994e-05 
7.6011439227e-05 7.6011439227e-05 7.6011439227e-05 7.6011439227e-05 7.6011439227e-05 7.6011439227e-05 
1.5628074188e-04 1.5628074188e-04 1.5628074188e-04 1.5628074188e-04 1.5628074188e-04 1.5628074188e-04 
3.2149881225e-04 3.2149881225e-04 3.2149881225e-04 3.2149881225e-04 3.2149881225e-04 3.2149881225e-04 
6.6208698269e-04 6.6208698269e-04 6.6208698269e-04 6.6208698269e-04 6.6208698269e-04 6.6208698269e-04 
1.3664782603e-03 1.3664782603e-03 1.3664782603e-03 1.3664782603e-03 1.3664782603e-03 1.3664782603e-03 
2.8328396330e-03 2.8328396330e-03 2.8328396330e-03 2.8328396330e-03 2.8328396330e-03 2.8328396330e-03 
5.9236500524e-03 5.9236500524e-03 5.9236500524e-03 5.9236500524e-03 5.9236500524e-03 5.9236500524e-03 
1.2586123077e-02 1.2586123077e-02 1.2586123077e-02 1.2586123077e-02 1.2586123077e-02 1.2586123077e-02 
2.7504422194e-02 2.7504422194e-02 2.7504422194e-02 2.7504422194e-02 2.7504422194e-02 2.7504422194e-02 
6.2931466598e-02 6.2931466598e-02 6.2931466598e-02 6.2931466598e-02 6.2931466598e-02 6.2931466598e-02 
1.5342988220e-01 1.5342988220e-01 1.5342988220e-01 1.5342988220e-01 1.5342988220e-01 1.5342988220e-01 
3.9470850470e-01 3.9470850470e-01 3.9470850470e-01 3.9470850470e-01 3.9470850470e-01 3.9470850470e-01 
1.0000000000e+00 1.0000000000e+00 1.0000000000e+00 1.0000000000e+00 1.0000000000e+00 1.0000000000e+00 
