4.8546060575e-07 4.8546060575e-07 4.8546060575e-07 4.8546060575e-07 4.8546060575e-07 4.8546060575e-07 
6.1494703334e-07 6.1494703334e-07 6.1494703334e-07 6.1494703334e-07 6.1494703334e-07 6.1494703334e-07 
1.0727344086e-06 1.0727344086e-06 1.0727344086e-06 1.0727344086e-06 1.0727344086e-06 1.0727344086e-06 
2.1043438680e-06 2.1043438680e-06 2.1043438680e-06 2.1043438680e-06 2.1043438680e-06 2.1043438680e-06 
4.2644139348e-06 4.2644139348e-06 4.2644139348e-06 4.2644139348e-06 4.2644139348e-06 4.2644139348e-06 
8.7169026108e-06 8.7169026108e-06 8.7169026108e-06 8.7169026108e-06 8.7169026108e-06 8.7169026108e-06 
1.7864954520e-05 1.7864954520e-05 1.7864954520e-05 1.7864954520e-05 1.7864954520e-05 1.7864954520e-05 
3.6651480335e-05 3.6651480335e-05 3.6651480335e-05 3.6651480335e-05 3.6651480335e-05 3.6651480335e-05 
7.5236249084e-05 7.5236249084e-05 7.5236249084e-05 7.5236249084e-05 7.5236249084e-05 7.5236249084e-05 
1.5451078359e-04 1.5451078359e-04 1.5451078359e-04 1.5451078359e-04 1.5451078359e-04 1.5451078359e-04 
3.1750126255e-04 3.1750126255e-04 3.1750126255e-04 3.1750126255e-04 3.1750126255e-04 3.1750126255e-04 
6.5313611456e-04 6.5313611456e-04 6.5313611456e-04 6.5313611456e-04 6.5313611456e-04 6.5313611456e-04 
1.3465663670e-03 1.3465663670e-03 1.3465663670e-03 1.3465663670e-03 1.3465663670e-03 1.3465663670e-03 
2.7887223919e-03 2.7887223919e-03 2.7887223919e-03 2.7887223919e-03 2.7887223919e-03 2.7887223919e-03 
5.8259971476e-03 5.8259971476e-03 5.8259971476e-03 5.8259971476e-03 5.8259971476e-03 5.8259971476e-03 
1.2369436465e-02 1.2369436465e-02 1.2369436465e-02 1.2369436465e-02 1.2369436465e-02 1.2369436465e-02 
2.7021783478e-02 2.7021783478e-02 2.7021783478e-02 2.7021783478e-02 2.7021783478e-02 2.7021783478e-02 
6.1865191794e-02 6.1865191794e-02 6.1865191794e-02 6.1865191794e-02 6.1865191794e-02 6.1865191794e-02 
1.5124244469e-01 1.5124244469e-01 1.5124244469e-01 1.5124244469e-01 1.5124244469e-01 1.5124244469e-01 
3.9145682241e-01 3.9145682241e-01 3.9145682241e-01 3.9145682241e-01 3.9145682241e-01 3.9145682241e-01 
1.0000000000e+00 1.0000000000e+00 1.0000000000e+00 1.0000000000e+00 1.0000000000e+00 1.0000000000e+00 
