4.8687267460e-07 4.8687267460e-07 4.8687267460e-07 4.8687267460e-07 4.8687267460e-07 4.8687267460e-07 
6.1645470919e-07 6.1645470919e-07 6.1645470919e-07 6.1645470919e-07 6.1645470919e-07 6.1645470919e-07 
1.0744315453e-06 1.0744315453e-06 1.0744315453e-06 1.0744315453e-06 1.0744315453e-06 1.0744315453e-06 
2.1059017916e-06 2.1059017916e-06 2.1059017916e-06 2.1059017916e-06 2.1059017916e-06 2.1059017916e-06 
4.2642533392e-06 4.2642533392e-06 4.2642533392e-06 4.2642533392e-06 4.2642533392e-06 4.2642533392e-06 
8.7100745292e-06 8.7100745292e-06 8.7100745292e-06 8.7100745292e-06 8.7100745292e-06 8.7100745292e-06 
1.7837926508e-05 1.7837926508e-05 1.7837926508e-05 1.7837926508e-05 1.7837926508e-05 1.7837926508e-05 
3.6569698597e-05 3.6569698597e-05 3.6569698597e-05 3.6569698597e-05 3.6569698597e-05 3.6569698597e-05 
7.5015126047e-05 7.5015126047e-05 7.5015126047e-05 7.5015126047e-05 7.5015126047e-05 7.5015126047e-05 
1.5394914301e-04 1.5394914301e-04 1.5394914301e-04 1.5394914301e-04 1.5394914301e-04 1.5394914301e-04 
3.1613052430e-04 3.1613052430e-04 3.1613052430e-04 3.1613052430e-04 3.1613052430e-04 3.1613052430e-04 
6.4988130900e-04 6.4988130900e-04 6.4988130900e-04 6.4988130900e-04 6.4988130900e-04 6.4988130900e-04 
1.3389866873e-03 1.3389866873e-03 1.3389866873e-03 1.3389866873e-03 1.3389866873e-03 1.3389866873e-03 
2.7713048334e-03 2.7713048334e-03 2.7713048334e-03 2.7713048334e-03 2.7713048334e-03 2.7713048334e-03 
5.7862851332e-03 5.7862851332e-03 5.7862851332e-03 5.7862851332e-03 5.7862851332e-03 5.7862851332e-03 
1.2279133735e-02 1.2279133735e-02 1.2279133735e-02 1.2279133735e-02 1.2279133735e-02 1.2279133735e-02 
2.6816430448e-02 2.6816430448e-02 2.6816430448e-02 2.6816430448e-02 2.6816430448e-02 2.6816430448e-02 
6.1403139331e-02 6.1403139331e-02 6.1403139331e-02 6.1403139331e-02 6.1403139331e-02 6.1403139331e-02 
1.5027837321e-01 1.5027837321e-01 1.5027837321e-01 1.5027837321e-01 1.5027837321e-01 1.5027837321e-01 
3.9000165015e-01 3.9000165015e-01 3.9000165015e-01 3.9000165015e-01 3.9000165015e-01 3.9000165015e-01 
1.0000000000e+00 1.0000000000e+00 1.0000000000e+00 1.0000000000e+00 1.0000000000e+00 1.0000000000e+00 
