4.8787137980e-07 4.8787137980e-07 4.8787137980e-07 4.8787137980e-07 4.8787137980e-07 4.8787137980e-07 
6.1757503621e-07 6.1757503621e-07 6.1757503621e-07 6.1757503621e-07 6.1757503621e-07 6.1757503621e-07 
1.0759056618e-06 1.0759056618e-06 1.0759056618e-06 1.0759056618e-06 1.0759056618e-06 1.0759056618e-06 
2.1078829866e-06 2.1078829866e-06 2.1078829866e-06 2.1078829866e-06 2.1078829866e-06 2.1078829866e-06 
4.2665657857e-06 4.2665657857e-06 4.2665657857e-06 4.2665657857e-06 4.2665657857e-06 4.2665657857e-06 
8.7114725197e-06 8.7114725197e-06 8.7114725197e-06 8.7114725197e-06 8.7114725197e-06 8.7114725197e-06 
1.7834129308e-05 1.7834129308e-05 1.7834129308e-05 1.7834129308e-05 1.7834129308e-05 1.7834129308e-05 
3.6548476732e-05 3.6548476732e-05 3.6548476732e-05 3.6548476732e-05 3.6548476732e-05 3.6548476732e-05 
7.4944460892e-05 7.4944460892e-05 7.4944460892e-05 7.4944460892e-05 7.4944460892e-05 7.4944460892e-05 
1.5374941163e-04 1.5374941163e-04 1.5374941163e-04 1.5374941163e-04 1.5374941163e-04 1.5374941163e-04 
3.1561032755e-04 3.1561032755e-04 3.1561032755e-04 3.1561032755e-04 3.1561032755e-04 3.1561032755e-04 
6.4859121956e-04 6.4859121956e-04 6.4859121956e-04 6.4859121956e-04 6.4859121956e-04 6.4859121956e-04 
1.3358880158e-03 1.3358880158e-03 1.3358880158e-03 1.3358880158e-03 1.3358880158e-03 1.3358880158e-03 
2.7640189477e-03 2.7640189477e-03 2.7640189477e-03 2.7640189477e-03 2.7640189477e-03 2.7640189477e-03 
5.7693782734e-03 5.7693782734e-03 5.7693782734e-03 5.7693782734e-03 5.7693782734e-03 5.7693782734e-03 
1.2240151140e-02 1.2240151140e-02 1.2240151140e-02 1.2240151140e-02 1.2240151140e-02 1.2240151140e-02 
2.6726776605e-02 2.6726776605e-02 2.6726776605e-02 2.6726776605e-02 2.6726776605e-02 2.6726776605e-02 
6.1199479334e-02 6.1199479334e-02 6.1199479334e-02 6.1199479334e-02 6.1199479334e-02 6.1199479334e-02 
1.4984981049e-01 1.4984981049e-01 1.4984981049e-01 1.4984981049e-01 1.4984981049e-01 1.4984981049e-01 
3.8934994582e-01 3.8934994582e-01 3.8934994582e-01 3.8934994582e-01 3.8934994582e-01 3.8934994582e-01 
1.0000000000e+00 1.0000000000e+00 1.0000000000e+00 1.0000000000e+00 1.0000000000e+00 1.0000000000e+00 
