1.3075408755e+01 1.3075408755e+01 1.3075408755e+01 1.3075408755e+01 1.3075408755e+01 1.3075408755e+01 
1.3600554976e+01 1.3600554976e+01 1.3600554976e+01 1.3600554976e+01 1.3600554976e+01 1.3600554976e+01 
1.5184290971e+01 1.5184290971e+01 1.5184290971e+01 1.5184290971e+01 1.5184290971e+01 1.5184290971e+01 
1.7849649885e+01 1.7849649885e+01 1.7849649885e+01 1.7849649885e+01 1.7849649885e+01 1.7849649885e+01 
2.1628943896e+01 2.1628943896e+01 2.1628943896e+01 2.1628943896e+01 2.1628943896e+01 2.1628943896e+01 
2.6555076249e+01 2.6555076249e+01 2.6555076249e+01 2.6555076249e+01 2.6555076249e+01 2.6555076249e+01 
3.2650253333e+01 3.2650253333e+01 3.2650253333e+01 3.2650253333e+01 3.2650253333e+01 3.2650253333e+01 
3.9913008248e+01 3.9913008248e+01 3.9913008248e+01 3.9913008248e+01 3.9913008248e+01 3.9913008248e+01 
4.8304724087e+01 4.8304724087e+01 4.8304724087e+01 4.8304724087e+01 4.8304724087e+01 4.8304724087e+01 
5.7737081760e+01 5.7737081760e+01 5.7737081760e+01 5.7737081760e+01 5.7737081760e+01 5.7737081760e+01 
6.8062003294e+01 6.8062003294e+01 6.8062003294e+01 6.8062003294e+01 6.8062003294e+01 6.8062003294e+01 
7.9065662840e+01 7.9065662840e+01 7.9065662840e+01 7.9065662840e+01 7.9065662840e+01 7.9065662840e+01 
9.0467948283e+01 9.0467948283e+01 9.0467948283e+01 9.0467948283e+01 9.0467948283e+01 9.0467948283e+01 
1.0192835283e+02 1.0192835283e+02 1.0192835283e+02 1.0192835283e+02 1.0192835283e+02 1.0192835283e+02 
1.1305866898e+02 1.1305866898e+02 1.1305866898e+02 1.1305866898e+02 1.1305866898e+02 1.1305866898e+02 
1.2344209743e+02 1.2344209743e+02 1.2344209743e+02 1.2344209743e+02 1.2344209743e+02 1.2344209743e+02 
1.3265756071e+02 1.3265756071e+02 1.3265756071e+02 1.3265756071e+02 1.3265756071e+02 1.3265756071e+02 
1.4030724227e+02 1.4030724227e+02 1.4030724227e+02 1.4030724227e+02 1.4030724227e+02 1.4030724227e+02 
1.4604478342e+02 1.4604478342e+02 1.4604478342e+02 1.4604478342e+02 1.4604478342e+02 1.4604478342e+02 
1.4960127351e+02 1.4960127351e+02 1.4960127351e+02 1.4960127351e+02 1.4960127351e+02 1.4960127351e+02 
1.5080623730e+02 1.5080623730e+02 1.5080623730e+02 1.5080623730e+02 1.5080623730e+02 1.5080623730e+02 
