4.3618242540e+01 4.3618242540e+01 4.3618242540e+01 4.3618242540e+01 4.3618242540e+01 4.3618242540e+01 
4.3992469260e+01 4.3992469260e+01 4.3992469260e+01 4.3992469260e+01 4.3992469260e+01 4.3992469260e+01 
4.5107119910e+01 4.5107119910e+01 4.5107119910e+01 4.5107119910e+01 4.5107119910e+01 4.5107119910e+01 
4.6938188238e+01 4.6938188238e+01 4.6938188238e+01 4.6938188238e+01 4.6938188238e+01 4.6938188238e+01 
4.9445947216e+01 4.9445947216e+01 4.9445947216e+01 4.9445947216e+01 4.9445947216e+01 4.9445947216e+01 
5.2575404866e+01 5.2575404866e+01 5.2575404866e+01 5.2575404866e+01 5.2575404866e+01 5.2575404866e+01 
5.6256999344e+01 5.6256999344e+01 5.6256999344e+01 5.6256999344e+01 5.6256999344e+01 5.6256999344e+01 
6.0407580149e+01 6.0407580149e+01 6.0407580149e+01 6.0407580149e+01 6.0407580149e+01 6.0407580149e+01 
6.4931722453e+01 6.4931722453e+01 6.4931722453e+01 6.4931722453e+01 6.4931722453e+01 6.4931722453e+01 
6.9723413661e+01 6.9723413661e+01 6.9723413661e+01 6.9723413661e+01 6.9723413661e+01 6.9723413661e+01 
7.4668135552e+01 7.4668135552e+01 7.4668135552e+01 7.4668135552e+01 7.4668135552e+01 7.4668135552e+01 
7.9645342643e+01 7.9645342643e+01 7.9645342643e+01 7.9645342643e+01 7.9645342643e+01 7.9645342643e+01 
8.4531309575e+01 8.4531309575e+01 8.4531309575e+01 8.4531309575e+01 8.4531309575e+01 8.4531309575e+01 
8.9202289767e+01 8.9202289767e+01 8.9202289767e+01 8.9202289767e+01 8.9202289767e+01 8.9202289767e+01 
9.3537897114e+01 9.3537897114e+01 9.3537897114e+01 9.3537897114e+01 9.3537897114e+01 9.3537897114e+01 
9.7424595104e+01 9.7424595104e+01 9.7424595104e+01 9.7424595104e+01 9.7424595104e+01 9.7424595104e+01 
1.0075915628e+02 1.0075915628e+02 1.0075915628e+02 1.0075915628e+02 1.0075915628e+02 1.0075915628e+02 
1.0345194183e+02 1.0345194183e+02 1.0345194183e+02 1.0345194183e+02 1.0345194183e+02 1.0345194183e+02 
1.0542984808e+02 1.0542984808e+02 1.0542984808e+02 1.0542984808e+02 1.0542984808e+02 1.0542984808e+02 
1.0663877449e+02 1.0663877449e+02 1.0663877449e+02 1.0663877449e+02 1.0663877449e+02 1.0663877449e+02 
1.0704548642e+02 1.0704548642e+02 1.0704548642e+02 1.0704548642e+02 1.0704548642e+02 1.0704548642e+02 
