6.0373610656e+01 6.0373610656e+01 6.0373610656e+01 6.0373610656e+01 6.0373610656e+01 6.0373610656e+01 
6.0553104432e+01 6.0553104432e+01 6.0553104432e+01 6.0553104432e+01 6.0553104432e+01 6.0553104432e+01 
6.1087222929e+01 6.1087222929e+01 6.1087222929e+01 6.1087222929e+01 6.1087222929e+01 6.1087222929e+01 
6.1962979517e+01 6.1962979517e+01 6.1962979517e+01 6.1962979517e+01 6.1962979517e+01 6.1962979517e+01 
6.3159067378e+01 6.3159067378e+01 6.3159067378e+01 6.3159067378e+01 6.3159067378e+01 6.3159067378e+01 
6.4646358969e+01 6.4646358969e+01 6.4646358969e+01 6.4646358969e+01 6.4646358969e+01 6.4646358969e+01 
6.6388591524e+01 6.6388591524e+01 6.6388591524e+01 6.6388591524e+01 6.6388591524e+01 6.6388591524e+01 
6.8343224792e+01 6.8343224792e+01 6.8343224792e+01 6.8343224792e+01 6.8343224792e+01 6.8343224792e+01 
7.0462453352e+01 7.0462453352e+01 7.0462453352e+01 7.0462453352e+01 7.0462453352e+01 7.0462453352e+01 
7.2694352012e+01 7.2694352012e+01 7.2694352012e+01 7.2694352012e+01 7.2694352012e+01 7.2694352012e+01 
7.4984129195e+01 7.4984129195e+01 7.4984129195e+01 7.4984129195e+01 7.4984129195e+01 7.4984129195e+01 
7.7275459923e+01 7.7275459923e+01 7.7275459923e+01 7.7275459923e+01 7.7275459923e+01 7.7275459923e+01 
7.9511867145e+01 7.9511867145e+01 7.9511867145e+01 7.9511867145e+01 7.9511867145e+01 7.9511867145e+01 
8.1638117957e+01 8.1638117957e+01 8.1638117957e+01 8.1638117957e+01 8.1638117957e+01 8.1638117957e+01 
8.3601599779e+01 8.3601599779e+01 8.3601599779e+01 8.3601599779e+01 8.3601599779e+01 8.3601599779e+01 
8.5353641031e+01 8.5353641031e+01 8.5353641031e+01 8.5353641031e+01 8.5353641031e+01 8.5353641031e+01 
8.6850741320e+01 8.6850741320e+01 8.6850741320e+01 8.6850741320e+01 8.6850741320e+01 8.6850741320e+01 
8.8055677733e+01 8.8055677733e+01 8.8055677733e+01 8.8055677733e+01 8.8055677733e+01 8.8055677733e+01 
8.8938456573e+01 8.8938456573e+01 8.8938456573e+01 8.8938456573e+01 8.8938456573e+01 8.8938456573e+01 
8.9477083634e+01 8.9477083634e+01 8.9477083634e+01 8.9477083634e+01 8.9477083634e+01 8.9477083634e+01 
8.9658130954e+01 8.9658130954e+01 8.9658130954e+01 8.9658130954e+01 8.9658130954e+01 8.9658130954e+01 
