6.8240341860e+01 6.8240341860e+01 6.8240341860e+01 6.8240341860e+01 6.8240341860e+01 6.8240341860e+01 
6.8323536665e+01 6.8323536665e+01 6.8323536665e+01 6.8323536665e+01 6.8323536665e+01 6.8323536665e+01 
6.8571075271e+01 6.8571075271e+01 6.8571075271e+01 6.8571075271e+01 6.8571075271e+01 6.8571075271e+01 
6.8976870354e+01 6.8976870354e+01 6.8976870354e+01 6.8976870354e+01 6.8976870354e+01 6.8976870354e+01 
6.9530942193e+01 6.9530942193e+01 6.9530942193e+01 6.9530942193e+01 6.9530942193e+01 6.9530942193e+01 
7.0219663203e+01 7.0219663203e+01 7.0219663203e+01 7.0219663203e+01 7.0219663203e+01 7.0219663203e+01 
7.1026091970e+01 7.1026091970e+01 7.1026091970e+01 7.1026091970e+01 7.1026091970e+01 7.1026091970e+01 
7.1930388724e+01 7.1930388724e+01 7.1930388724e+01 7.1930388724e+01 7.1930388724e+01 7.1930388724e+01 
7.2910302180e+01 7.2910302180e+01 7.2910302180e+01 7.2910302180e+01 7.2910302180e+01 7.2910302180e+01 
7.3941715918e+01 7.3941715918e+01 7.3941715918e+01 7.3941715918e+01 7.3941715918e+01 7.3941715918e+01 
7.4999241008e+01 7.4999241008e+01 7.4999241008e+01 7.4999241008e+01 7.4999241008e+01 7.4999241008e+01 
7.6056840393e+01 7.6056840393e+01 7.6056840393e+01 7.6056840393e+01 7.6056840393e+01 7.6056840393e+01 
7.7088469745e+01 7.7088469745e+01 7.7088469745e+01 7.7088469745e+01 7.7088469745e+01 7.7088469745e+01 
7.8068719027e+01 7.8068719027e+01 7.8068719027e+01 7.8068719027e+01 7.8068719027e+01 7.8068719027e+01 
7.8973438948e+01 7.8973438948e+01 7.8973438948e+01 7.8973438948e+01 7.8973438948e+01 7.8973438948e+01 
7.9780336797e+01 7.9780336797e+01 7.9780336797e+01 7.9780336797e+01 7.9780336797e+01 7.9780336797e+01 
8.0469526890e+01 8.0469526890e+01 8.0469526890e+01 8.0469526890e+01 8.0469526890e+01 8.0469526890e+01 
8.1024021895e+01 8.1024021895e+01 8.1024021895e+01 8.1024021895e+01 8.1024021895e+01 8.1024021895e+01 
8.1430152803e+01 8.1430152803e+01 8.1430152803e+01 8.1430152803e+01 8.1430152803e+01 8.1430152803e+01 
8.1677907023e+01 8.1677907023e+01 8.1677907023e+01 8.1677907023e+01 8.1677907023e+01 8.1677907023e+01 
8.1761176124e+01 8.1761176124e+01 8.1761176124e+01 8.1761176124e+01 8.1761176124e+01 8.1761176124e+01 
