7.1878712114e+01 7.1878712114e+01 7.1878712114e+01 7.1878712114e+01 7.1878712114e+01 7.1878712114e+01 
7.1917139018e+01 7.1917139018e+01 7.1917139018e+01 7.1917139018e+01 7.1917139018e+01 7.1917139018e+01 
7.2031473661e+01 7.2031473661e+01 7.2031473661e+01 7.2031473661e+01 7.2031473661e+01 7.2031473661e+01 
7.2218901124e+01 7.2218901124e+01 7.2218901124e+01 7.2218901124e+01 7.2218901124e+01 7.2218901124e+01 
7.2474806907e+01 7.2474806907e+01 7.2474806907e+01 7.2474806907e+01 7.2474806907e+01 7.2474806907e+01 
7.2792890504e+01 7.2792890504e+01 7.2792890504e+01 7.2792890504e+01 7.2792890504e+01 7.2792890504e+01 
7.3165320461e+01 7.3165320461e+01 7.3165320461e+01 7.3165320461e+01 7.3165320461e+01 7.3165320461e+01 
7.3582927139e+01 7.3582927139e+01 7.3582927139e+01 7.3582927139e+01 7.3582927139e+01 7.3582927139e+01 
7.4035428417e+01 7.4035428417e+01 7.4035428417e+01 7.4035428417e+01 7.4035428417e+01 7.4035428417e+01 
7.4511682800e+01 7.4511682800e+01 7.4511682800e+01 7.4511682800e+01 7.4511682800e+01 7.4511682800e+01 
7.4999963703e+01 7.4999963703e+01 7.4999963703e+01 7.4999963703e+01 7.4999963703e+01 7.4999963703e+01 
7.5488248158e+01 7.5488248158e+01 7.5488248158e+01 7.5488248158e+01 7.5488248158e+01 7.5488248158e+01 
7.5964512852e+01 7.5964512852e+01 7.5964512852e+01 7.5964512852e+01 7.5964512852e+01 7.5964512852e+01 
7.6417030191e+01 7.6417030191e+01 7.6417030191e+01 7.6417030191e+01 7.6417030191e+01 7.6417030191e+01 
7.6834657106e+01 7.6834657106e+01 7.6834657106e+01 7.6834657106e+01 7.6834657106e+01 7.6834657106e+01 
7.7207109496e+01 7.7207109496e+01 7.7207109496e+01 7.7207109496e+01 7.7207109496e+01 7.7207109496e+01 
7.7525215526e+01 7.7525215526e+01 7.7525215526e+01 7.7525215526e+01 7.7525215526e+01 7.7525215526e+01 
7.7781141547e+01 7.7781141547e+01 7.7781141547e+01 7.7781141547e+01 7.7781141547e+01 7.7781141547e+01 
7.7968585069e+01 7.7968585069e+01 7.7968585069e+01 7.7968585069e+01 7.7968585069e+01 7.7968585069e+01 
7.8082930024e+01 7.8082930024e+01 7.8082930024e+01 7.8082930024e+01 7.8082930024e+01 7.8082930024e+01 
7.8121360481e+01 7.8121360481e+01 7.8121360481e+01 7.8121360481e+01 7.8121360481e+01 7.8121360481e+01 
