7.3558868080e+01 7.3558868080e+01 7.3558868080e+01 7.3558868080e+01 7.3558868080e+01 7.3558868080e+01 
7.3576610742e+01 7.3576610742e+01 7.3576610742e+01 7.3576610742e+01 7.3576610742e+01 7.3576610742e+01 
7.3629401850e+01 7.3629401850e+01 7.3629401850e+01 7.3629401850e+01 7.3629401850e+01 7.3629401850e+01 
7.3715941530e+01 7.3715941530e+01 7.3715941530e+01 7.3715941530e+01 7.3715941530e+01 7.3715941530e+01 
7.3834098917e+01 7.3834098917e+01 7.3834098917e+01 7.3834098917e+01 7.3834098917e+01 7.3834098917e+01 
7.3980964619e+01 7.3980964619e+01 7.3980964619e+01 7.3980964619e+01 7.3980964619e+01 7.3980964619e+01 
7.4152922354e+01 7.4152922354e+01 7.4152922354e+01 7.4152922354e+01 7.4152922354e+01 7.4152922354e+01 
7.4345737991e+01 7.4345737991e+01 7.4345737991e+01 7.4345737991e+01 7.4345737991e+01 7.4345737991e+01 
7.4554663805e+01 7.4554663805e+01 7.4554663805e+01 7.4554663805e+01 7.4554663805e+01 7.4554663805e+01 
7.4774555377e+01 7.4774555377e+01 7.4774555377e+01 7.4774555377e+01 7.4774555377e+01 7.4774555377e+01 
7.4999998264e+01 7.4999998264e+01 7.4999998264e+01 7.4999998264e+01 7.4999998264e+01 7.4999998264e+01 
7.5225441322e+01 7.5225441322e+01 7.5225441322e+01 7.5225441322e+01 7.5225441322e+01 7.5225441322e+01 
7.5445333387e+01 7.5445333387e+01 7.5445333387e+01 7.5445333387e+01 7.5445333387e+01 7.5445333387e+01 
7.5654259968e+01 7.5654259968e+01 7.5654259968e+01 7.5654259968e+01 7.5654259968e+01 7.5654259968e+01 
7.5847076573e+01 7.5847076573e+01 7.5847076573e+01 7.5847076573e+01 7.5847076573e+01 7.5847076573e+01 
7.6019035381e+01 7.6019035381e+01 7.6019035381e+01 7.6019035381e+01 7.6019035381e+01 7.6019035381e+01 
7.6165902155e+01 7.6165902155e+01 7.6165902155e+01 7.6165902155e+01 7.6165902155e+01 7.6165902155e+01 
7.6284060510e+01 7.6284060510e+01 7.6284060510e+01 7.6284060510e+01 7.6284060510e+01 7.6284060510e+01 
7.6370600959e+01 7.6370600959e+01 7.6370600959e+01 7.6370600959e+01 7.6370600959e+01 7.6370600959e+01 
7.6423392560e+01 7.6423392560e+01 7.6423392560e+01 7.6423392560e+01 7.6423392560e+01 7.6423392560e+01 
7.6441135392e+01 7.6441135392e+01 7.6441135392e+01 7.6441135392e+01 7.6441135392e+01 7.6441135392e+01 
