7.4334620234e+01 7.4334620234e+01 7.4334620234e+01 7.4334620234e+01 7.4334620234e+01 7.4334620234e+01 
7.4342812160e+01 7.4342812160e+01 7.4342812160e+01 7.4342812160e+01 7.4342812160e+01 7.4342812160e+01 
7.4367186226e+01 7.4367186226e+01 7.4367186226e+01 7.4367186226e+01 7.4367186226e+01 7.4367186226e+01 
7.4407142262e+01 7.4407142262e+01 7.4407142262e+01 7.4407142262e+01 7.4407142262e+01 7.4407142262e+01 
7.4461696420e+01 7.4461696420e+01 7.4461696420e+01 7.4461696420e+01 7.4461696420e+01 7.4461696420e+01 
7.4529505396e+01 7.4529505396e+01 7.4529505396e+01 7.4529505396e+01 7.4529505396e+01 7.4529505396e+01 
7.4608899512e+01 7.4608899512e+01 7.4608899512e+01 7.4608899512e+01 7.4608899512e+01 7.4608899512e+01 
7.4697923821e+01 7.4697923821e+01 7.4697923821e+01 7.4697923821e+01 7.4697923821e+01 7.4697923821e+01 
7.4794386252e+01 7.4794386252e+01 7.4794386252e+01 7.4794386252e+01 7.4794386252e+01 7.4794386252e+01 
7.4895911580e+01 7.4895911580e+01 7.4895911580e+01 7.4895911580e+01 7.4895911580e+01 7.4895911580e+01 
7.4999999917e+01 7.4999999917e+01 7.4999999917e+01 7.4999999917e+01 7.4999999917e+01 7.4999999917e+01 
7.5104088262e+01 7.5104088262e+01 7.5104088262e+01 7.5104088262e+01 7.5104088262e+01 7.5104088262e+01 
7.5205613614e+01 7.5205613614e+01 7.5205613614e+01 7.5205613614e+01 7.5205613614e+01 7.5205613614e+01 
7.5302076082e+01 7.5302076082e+01 7.5302076082e+01 7.5302076082e+01 7.5302076082e+01 7.5302076082e+01 
7.5391100437e+01 7.5391100437e+01 7.5391100437e+01 7.5391100437e+01 7.5391100437e+01 7.5391100437e+01 
7.5470494604e+01 7.5470494604e+01 7.5470494604e+01 7.5470494604e+01 7.5470494604e+01 7.5470494604e+01 
7.5538303631e+01 7.5538303631e+01 7.5538303631e+01 7.5538303631e+01 7.5538303631e+01 7.5538303631e+01 
7.5592857836e+01 7.5592857836e+01 7.5592857836e+01 7.5592857836e+01 7.5592857836e+01 7.5592857836e+01 
7.5632813909e+01 7.5632813909e+01 7.5632813909e+01 7.5632813909e+01 7.5632813909e+01 7.5632813909e+01 
7.5657187998e+01 7.5657187998e+01 7.5657187998e+01 7.5657187998e+01 7.5657187998e+01 7.5657187998e+01 
7.5665379932e+01 7.5665379932e+01 7.5665379932e+01 7.5665379932e+01 7.5665379932e+01 7.5665379932e+01 
