7.4692790231e+01 7.4692790231e+01 7.4692790231e+01 7.4692790231e+01 7.4692790231e+01 7.4692790231e+01 
7.4696572493e+01 7.4696572493e+01 7.4696572493e+01 7.4696572493e+01 7.4696572493e+01 7.4696572493e+01 
7.4707826146e+01 7.4707826146e+01 7.4707826146e+01 7.4707826146e+01 7.4707826146e+01 7.4707826146e+01 
7.4726274090e+01 7.4726274090e+01 7.4726274090e+01 7.4726274090e+01 7.4726274090e+01 7.4726274090e+01 
7.4751462074e+01 7.4751462074e+01 7.4751462074e+01 7.4751462074e+01 7.4751462074e+01 7.4751462074e+01 
7.4782769886e+01 7.4782769886e+01 7.4782769886e+01 7.4782769886e+01 7.4782769886e+01 7.4782769886e+01 
7.4819426625e+01 7.4819426625e+01 7.4819426625e+01 7.4819426625e+01 7.4819426625e+01 7.4819426625e+01 
7.4860529679e+01 7.4860529679e+01 7.4860529679e+01 7.4860529679e+01 7.4860529679e+01 7.4860529679e+01 
7.4905066956e+01 7.4905066956e+01 7.4905066956e+01 7.4905066956e+01 7.4905066956e+01 7.4905066956e+01 
7.4951941800e+01 7.4951941800e+01 7.4951941800e+01 7.4951941800e+01 7.4951941800e+01 7.4951941800e+01 
7.4999999996e+01 7.4999999996e+01 7.4999999996e+01 7.4999999996e+01 7.4999999996e+01 7.4999999996e+01 
7.5048058193e+01 7.5048058193e+01 7.5048058193e+01 7.5048058193e+01 7.5048058193e+01 7.5048058193e+01 
7.5094933038e+01 7.5094933038e+01 7.5094933038e+01 7.5094933038e+01 7.5094933038e+01 7.5094933038e+01 
7.5139470316e+01 7.5139470316e+01 7.5139470316e+01 7.5139470316e+01 7.5139470316e+01 7.5139470316e+01 
7.5180573373e+01 7.5180573373e+01 7.5180573373e+01 7.5180573373e+01 7.5180573373e+01 7.5180573373e+01 
7.5217230114e+01 7.5217230114e+01 7.5217230114e+01 7.5217230114e+01 7.5217230114e+01 7.5217230114e+01 
7.5248537929e+01 7.5248537929e+01 7.5248537929e+01 7.5248537929e+01 7.5248537929e+01 7.5248537929e+01 
7.5273725915e+01 7.5273725915e+01 7.5273725915e+01 7.5273725915e+01 7.5273725915e+01 7.5273725915e+01 
7.5292173860e+01 7.5292173860e+01 7.5292173860e+01 7.5292173860e+01 7.5292173860e+01 7.5292173860e+01 
7.5303427515e+01 7.5303427515e+01 7.5303427515e+01 7.5303427515e+01 7.5303427515e+01 7.5303427515e+01 
7.5307209777e+01 7.5307209777e+01 7.5307209777e+01 7.5307209777e+01 7.5307209777e+01 7.5307209777e+01 
