7.4858159449e+01 7.4858159449e+01 7.4858159449e+01 7.4858159449e+01 7.4858159449e+01 7.4858159449e+01 
7.4859905741e+01 7.4859905741e+01 7.4859905741e+01 7.4859905741e+01 7.4859905741e+01 7.4859905741e+01 
7.4865101619e+01 7.4865101619e+01 7.4865101619e+01 7.4865101619e+01 7.4865101619e+01 7.4865101619e+01 
7.4873619143e+01 7.4873619143e+01 7.4873619143e+01 7.4873619143e+01 7.4873619143e+01 7.4873619143e+01 
7.4885248583e+01 7.4885248583e+01 7.4885248583e+01 7.4885248583e+01 7.4885248583e+01 7.4885248583e+01 
7.4899703584e+01 7.4899703584e+01 7.4899703584e+01 7.4899703584e+01 7.4899703584e+01 7.4899703584e+01 
7.4916628216e+01 7.4916628216e+01 7.4916628216e+01 7.4916628216e+01 7.4916628216e+01 7.4916628216e+01 
7.4935605737e+01 7.4935605737e+01 7.4935605737e+01 7.4935605737e+01 7.4935605737e+01 7.4935605737e+01 
7.4956168859e+01 7.4956168859e+01 7.4956168859e+01 7.4956168859e+01 7.4956168859e+01 7.4956168859e+01 
7.4977811249e+01 7.4977811249e+01 7.4977811249e+01 7.4977811249e+01 7.4977811249e+01 7.4977811249e+01 
7.5000000000e+01 7.5000000000e+01 7.5000000000e+01 7.5000000000e+01 7.5000000000e+01 7.5000000000e+01 
7.5022188751e+01 7.5022188751e+01 7.5022188751e+01 7.5022188751e+01 7.5022188751e+01 7.5022188751e+01 
7.5043831141e+01 7.5043831141e+01 7.5043831141e+01 7.5043831141e+01 7.5043831141e+01 7.5043831141e+01 
7.5064394263e+01 7.5064394263e+01 7.5064394263e+01 7.5064394263e+01 7.5064394263e+01 7.5064394263e+01 
7.5083371784e+01 7.5083371784e+01 7.5083371784e+01 7.5083371784e+01 7.5083371784e+01 7.5083371784e+01 
7.5100296416e+01 7.5100296416e+01 7.5100296416e+01 7.5100296416e+01 7.5100296416e+01 7.5100296416e+01 
7.5114751417e+01 7.5114751417e+01 7.5114751417e+01 7.5114751417e+01 7.5114751417e+01 7.5114751417e+01 
7.5126380857e+01 7.5126380857e+01 7.5126380857e+01 7.5126380857e+01 7.5126380857e+01 7.5126380857e+01 
7.5134898381e+01 7.5134898381e+01 7.5134898381e+01 7.5134898381e+01 7.5134898381e+01 7.5134898381e+01 
7.5140094259e+01 7.5140094259e+01 7.5140094259e+01 7.5140094259e+01 7.5140094259e+01 7.5140094259e+01 
7.5141840552e+01 7.5141840552e+01 7.5141840552e+01 7.5141840552e+01 7.5141840552e+01 7.5141840552e+01 
