3.6625905680e-01 3.6625905680e-01 3.6625905680e-01 3.6625905680e-01 3.6625905680e-01 3.6625905680e-01 
3.6519764690e-01 3.6519764690e-01 3.6519764690e-01 3.6519764690e-01 3.6519764690e-01 3.6519764690e-01 
3.6190889015e-01 3.6190889015e-01 3.6190889015e-01 3.6190889015e-01 3.6190889015e-01 3.6190889015e-01 
3.5611875310e-01 3.5611875310e-01 3.5611875310e-01 3.5611875310e-01 3.5611875310e-01 3.5611875310e-01 
3.4750225558e-01 3.4750225558e-01 3.4750225558e-01 3.4750225558e-01 3.4750225558e-01 3.4750225558e-01 
3.3581513708e-01 3.3581513708e-01 3.3581513708e-01 3.3581513708e-01 3.3581513708e-01 3.3581513708e-01 
3.2094472277e-01 3.2094472277e-01 3.2094472277e-01 3.2094472277e-01 3.2094472277e-01 3.2094472277e-01 
3.0290953099e-01 3.0290953099e-01 3.0290953099e-01 3.0290953099e-01 3.0290953099e-01 3.0290953099e-01 
2.8187640804e-01 2.8187640804e-01 2.8187640804e-01 2.8187640804e-01 2.8187640804e-01 2.8187640804e-01 
2.5820261167e-01 2.5820261167e-01 2.5820261167e-01 2.5820261167e-01 2.5820261167e-01 2.5820261167e-01 
2.3247944350e-01 2.3247944350e-01 2.3247944350e-01 2.3247944350e-01 2.3247944350e-01 2.3247944350e-01 
2.0556184957e-01 2.0556184957e-01 2.0556184957e-01 2.0556184957e-01 2.0556184957e-01 2.0556184957e-01 
1.7855690193e-01 1.7855690193e-01 1.7855690193e-01 1.7855690193e-01 1.7855690193e-01 1.7855690193e-01 
1.5272163578e-01 1.5272163578e-01 1.5272163578e-01 1.5272163578e-01 1.5272163578e-01 1.5272163578e-01 
1.2932168731e-01 1.2932168731e-01 1.2932168731e-01 1.2932168731e-01 1.2932168731e-01 1.2932168731e-01 
1.0941620110e-01 1.0941620110e-01 1.0941620110e-01 1.0941620110e-01 1.0941620110e-01 1.0941620110e-01 
9.3715572233e-02 9.3715572233e-02 9.3715572233e-02 9.3715572233e-02 9.3715572233e-02 9.3715572233e-02 
8.2021104996e-02 8.2021104996e-02 8.2021104996e-02 8.2021104996e-02 8.2021104996e-02 8.2021104996e-02 
7.2561423643e-02 7.2561423643e-02 7.2561423643e-02 7.2561423643e-02 7.2561423643e-02 7.2561423643e-02 
5.5722767140e-02 5.5722767140e-02 5.5722767140e-02 5.5722767140e-02 5.5722767140e-02 5.5722767140e-02 
6.3184573746e-02 6.3184573746e-02 6.3184573746e-02 6.3184573746e-02 6.3184573746e-02 6.3184573746e-02 
