3.5090065544e-01 3.5090065544e-01 3.5090065544e-01 3.5090065544e-01 3.5090065544e-01 3.5090065544e-01 
3.4974512583e-01 3.4974512583e-01 3.4974512583e-01 3.4974512583e-01 3.4974512583e-01 3.4974512583e-01 
3.4618302014e-01 3.4618302014e-01 3.4618302014e-01 3.4618302014e-01 3.4618302014e-01 3.4618302014e-01 
3.3996707461e-01 3.3996707461e-01 3.3996707461e-01 3.3996707461e-01 3.3996707461e-01 3.3996707461e-01 
3.3081515008e-01 3.3081515008e-01 3.3081515008e-01 3.3081515008e-01 3.3081515008e-01 3.3081515008e-01 
3.1853943255e-01 3.1853943255e-01 3.1853943255e-01 3.1853943255e-01 3.1853943255e-01 3.1853943255e-01 
3.0309661346e-01 3.0309661346e-01 3.0309661346e-01 3.0309661346e-01 3.0309661346e-01 3.0309661346e-01 
2.8458696407e-01 2.8458696407e-01 2.8458696407e-01 2.8458696407e-01 2.8458696407e-01 2.8458696407e-01 
2.6326717450e-01 2.6326717450e-01 2.6326717450e-01 2.6326717450e-01 2.6326717450e-01 2.6326717450e-01 
2.3958252691e-01 2.3958252691e-01 2.3958252691e-01 2.3958252691e-01 2.3958252691e-01 2.3958252691e-01 
2.1419517959e-01 2.1419517959e-01 2.1419517959e-01 2.1419517959e-01 2.1419517959e-01 2.1419517959e-01 
1.8799432800e-01 1.8799432800e-01 1.8799432800e-01 1.8799432800e-01 1.8799432800e-01 1.8799432800e-01 
1.6206604046e-01 1.6206604046e-01 1.6206604046e-01 1.6206604046e-01 1.6206604046e-01 1.6206604046e-01 
1.3758374237e-01 1.3758374237e-01 1.3758374237e-01 1.3758374237e-01 1.3758374237e-01 1.3758374237e-01 
1.1567375308e-01 1.1567375308e-01 1.1567375308e-01 1.1567375308e-01 1.1567375308e-01 1.1567375308e-01 
9.7228795968e-02 9.7228795968e-02 9.7228795968e-02 9.7228795968e-02 9.7228795968e-02 9.7228795968e-02 
8.2799739344e-02 8.2799739344e-02 8.2799739344e-02 8.2799739344e-02 8.2799739344e-02 8.2799739344e-02 
7.2126042948e-02 7.2126042948e-02 7.2126042948e-02 7.2126042948e-02 7.2126042948e-02 7.2126042948e-02 
6.3583913869e-02 6.3583913869e-02 6.3583913869e-02 6.3583913869e-02 6.3583913869e-02 6.3583913869e-02 
4.8726617748e-02 4.8726617748e-02 4.8726617748e-02 4.8726617748e-02 4.8726617748e-02 4.8726617748e-02 
5.5216321475e-02 5.5216321475e-02 5.5216321475e-02 5.5216321475e-02 5.5216321475e-02 5.5216321475e-02 
