2.1672069020e-01 2.1672069020e-01 2.1672069020e-01 2.1672069020e-01 2.1672069020e-01 2.1672069020e-01 
2.1664649582e-01 2.1664649582e-01 2.1664649582e-01 2.1664649582e-01 2.1664649582e-01 2.1664649582e-01 
2.1642384886e-01 2.1642384886e-01 2.1642384886e-01 2.1642384886e-01 2.1642384886e-01 2.1642384886e-01 
2.1605235834e-01 2.1605235834e-01 2.1605235834e-01 2.1605235834e-01 2.1605235834e-01 2.1605235834e-01 
2.1553064023e-01 2.1553064023e-01 2.1553064023e-01 2.1553064023e-01 2.1553064023e-01 2.1553064023e-01 
2.1485495851e-01 2.1485495851e-01 2.1485495851e-01 2.1485495851e-01 2.1485495851e-01 2.1485495851e-01 
2.1401669433e-01 2.1401669433e-01 2.1401669433e-01 2.1401669433e-01 2.1401669433e-01 2.1401669433e-01 
2.1299773122e-01 2.1299773122e-01 2.1299773122e-01 2.1299773122e-01 2.1299773122e-01 2.1299773122e-01 
2.1176209374e-01 2.1176209374e-01 2.1176209374e-01 2.1176209374e-01 2.1176209374e-01 2.1176209374e-01 
2.1024086922e-01 2.1024086922e-01 2.1024086922e-01 2.1024086922e-01 2.1024086922e-01 2.1024086922e-01 
2.0830520277e-01 2.0830520277e-01 2.0830520277e-01 2.0830520277e-01 2.0830520277e-01 2.0830520277e-01 
2.0571869802e-01 2.0571869802e-01 2.0571869802e-01 2.0571869802e-01 2.0571869802e-01 2.0571869802e-01 
2.0205723948e-01 2.0205723948e-01 2.0205723948e-01 2.0205723948e-01 2.0205723948e-01 2.0205723948e-01 
1.9659229935e-01 1.9659229935e-01 1.9659229935e-01 1.9659229935e-01 1.9659229935e-01 1.9659229935e-01 
1.8820037630e-01 1.8820037630e-01 1.8820037630e-01 1.8820037630e-01 1.8820037630e-01 1.8820037630e-01 
1.7556713435e-01 1.7556713435e-01 1.7556713435e-01 1.7556713435e-01 1.7556713435e-01 1.7556713435e-01 
1.5811381760e-01 1.5811381760e-01 1.5811381760e-01 1.5811381760e-01 1.5811381760e-01 1.5811381760e-01 
1.3776754721e-01 1.3776754721e-01 1.3776754721e-01 1.3776754721e-01 1.3776754721e-01 1.3776754721e-01 
1.2032462808e-01 1.2032462808e-01 1.2032462808e-01 1.2032462808e-01 1.2032462808e-01 1.2032462808e-01 
1.1007953709e-01 1.1007953709e-01 1.1007953709e-01 1.1007953709e-01 1.1007953709e-01 1.1007953709e-01 
1.0521004480e-01 1.0521004480e-01 1.0521004480e-01 1.0521004480e-01 1.0521004480e-01 1.0521004480e-01 
