3.6086930001e-01 3.6086930001e-01 3.6086930001e-01 3.6086930001e-01 3.6086930001e-01 3.6086930001e-01 
3.6083417096e-01 3.6083417096e-01 3.6083417096e-01 3.6083417096e-01 3.6083417096e-01 3.6083417096e-01 
3.6072780882e-01 3.6072780882e-01 3.6072780882e-01 3.6072780882e-01 3.6072780882e-01 3.6072780882e-01 
3.6054675079e-01 3.6054675079e-01 3.6054675079e-01 3.6054675079e-01 3.6054675079e-01 3.6054675079e-01 
3.6028323126e-01 3.6028323126e-01 3.6028323126e-01 3.6028323126e-01 3.6028323126e-01 3.6028323126e-01 
3.5992142871e-01 3.5992142871e-01 3.5992142871e-01 3.5992142871e-01 3.5992142871e-01 3.5992142871e-01 
3.5943047376e-01 3.5943047376e-01 3.5943047376e-01 3.5943047376e-01 3.5943047376e-01 3.5943047376e-01 
3.5875196023e-01 3.5875196023e-01 3.5875196023e-01 3.5875196023e-01 3.5875196023e-01 3.5875196023e-01 
3.5777836276e-01 3.5777836276e-01 3.5777836276e-01 3.5777836276e-01 3.5777836276e-01 3.5777836276e-01 
3.5631770962e-01 3.5631770962e-01 3.5631770962e-01 3.5631770962e-01 3.5631770962e-01 3.5631770962e-01 
3.5404364962e-01 3.5404364962e-01 3.5404364962e-01 3.5404364962e-01 3.5404364962e-01 3.5404364962e-01 
3.5045417971e-01 3.5045417971e-01 3.5045417971e-01 3.5045417971e-01 3.5045417971e-01 3.5045417971e-01 
3.4491038949e-01 3.4491038949e-01 3.4491038949e-01 3.4491038949e-01 3.4491038949e-01 3.4491038949e-01 
3.3674211504e-01 3.3674211504e-01 3.3674211504e-01 3.3674211504e-01 3.3674211504e-01 3.3674211504e-01 
3.2501695197e-01 3.2501695197e-01 3.2501695197e-01 3.2501695197e-01 3.2501695197e-01 3.2501695197e-01 
3.0757757488e-01 3.0757757488e-01 3.0757757488e-01 3.0757757488e-01 3.0757757488e-01 3.0757757488e-01 
2.7955308126e-01 2.7955308126e-01 2.7955308126e-01 2.7955308126e-01 2.7955308126e-01 2.7955308126e-01 
2.3330141067e-01 2.3330141067e-01 2.3330141067e-01 2.3330141067e-01 2.3330141067e-01 2.3330141067e-01 
1.7458815027e-01 1.7458815027e-01 1.7458815027e-01 1.7458815027e-01 1.7458815027e-01 1.7458815027e-01 
1.3441960892e-01 1.3441960892e-01 1.3441960892e-01 1.3441960892e-01 1.3441960892e-01 1.3441960892e-01 
1.1684488217e-01 1.1684488217e-01 1.1684488217e-01 1.1684488217e-01 1.1684488217e-01 1.1684488217e-01 
