3.7374421492e-01 3.7374421492e-01 3.7374421492e-01 3.7374421492e-01 3.7374421492e-01 3.7374421492e-01 
3.7372475922e-01 3.7372475922e-01 3.7372475922e-01 3.7372475922e-01 3.7372475922e-01 3.7372475922e-01 
3.7366506958e-01 3.7366506958e-01 3.7366506958e-01 3.7366506958e-01 3.7366506958e-01 3.7366506958e-01 
3.7356056943e-01 3.7356056943e-01 3.7356056943e-01 3.7356056943e-01 3.7356056943e-01 3.7356056943e-01 
3.7340137994e-01 3.7340137994e-01 3.7340137994e-01 3.7340137994e-01 3.7340137994e-01 3.7340137994e-01 
3.7316809754e-01 3.7316809754e-01 3.7316809754e-01 3.7316809754e-01 3.7316809754e-01 3.7316809754e-01 
3.7282390535e-01 3.7282390535e-01 3.7282390535e-01 3.7282390535e-01 3.7282390535e-01 3.7282390535e-01 
3.7230023928e-01 3.7230023928e-01 3.7230023928e-01 3.7230023928e-01 3.7230023928e-01 3.7230023928e-01 
3.7147100678e-01 3.7147100678e-01 3.7147100678e-01 3.7147100678e-01 3.7147100678e-01 3.7147100678e-01 
3.7010756591e-01 3.7010756591e-01 3.7010756591e-01 3.7010756591e-01 3.7010756591e-01 3.7010756591e-01 
3.6781024351e-01 3.6781024351e-01 3.6781024351e-01 3.6781024351e-01 3.6781024351e-01 3.6781024351e-01 
3.6395191618e-01 3.6395191618e-01 3.6395191618e-01 3.6395191618e-01 3.6395191618e-01 3.6395191618e-01 
3.5776685968e-01 3.5776685968e-01 3.5776685968e-01 3.5776685968e-01 3.5776685968e-01 3.5776685968e-01 
3.4861243307e-01 3.4861243307e-01 3.4861243307e-01 3.4861243307e-01 3.4861243307e-01 3.4861243307e-01 
3.3580527584e-01 3.3580527584e-01 3.3580527584e-01 3.3580527584e-01 3.3580527584e-01 3.3580527584e-01 
3.1747821604e-01 3.1747821604e-01 3.1747821604e-01 3.1747821604e-01 3.1747821604e-01 3.1747821604e-01 
2.8886400328e-01 2.8886400328e-01 2.8886400328e-01 2.8886400328e-01 2.8886400328e-01 2.8886400328e-01 
2.4196967858e-01 2.4196967858e-01 2.4196967858e-01 2.4196967858e-01 2.4196967858e-01 2.4196967858e-01 
1.8170930757e-01 1.8170930757e-01 1.8170930757e-01 1.8170930757e-01 1.8170930757e-01 1.8170930757e-01 
1.3966988691e-01 1.3966988691e-01 1.3966988691e-01 1.3966988691e-01 1.3966988691e-01 1.3966988691e-01 
1.2083937911e-01 1.2083937911e-01 1.2083937911e-01 1.2083937911e-01 1.2083937911e-01 1.2083937911e-01 
