3.7574657040e-01 3.7574657040e-01 3.7574657040e-01 3.7574657040e-01 3.7574657040e-01 3.7574657040e-01 
3.7572986058e-01 3.7572986058e-01 3.7572986058e-01 3.7572986058e-01 3.7572986058e-01 3.7572986058e-01 
3.7567844307e-01 3.7567844307e-01 3.7567844307e-01 3.7567844307e-01 3.7567844307e-01 3.7567844307e-01 
3.7558786948e-01 3.7558786948e-01 3.7558786948e-01 3.7558786948e-01 3.7558786948e-01 3.7558786948e-01 
3.7544856460e-01 3.7544856460e-01 3.7544856460e-01 3.7544856460e-01 3.7544856460e-01 3.7544856460e-01 
3.7524176434e-01 3.7524176434e-01 3.7524176434e-01 3.7524176434e-01 3.7524176434e-01 3.7524176434e-01 
3.7493188837e-01 3.7493188837e-01 3.7493188837e-01 3.7493188837e-01 3.7493188837e-01 3.7493188837e-01 
3.7445253793e-01 3.7445253793e-01 3.7445253793e-01 3.7445253793e-01 3.7445253793e-01 3.7445253793e-01 
3.7368085008e-01 3.7368085008e-01 3.7368085008e-01 3.7368085008e-01 3.7368085008e-01 3.7368085008e-01 
3.7239141605e-01 3.7239141605e-01 3.7239141605e-01 3.7239141605e-01 3.7239141605e-01 3.7239141605e-01 
3.7018297891e-01 3.7018297891e-01 3.7018297891e-01 3.7018297891e-01 3.7018297891e-01 3.7018297891e-01 
3.6641071762e-01 3.6641071762e-01 3.6641071762e-01 3.6641071762e-01 3.6641071762e-01 3.6641071762e-01 
3.6026742826e-01 3.6026742826e-01 3.6026742826e-01 3.6026742826e-01 3.6026742826e-01 3.6026742826e-01 
3.5107366657e-01 3.5107366657e-01 3.5107366657e-01 3.5107366657e-01 3.5107366657e-01 3.5107366657e-01 
3.3816381720e-01 3.3816381720e-01 3.3816381720e-01 3.3816381720e-01 3.3816381720e-01 3.3816381720e-01 
3.1973197986e-01 3.1973197986e-01 3.1973197986e-01 3.1973197986e-01 3.1973197986e-01 3.1973197986e-01 
2.9105096163e-01 2.9105096163e-01 2.9105096163e-01 2.9105096163e-01 2.9105096163e-01 2.9105096163e-01 
2.4405968341e-01 2.4405968341e-01 2.4405968341e-01 2.4405968341e-01 2.4405968341e-01 2.4405968341e-01 
1.8346118362e-01 1.8346118362e-01 1.8346118362e-01 1.8346118362e-01 1.8346118362e-01 1.8346118362e-01 
1.4097405480e-01 1.4097405480e-01 1.4097405480e-01 1.4097405480e-01 1.4097405480e-01 1.4097405480e-01 
1.2183461071e-01 1.2183461071e-01 1.2183461071e-01 1.2183461071e-01 1.2183461071e-01 1.2183461071e-01 
