3.9809131621e-01 3.9809131621e-01 3.9809131621e-01 3.9809131621e-01 3.9809131621e-01 3.9809131621e-01 
3.9732048917e-01 3.9732048917e-01 3.9732048917e-01 3.9732048917e-01 3.9732048917e-01 3.9732048917e-01 
3.9488567501e-01 3.9488567501e-01 3.9488567501e-01 3.9488567501e-01 3.9488567501e-01 3.9488567501e-01 
3.9045883216e-01 3.9045883216e-01 3.9045883216e-01 3.9045883216e-01 3.9045883216e-01 3.9045883216e-01 
3.8362525384e-01 3.8362525384e-01 3.8362525384e-01 3.8362525384e-01 3.8362525384e-01 3.8362525384e-01 
3.7401637070e-01 3.7401637070e-01 3.7401637070e-01 3.7401637070e-01 3.7401637070e-01 3.7401637070e-01 
3.6135754781e-01 3.6135754781e-01 3.6135754781e-01 3.6135754781e-01 3.6135754781e-01 3.6135754781e-01 
3.4546370391e-01 3.4546370391e-01 3.4546370391e-01 3.4546370391e-01 3.4546370391e-01 3.4546370391e-01 
3.2626049010e-01 3.2626049010e-01 3.2626049010e-01 3.2626049010e-01 3.2626049010e-01 3.2626049010e-01 
3.0384448440e-01 3.0384448440e-01 3.0384448440e-01 3.0384448440e-01 3.0384448440e-01 3.0384448440e-01 
2.7856170670e-01 2.7856170670e-01 2.7856170670e-01 2.7856170670e-01 2.7856170670e-01 2.7856170670e-01 
2.5108953045e-01 2.5108953045e-01 2.5108953045e-01 2.5108953045e-01 2.5108953045e-01 2.5108953045e-01 
2.2248636836e-01 2.2248636836e-01 2.2248636836e-01 2.2248636836e-01 2.2248636836e-01 2.2248636836e-01 
1.9413270441e-01 1.9413270441e-01 1.9413270441e-01 1.9413270441e-01 1.9413270441e-01 1.9413270441e-01 
1.6760023414e-01 1.6760023414e-01 1.6760023414e-01 1.6760023414e-01 1.6760023414e-01 1.6760023414e-01 
1.4438100415e-01 1.4438100415e-01 1.4438100415e-01 1.4438100415e-01 1.4438100415e-01 1.4438100415e-01 
1.2565437690e-01 1.2565437690e-01 1.2565437690e-01 1.2565437690e-01 1.2565437690e-01 1.2565437690e-01 
1.1144500295e-01 1.1144500295e-01 1.1144500295e-01 1.1144500295e-01 1.1144500295e-01 1.1144500295e-01 
9.9586101882e-02 9.9586101882e-02 9.9586101882e-02 9.9586101882e-02 9.9586101882e-02 9.9586101882e-02 
7.6953390383e-02 7.6953390383e-02 7.6953390383e-02 7.6953390383e-02 7.6953390383e-02 7.6953390383e-02 
8.7435371581e-02 8.7435371581e-02 8.7435371581e-02 8.7435371581e-02 8.7435371581e-02 8.7435371581e-02 
