3.9082053006e-01 3.9082053006e-01 3.9082053006e-01 3.9082053006e-01 3.9082053006e-01 3.9082053006e-01 
3.9111048003e-01 3.9111048003e-01 3.9111048003e-01 3.9111048003e-01 3.9111048003e-01 3.9111048003e-01 
3.9190129093e-01 3.9190129093e-01 3.9190129093e-01 3.9190129093e-01 3.9190129093e-01 3.9190129093e-01 
3.9298716110e-01 3.9298716110e-01 3.9298716110e-01 3.9298716110e-01 3.9298716110e-01 3.9298716110e-01 
3.9413533029e-01 3.9413533029e-01 3.9413533029e-01 3.9413533029e-01 3.9413533029e-01 3.9413533029e-01 
3.9519733934e-01 3.9519733934e-01 3.9519733934e-01 3.9519733934e-01 3.9519733934e-01 3.9519733934e-01 
3.9613617107e-01 3.9613617107e-01 3.9613617107e-01 3.9613617107e-01 3.9613617107e-01 3.9613617107e-01 
3.9699588446e-01 3.9699588446e-01 3.9699588446e-01 3.9699588446e-01 3.9699588446e-01 3.9699588446e-01 
3.9789035182e-01 3.9789035182e-01 3.9789035182e-01 3.9789035182e-01 3.9789035182e-01 3.9789035182e-01 
3.9903498618e-01 3.9903498618e-01 3.9903498618e-01 3.9903498618e-01 3.9903498618e-01 3.9903498618e-01 
4.0082397745e-01 4.0082397745e-01 4.0082397745e-01 4.0082397745e-01 4.0082397745e-01 4.0082397745e-01 
4.0398687359e-01 4.0398687359e-01 4.0398687359e-01 4.0398687359e-01 4.0398687359e-01 4.0398687359e-01 
4.0987147183e-01 4.0987147183e-01 4.0987147183e-01 4.0987147183e-01 4.0987147183e-01 4.0987147183e-01 
4.2086508115e-01 4.2086508115e-01 4.2086508115e-01 4.2086508115e-01 4.2086508115e-01 4.2086508115e-01 
4.4119240476e-01 4.4119240476e-01 4.4119240476e-01 4.4119240476e-01 4.4119240476e-01 4.4119240476e-01 
4.7821416730e-01 4.7821416730e-01 4.7821416730e-01 4.7821416730e-01 4.7821416730e-01 4.7821416730e-01 
5.4516084310e-01 5.4516084310e-01 5.4516084310e-01 5.4516084310e-01 5.4516084310e-01 5.4516084310e-01 
6.6321989638e-01 6.6321989638e-01 6.6321989638e-01 6.6321989638e-01 6.6321989638e-01 6.6321989638e-01 
8.6120580502e-01 8.6120580502e-01 8.6120580502e-01 8.6120580502e-01 8.6120580502e-01 8.6120580502e-01 
1.1470891739e+00 1.1470891739e+00 1.1470891739e+00 1.1470891739e+00 1.1470891739e+00 1.1470891739e+00 
1.4777854215e+00 1.4777854215e+00 1.4777854215e+00 1.4777854215e+00 1.4777854215e+00 1.4777854215e+00 
