1.8750972682e-01 1.8750972682e-01 1.8750972682e-01 1.8750972682e-01 1.8750972682e-01 1.8750972682e-01 
1.8746121942e-01 1.8746121942e-01 1.8746121942e-01 1.8746121942e-01 1.8746121942e-01 1.8746121942e-01 
1.8731525260e-01 1.8731525260e-01 1.8731525260e-01 1.8731525260e-01 1.8731525260e-01 1.8731525260e-01 
1.8707032103e-01 1.8707032103e-01 1.8707032103e-01 1.8707032103e-01 1.8707032103e-01 1.8707032103e-01 
1.8672328232e-01 1.8672328232e-01 1.8672328232e-01 1.8672328232e-01 1.8672328232e-01 1.8672328232e-01 
1.8626816701e-01 1.8626816701e-01 1.8626816701e-01 1.8626816701e-01 1.8626816701e-01 1.8626816701e-01 
1.8569393784e-01 1.8569393784e-01 1.8569393784e-01 1.8569393784e-01 1.8569393784e-01 1.8569393784e-01 
1.8498037325e-01 1.8498037325e-01 1.8498037325e-01 1.8498037325e-01 1.8498037325e-01 1.8498037325e-01 
1.8409058722e-01 1.8409058722e-01 1.8409058722e-01 1.8409058722e-01 1.8409058722e-01 1.8409058722e-01 
1.8295756671e-01 1.8295756671e-01 1.8295756671e-01 1.8295756671e-01 1.8295756671e-01 1.8295756671e-01 
1.8146024414e-01 1.8146024414e-01 1.8146024414e-01 1.8146024414e-01 1.8146024414e-01 1.8146024414e-01 
1.7938199205e-01 1.7938199205e-01 1.7938199205e-01 1.7938199205e-01 1.7938199205e-01 1.7938199205e-01 
1.7634299779e-01 1.7634299779e-01 1.7634299779e-01 1.7634299779e-01 1.7634299779e-01 1.7634299779e-01 
1.7171020078e-01 1.7171020078e-01 1.7171020078e-01 1.7171020078e-01 1.7171020078e-01 1.7171020078e-01 
1.6456235383e-01 1.6456235383e-01 1.6456235383e-01 1.6456235383e-01 1.6456235383e-01 1.6456235383e-01 
1.5399373725e-01 1.5399373725e-01 1.5399373725e-01 1.5399373725e-01 1.5399373725e-01 1.5399373725e-01 
1.4012033537e-01 1.4012033537e-01 1.4012033537e-01 1.4012033537e-01 1.4012033537e-01 1.4012033537e-01 
1.2537484524e-01 1.2537484524e-01 1.2537484524e-01 1.2537484524e-01 1.2537484524e-01 1.2537484524e-01 
1.1391101605e-01 1.1391101605e-01 1.1391101605e-01 1.1391101605e-01 1.1391101605e-01 1.1391101605e-01 
1.0732530949e-01 1.0732530949e-01 1.0732530949e-01 1.0732530949e-01 1.0732530949e-01 1.0732530949e-01 
1.0403283862e-01 1.0403283862e-01 1.0403283862e-01 1.0403283862e-01 1.0403283862e-01 1.0403283862e-01 
