3.5620893584e-01 3.5620893584e-01 3.5620893584e-01 3.5620893584e-01 3.5620893584e-01 3.5620893584e-01 
3.5649037575e-01 3.5649037575e-01 3.5649037575e-01 3.5649037575e-01 3.5649037575e-01 3.5649037575e-01 
3.5726220407e-01 3.5726220407e-01 3.5726220407e-01 3.5726220407e-01 3.5726220407e-01 3.5726220407e-01 
3.5833562554e-01 3.5833562554e-01 3.5833562554e-01 3.5833562554e-01 3.5833562554e-01 3.5833562554e-01 
3.5949702877e-01 3.5949702877e-01 3.5949702877e-01 3.5949702877e-01 3.5949702877e-01 3.5949702877e-01 
3.6061003520e-01 3.6061003520e-01 3.6061003520e-01 3.6061003520e-01 3.6061003520e-01 3.6061003520e-01 
3.6164028976e-01 3.6164028976e-01 3.6164028976e-01 3.6164028976e-01 3.6164028976e-01 3.6164028976e-01 
3.6262719450e-01 3.6262719450e-01 3.6262719450e-01 3.6262719450e-01 3.6262719450e-01 3.6262719450e-01 
3.6367267278e-01 3.6367267278e-01 3.6367267278e-01 3.6367267278e-01 3.6367267278e-01 3.6367267278e-01 
3.6496846413e-01 3.6496846413e-01 3.6496846413e-01 3.6496846413e-01 3.6496846413e-01 3.6496846413e-01 
3.6686329054e-01 3.6686329054e-01 3.6686329054e-01 3.6686329054e-01 3.6686329054e-01 3.6686329054e-01 
3.6999882907e-01 3.6999882907e-01 3.6999882907e-01 3.6999882907e-01 3.6999882907e-01 3.6999882907e-01 
3.7555242074e-01 3.7555242074e-01 3.7555242074e-01 3.7555242074e-01 3.7555242074e-01 3.7555242074e-01 
3.8558356107e-01 3.8558356107e-01 3.8558356107e-01 3.8558356107e-01 3.8558356107e-01 3.8558356107e-01 
4.0366504537e-01 4.0366504537e-01 4.0366504537e-01 4.0366504537e-01 4.0366504537e-01 4.0366504537e-01 
4.3580138964e-01 4.3580138964e-01 4.3580138964e-01 4.3580138964e-01 4.3580138964e-01 4.3580138964e-01 
4.9218407903e-01 4.9218407903e-01 4.9218407903e-01 4.9218407903e-01 4.9218407903e-01 4.9218407903e-01 
5.8724655697e-01 5.8724655697e-01 5.8724655697e-01 5.8724655697e-01 5.8724655697e-01 5.8724655697e-01 
7.3701947572e-01 7.3701947572e-01 7.3701947572e-01 7.3701947572e-01 7.3701947572e-01 7.3701947572e-01 
9.3982775093e-01 9.3982775093e-01 9.3982775093e-01 9.3982775093e-01 9.3982775093e-01 9.3982775093e-01 
1.1675134849e+00 1.1675134849e+00 1.1675134849e+00 1.1675134849e+00 1.1675134849e+00 1.1675134849e+00 
