1.2557240158e-01 1.2557240158e-01 1.2557240158e-01 1.2557240158e-01 1.2557240158e-01 1.2557240158e-01 
1.2556841675e-01 1.2556841675e-01 1.2556841675e-01 1.2556841675e-01 1.2556841675e-01 1.2556841675e-01 
1.2555604850e-01 1.2555604850e-01 1.2555604850e-01 1.2555604850e-01 1.2555604850e-01 1.2555604850e-01 
1.2553395536e-01 1.2553395536e-01 1.2553395536e-01 1.2553395536e-01 1.2553395536e-01 1.2553395536e-01 
1.2549953876e-01 1.2549953876e-01 1.2549953876e-01 1.2549953876e-01 1.2549953876e-01 1.2549953876e-01 
1.2544828755e-01 1.2544828755e-01 1.2544828755e-01 1.2544828755e-01 1.2544828755e-01 1.2544828755e-01 
1.2537259427e-01 1.2537259427e-01 1.2537259427e-01 1.2537259427e-01 1.2537259427e-01 1.2537259427e-01 
1.2525966494e-01 1.2525966494e-01 1.2525966494e-01 1.2525966494e-01 1.2525966494e-01 1.2525966494e-01 
1.2508785322e-01 1.2508785322e-01 1.2508785322e-01 1.2508785322e-01 1.2508785322e-01 1.2508785322e-01 
1.2482028182e-01 1.2482028182e-01 1.2482028182e-01 1.2482028182e-01 1.2482028182e-01 1.2482028182e-01 
1.2439393546e-01 1.2439393546e-01 1.2439393546e-01 1.2439393546e-01 1.2439393546e-01 1.2439393546e-01 
1.2370180659e-01 1.2370180659e-01 1.2370180659e-01 1.2370180659e-01 1.2370180659e-01 1.2370180659e-01 
1.2256717065e-01 1.2256717065e-01 1.2256717065e-01 1.2256717065e-01 1.2256717065e-01 1.2256717065e-01 
1.2072238574e-01 1.2072238574e-01 1.2072238574e-01 1.2072238574e-01 1.2072238574e-01 1.2072238574e-01 
1.1786056193e-01 1.1786056193e-01 1.1786056193e-01 1.1786056193e-01 1.1786056193e-01 1.1786056193e-01 
1.1393182355e-01 1.1393182355e-01 1.1393182355e-01 1.1393182355e-01 1.1393182355e-01 1.1393182355e-01 
1.0962391873e-01 1.0962391873e-01 1.0962391873e-01 1.0962391873e-01 1.0962391873e-01 1.0962391873e-01 
1.0605881048e-01 1.0605881048e-01 1.0605881048e-01 1.0605881048e-01 1.0605881048e-01 1.0605881048e-01 
1.0369867040e-01 1.0369867040e-01 1.0369867040e-01 1.0369867040e-01 1.0369867040e-01 1.0369867040e-01 
1.0229380238e-01 1.0229380238e-01 1.0229380238e-01 1.0229380238e-01 1.0229380238e-01 1.0229380238e-01 
1.0147615585e-01 1.0147615585e-01 1.0147615585e-01 1.0147615585e-01 1.0147615585e-01 1.0147615585e-01 
