3.7134032596e-01 3.7134032596e-01 3.7134032596e-01 3.7134032596e-01 3.7134032596e-01 3.7134032596e-01 
3.7131771125e-01 3.7131771125e-01 3.7131771125e-01 3.7131771125e-01 3.7131771125e-01 3.7131771125e-01 
3.7124854589e-01 3.7124854589e-01 3.7124854589e-01 3.7124854589e-01 3.7124854589e-01 3.7124854589e-01 
3.7112824469e-01 3.7112824469e-01 3.7112824469e-01 3.7112824469e-01 3.7112824469e-01 3.7112824469e-01 
3.7094686850e-01 3.7094686850e-01 3.7094686850e-01 3.7094686850e-01 3.7094686850e-01 3.7094686850e-01 
3.7068482148e-01 3.7068482148e-01 3.7068482148e-01 3.7068482148e-01 3.7068482148e-01 3.7068482148e-01 
3.7030484416e-01 3.7030484416e-01 3.7030484416e-01 3.7030484416e-01 3.7030484416e-01 3.7030484416e-01 
3.6973759343e-01 3.6973759343e-01 3.6973759343e-01 3.6973759343e-01 3.6973759343e-01 3.6973759343e-01 
3.6885613037e-01 3.6885613037e-01 3.6885613037e-01 3.6885613037e-01 3.6885613037e-01 3.6885613037e-01 
3.6743253024e-01 3.6743253024e-01 3.6743253024e-01 3.6743253024e-01 3.6743253024e-01 3.6743253024e-01 
3.6507450608e-01 3.6507450608e-01 3.6507450608e-01 3.6507450608e-01 3.6507450608e-01 3.6507450608e-01 
3.6117825285e-01 3.6117825285e-01 3.6117825285e-01 3.6117825285e-01 3.6117825285e-01 3.6117825285e-01 
3.5501787269e-01 3.5501787269e-01 3.5501787269e-01 3.5501787269e-01 3.5501787269e-01 3.5501787269e-01 
3.4597332206e-01 3.4597332206e-01 3.4597332206e-01 3.4597332206e-01 3.4597332206e-01 3.4597332206e-01 
3.3332729952e-01 3.3332729952e-01 3.3332729952e-01 3.3332729952e-01 3.3332729952e-01 3.3332729952e-01 
3.1514635873e-01 3.1514635873e-01 3.1514635873e-01 3.1514635873e-01 3.1514635873e-01 3.1514635873e-01 
2.8662768614e-01 2.8662768614e-01 2.8662768614e-01 2.8662768614e-01 2.8662768614e-01 2.8662768614e-01 
2.3985330147e-01 2.3985330147e-01 2.3985330147e-01 2.3985330147e-01 2.3985330147e-01 2.3985330147e-01 
1.7994856809e-01 1.7994856809e-01 1.7994856809e-01 1.7994856809e-01 1.7994856809e-01 1.7994856809e-01 
1.3836360241e-01 1.3836360241e-01 1.3836360241e-01 1.3836360241e-01 1.3836360241e-01 1.3836360241e-01 
1.1984335469e-01 1.1984335469e-01 1.1984335469e-01 1.1984335469e-01 1.1984335469e-01 1.1984335469e-01 
