4.2474426759e-01 4.2474426759e-01 4.2474426759e-01 4.2474426759e-01 4.2474426759e-01 4.2474426759e-01 
4.2453138149e-01 4.2453138149e-01 4.2453138149e-01 4.2453138149e-01 4.2453138149e-01 4.2453138149e-01 
4.2376051170e-01 4.2376051170e-01 4.2376051170e-01 4.2376051170e-01 4.2376051170e-01 4.2376051170e-01 
4.2207005248e-01 4.2207005248e-01 4.2207005248e-01 4.2207005248e-01 4.2207005248e-01 4.2207005248e-01 
4.1897930131e-01 4.1897930131e-01 4.1897930131e-01 4.1897930131e-01 4.1897930131e-01 4.1897930131e-01 
4.1401001364e-01 4.1401001364e-01 4.1401001364e-01 4.1401001364e-01 4.1401001364e-01 4.1401001364e-01 
4.0671720091e-01 4.0671720091e-01 4.0671720091e-01 4.0671720091e-01 4.0671720091e-01 4.0671720091e-01 
3.9666363443e-01 3.9666363443e-01 3.9666363443e-01 3.9666363443e-01 3.9666363443e-01 3.9666363443e-01 
3.8342487061e-01 3.8342487061e-01 3.8342487061e-01 3.8342487061e-01 3.8342487061e-01 3.8342487061e-01 
3.6664932061e-01 3.6664932061e-01 3.6664932061e-01 3.6664932061e-01 3.6664932061e-01 3.6664932061e-01 
3.4616491405e-01 3.4616491405e-01 3.4616491405e-01 3.4616491405e-01 3.4616491405e-01 3.4616491405e-01 
3.2213187787e-01 3.2213187787e-01 3.2213187787e-01 3.2213187787e-01 3.2213187787e-01 3.2213187787e-01 
2.9521014099e-01 2.9521014099e-01 2.9521014099e-01 2.9521014099e-01 2.9521014099e-01 2.9521014099e-01 
2.6663302466e-01 2.6663302466e-01 2.6663302466e-01 2.6663302466e-01 2.6663302466e-01 2.6663302466e-01 
2.3818990309e-01 2.3818990309e-01 2.3818990309e-01 2.3818990309e-01 2.3818990309e-01 2.3818990309e-01 
2.1195561485e-01 2.1195561485e-01 2.1195561485e-01 2.1195561485e-01 2.1195561485e-01 2.1195561485e-01 
1.8994557525e-01 1.8994557525e-01 1.8994557525e-01 1.8994557525e-01 1.8994557525e-01 1.8994557525e-01 
1.7268803904e-01 1.7268803904e-01 1.7268803904e-01 1.7268803904e-01 1.7268803904e-01 1.7268803904e-01 
1.5727079098e-01 1.5727079098e-01 1.5727079098e-01 1.5727079098e-01 1.5727079098e-01 1.5727079098e-01 
1.2299527950e-01 1.2299527950e-01 1.2299527950e-01 1.2299527950e-01 1.2299527950e-01 1.2299527950e-01 
1.4030617463e-01 1.4030617463e-01 1.4030617463e-01 1.4030617463e-01 1.4030617463e-01 1.4030617463e-01 
