2.0000000000e-01 2.0000000000e-01 2.0000000000e-01 2.0000000000e-01 2.0000000000e-01 2.0000000000e-01 
2.0000000000e-01 2.0000000000e-01 2.0000000000e-01 2.0000000000e-01 2.0000000000e-01 2.0000000000e-01 
2.0000000000e-01 2.0000000000e-01 2.0000000000e-01 2.0000000000e-01 2.0000000000e-01 2.0000000000e-01 
2.0000000000e-01 2.0000000000e-01 2.0000000000e-01 2.0000000000e-01 2.0000000000e-01 2.0000000000e-01 
2.0000000000e-01 2.0000000000e-01 2.0000000000e-01 2.0000000000e-01 2.0000000000e-01 2.0000000000e-01 
2.0000000000e-01 2.0000000000e-01 2.0000000000e-01 2.0000000000e-01 2.0000000000e-01 2.0000000000e-01 
2.0000000000e-01 2.0000000000e-01 2.0000000000e-01 2.0000000000e-01 2.0000000000e-01 2.0000000000e-01 
2.0000000000e-01 2.0000000000e-01 2.0000000000e-01 2.0000000000e-01 2.0000000000e-01 2.0000000000e-01 
2.0000000000e-01 2.0000000000e-01 2.0000000000e-01 2.0000000000e-01 2.0000000000e-01 2.0000000000e-01 
2.0000000000e-01 2.0000000000e-01 2.0000000000e-01 2.0000000000e-01 2.0000000000e-01 2.0000000000e-01 
2.0000000000e-01 2.0000000000e-01 2.0000000000e-01 2.0000000000e-01 2.0000000000e-01 2.0000000000e-01 
2.0000000000e-01 2.0000000000e-01 2.0000000000e-01 2.0000000000e-01 2.0000000000e-01 2.0000000000e-01 
2.0000000000e-01 2.0000000000e-01 2.0000000000e-01 2.0000000000e-01 2.0000000000e-01 2.0000000000e-01 
2.0000000000e-01 2.0000000000e-01 2.0000000000e-01 2.0000000000e-01 2.0000000000e-01 2.0000000000e-01 
2.0000000000e-01 2.0000000000e-01 2.0000000000e-01 2.0000000000e-01 2.0000000000e-01 2.0000000000e-01 
2.0000000000e-01 2.0000000000e-01 2.0000000000e-01 2.0000000000e-01 2.0000000000e-01 2.0000000000e-01 
2.0000000000e-01 2.0000000000e-01 2.0000000000e-01 2.0000000000e-01 2.0000000000e-01 2.0000000000e-01 
2.0000000000e-01 2.0000000000e-01 2.0000000000e-01 2.0000000000e-01 2.0000000000e-01 2.0000000000e-01 
2.0000000000e-01 2.0000000000e-01 2.0000000000e-01 2.0000000000e-01 2.0000000000e-01 2.0000000000e-01 
2.0000000000e-01 2.0000000000e-01 2.0000000000e-01 2.0000000000e-01 2.0000000000e-01 2.0000000000e-01 
2.0000000000e-01 2.0000000000e-01 2.0000000000e-01 2.0000000000e-01 2.0000000000e-01 2.0000000000e-01 
