4.3208160521e-01 4.3208160521e-01 4.3208160521e-01 4.3208160521e-01 4.3208160521e-01 4.3208160521e-01 
4.3236740495e-01 4.3236740495e-01 4.3236740495e-01 4.3236740495e-01 4.3236740495e-01 4.3236740495e-01 
4.3313800476e-01 4.3313800476e-01 4.3313800476e-01 4.3313800476e-01 4.3313800476e-01 4.3313800476e-01 
4.3416748489e-01 4.3416748489e-01 4.3416748489e-01 4.3416748489e-01 4.3416748489e-01 4.3416748489e-01 
4.3520050936e-01 4.3520050936e-01 4.3520050936e-01 4.3520050936e-01 4.3520050936e-01 4.3520050936e-01 
4.3607447105e-01 4.3607447105e-01 4.3607447105e-01 4.3607447105e-01 4.3607447105e-01 4.3607447105e-01 
4.3674936597e-01 4.3674936597e-01 4.3674936597e-01 4.3674936597e-01 4.3674936597e-01 4.3674936597e-01 
4.3727487375e-01 4.3727487375e-01 4.3727487375e-01 4.3727487375e-01 4.3727487375e-01 4.3727487375e-01 
4.3777886260e-01 4.3777886260e-01 4.3777886260e-01 4.3777886260e-01 4.3777886260e-01 4.3777886260e-01 
4.3850384133e-01 4.3850384133e-01 4.3850384133e-01 4.3850384133e-01 4.3850384133e-01 4.3850384133e-01 
4.3989492057e-01 4.3989492057e-01 4.3989492057e-01 4.3989492057e-01 4.3989492057e-01 4.3989492057e-01 
4.4277803979e-01 4.4277803979e-01 4.4277803979e-01 4.4277803979e-01 4.4277803979e-01 4.4277803979e-01 
4.4868399920e-01 4.4868399920e-01 4.4868399920e-01 4.4868399920e-01 4.4868399920e-01 4.4868399920e-01 
4.6034281642e-01 4.6034281642e-01 4.6034281642e-01 4.6034281642e-01 4.6034281642e-01 4.6034281642e-01 
4.8263648355e-01 4.8263648355e-01 4.8263648355e-01 4.8263648355e-01 4.8263648355e-01 4.8263648355e-01 
5.2421550443e-01 5.2421550443e-01 5.2421550443e-01 5.2421550443e-01 5.2421550443e-01 5.2421550443e-01 
6.0089911455e-01 6.0089911455e-01 6.0089911455e-01 6.0089911455e-01 6.0089911455e-01 6.0089911455e-01 
7.3801729321e-01 7.3801729321e-01 7.3801729321e-01 7.3801729321e-01 7.3801729321e-01 7.3801729321e-01 
9.6086456393e-01 9.6086456393e-01 9.6086456393e-01 9.6086456393e-01 9.6086456393e-01 9.6086456393e-01 
1.0669999040e+00 1.0669999040e+00 1.0669999040e+00 1.0669999040e+00 1.0669999040e+00 1.0669999040e+00 
1.3910969231e+00 1.3910969231e+00 1.3910969231e+00 1.3910969231e+00 1.3910969231e+00 1.3910969231e+00 
