3.5005713053e-01 3.5005713053e-01 3.5005713053e-01 3.5005713053e-01 3.5005713053e-01 3.5005713053e-01 
3.5001032303e-01 3.5001032303e-01 3.5001032303e-01 3.5001032303e-01 3.5001032303e-01 3.5001032303e-01 
3.4986950264e-01 3.4986950264e-01 3.4986950264e-01 3.4986950264e-01 3.4986950264e-01 3.4986950264e-01 
3.4963312591e-01 3.4963312591e-01 3.4963312591e-01 3.4963312591e-01 3.4963312591e-01 3.4963312591e-01 
3.4929731340e-01 3.4929731340e-01 3.4929731340e-01 3.4929731340e-01 3.4929731340e-01 3.4929731340e-01 
3.4885334922e-01 3.4885334922e-01 3.4885334922e-01 3.4885334922e-01 3.4885334922e-01 3.4885334922e-01 
3.4828291676e-01 3.4828291676e-01 3.4828291676e-01 3.4828291676e-01 3.4828291676e-01 3.4828291676e-01 
3.4754935058e-01 3.4754935058e-01 3.4754935058e-01 3.4754935058e-01 3.4754935058e-01 3.4754935058e-01 
3.4658200483e-01 3.4658200483e-01 3.4658200483e-01 3.4658200483e-01 3.4658200483e-01 3.4658200483e-01 
3.4524930500e-01 3.4524930500e-01 3.4524930500e-01 3.4524930500e-01 3.4524930500e-01 3.4524930500e-01 
3.4331556331e-01 3.4331556331e-01 3.4331556331e-01 3.4331556331e-01 3.4331556331e-01 3.4331556331e-01 
3.4038380722e-01 3.4038380722e-01 3.4038380722e-01 3.4038380722e-01 3.4038380722e-01 3.4038380722e-01 
3.3585222278e-01 3.3585222278e-01 3.3585222278e-01 3.3585222278e-01 3.3585222278e-01 3.3585222278e-01 
3.2890360260e-01 3.2890360260e-01 3.2890360260e-01 3.2890360260e-01 3.2890360260e-01 3.2890360260e-01 
3.1832714163e-01 3.1832714163e-01 3.1832714163e-01 3.1832714163e-01 3.1832714163e-01 3.1832714163e-01 
3.0176673585e-01 3.0176673585e-01 3.0176673585e-01 3.0176673585e-01 3.0176673585e-01 3.0176673585e-01 
2.7433883459e-01 2.7433883459e-01 2.7433883459e-01 2.7433883459e-01 2.7433883459e-01 2.7433883459e-01 
2.2864281751e-01 2.2864281751e-01 2.2864281751e-01 2.2864281751e-01 2.2864281751e-01 2.2864281751e-01 
1.7088586473e-01 1.7088586473e-01 1.7088586473e-01 1.7088586473e-01 1.7088586473e-01 1.7088586473e-01 
1.3174281803e-01 1.3174281803e-01 1.3174281803e-01 1.3174281803e-01 1.3174281803e-01 1.3174281803e-01 
1.1482972693e-01 1.1482972693e-01 1.1482972693e-01 1.1482972693e-01 1.1482972693e-01 1.1482972693e-01 
