4.2259076350e-01 4.2259076350e-01 4.2259076350e-01 4.2259076350e-01 4.2259076350e-01 4.2259076350e-01 
4.2287943934e-01 4.2287943934e-01 4.2287943934e-01 4.2287943934e-01 4.2287943934e-01 4.2287943934e-01 
4.2366043608e-01 4.2366043608e-01 4.2366043608e-01 4.2366043608e-01 4.2366043608e-01 4.2366043608e-01 
4.2471240691e-01 4.2471240691e-01 4.2471240691e-01 4.2471240691e-01 4.2471240691e-01 4.2471240691e-01 
4.2578511018e-01 4.2578511018e-01 4.2578511018e-01 4.2578511018e-01 4.2578511018e-01 4.2578511018e-01 
4.2671905469e-01 4.2671905469e-01 4.2671905469e-01 4.2671905469e-01 4.2671905469e-01 4.2671905469e-01 
4.2747475128e-01 4.2747475128e-01 4.2747475128e-01 4.2747475128e-01 4.2747475128e-01 4.2747475128e-01 
4.2810038737e-01 4.2810038737e-01 4.2810038737e-01 4.2810038737e-01 4.2810038737e-01 4.2810038737e-01 
4.2872040922e-01 4.2872040922e-01 4.2872040922e-01 4.2872040922e-01 4.2872040922e-01 4.2872040922e-01 
4.2957095611e-01 4.2957095611e-01 4.2957095611e-01 4.2957095611e-01 4.2957095611e-01 4.2957095611e-01 
4.3108553482e-01 4.3108553482e-01 4.3108553482e-01 4.3108553482e-01 4.3108553482e-01 4.3108553482e-01 
4.3406877474e-01 4.3406877474e-01 4.3406877474e-01 4.3406877474e-01 4.3406877474e-01 4.3406877474e-01 
4.4001254289e-01 4.4001254289e-01 4.4001254289e-01 4.4001254289e-01 4.4001254289e-01 4.4001254289e-01 
4.5157864372e-01 4.5157864372e-01 4.5157864372e-01 4.5157864372e-01 4.5157864372e-01 4.5157864372e-01 
4.7353538125e-01 4.7353538125e-01 4.7353538125e-01 4.7353538125e-01 4.7353538125e-01 4.7353538125e-01 
5.1438180785e-01 5.1438180785e-01 5.1438180785e-01 5.1438180785e-01 5.1438180785e-01 5.1438180785e-01 
5.8997081675e-01 5.8997081675e-01 5.8997081675e-01 5.8997081675e-01 5.8997081675e-01 5.8997081675e-01 
7.2772380200e-01 7.2772380200e-01 7.2772380200e-01 7.2772380200e-01 7.2772380200e-01 7.2772380200e-01 
9.6984702505e-01 9.6984702505e-01 9.6984702505e-01 9.6984702505e-01 9.6984702505e-01 9.6984702505e-01 
1.3373282002e+00 1.3373282002e+00 1.3373282002e+00 1.3373282002e+00 1.3373282002e+00 1.3373282002e+00 
1.7700697378e+00 1.7700697378e+00 1.7700697378e+00 1.7700697378e+00 1.7700697378e+00 1.7700697378e+00 
