4.3042822523e-01 4.3042822523e-01 4.3042822523e-01 4.3042822523e-01 4.3042822523e-01 4.3042822523e-01 
4.3071464832e-01 4.3071464832e-01 4.3071464832e-01 4.3071464832e-01 4.3071464832e-01 4.3071464832e-01 
4.3148742386e-01 4.3148742386e-01 4.3148742386e-01 4.3148742386e-01 4.3148742386e-01 4.3148742386e-01 
4.3252142136e-01 4.3252142136e-01 4.3252142136e-01 4.3252142136e-01 4.3252142136e-01 4.3252142136e-01 
4.3356218001e-01 4.3356218001e-01 4.3356218001e-01 4.3356218001e-01 4.3356218001e-01 4.3356218001e-01 
4.3444761939e-01 4.3444761939e-01 4.3444761939e-01 4.3444761939e-01 4.3444761939e-01 4.3444761939e-01 
4.3513780632e-01 4.3513780632e-01 4.3513780632e-01 4.3513780632e-01 4.3513780632e-01 4.3513780632e-01 
4.3568214070e-01 4.3568214070e-01 4.3568214070e-01 4.3568214070e-01 4.3568214070e-01 4.3568214070e-01 
4.3620788058e-01 4.3620788058e-01 4.3620788058e-01 4.3620788058e-01 4.3620788058e-01 4.3620788058e-01 
4.3695643958e-01 4.3695643958e-01 4.3695643958e-01 4.3695643958e-01 4.3695643958e-01 4.3695643958e-01 
4.3837103083e-01 4.3837103083e-01 4.3837103083e-01 4.3837103083e-01 4.3837103083e-01 4.3837103083e-01 
4.4127441462e-01 4.4127441462e-01 4.4127441462e-01 4.4127441462e-01 4.4127441462e-01 4.4127441462e-01 
4.4719269386e-01 4.4719269386e-01 4.4719269386e-01 4.4719269386e-01 4.4719269386e-01 4.4719269386e-01 
4.5885215244e-01 4.5885215244e-01 4.5885215244e-01 4.5885215244e-01 4.5885215244e-01 4.5885215244e-01 
4.8114788837e-01 4.8114788837e-01 4.8114788837e-01 4.8114788837e-01 4.8114788837e-01 4.8114788837e-01 
5.2284425920e-01 5.2284425920e-01 5.2284425920e-01 5.2284425920e-01 5.2284425920e-01 5.2284425920e-01 
6.0041109776e-01 6.0041109776e-01 6.0041109776e-01 6.0041109776e-01 6.0041109776e-01 6.0041109776e-01 
7.4277711491e-01 7.4277711491e-01 7.4277711491e-01 7.4277711491e-01 7.4277711491e-01 7.4277711491e-01 
9.9556695193e-01 9.9556695193e-01 9.9556695193e-01 9.9556695193e-01 9.9556695193e-01 9.9556695193e-01 
1.3834211755e+00 1.3834211755e+00 1.3834211755e+00 1.3834211755e+00 1.3834211755e+00 1.3834211755e+00 
1.8415124247e+00 1.8415124247e+00 1.8415124247e+00 1.8415124247e+00 1.8415124247e+00 1.8415124247e+00 
