3.0786015157e-01 3.0786015157e-01 3.0786015157e-01 3.0786015157e-01 3.0786015157e-01 3.0786015157e-01 
3.0811888403e-01 3.0811888403e-01 3.0811888403e-01 3.0811888403e-01 3.0811888403e-01 3.0811888403e-01 
3.0883173029e-01 3.0883173029e-01 3.0883173029e-01 3.0883173029e-01 3.0883173029e-01 3.0883173029e-01 
3.0983360146e-01 3.0983360146e-01 3.0983360146e-01 3.0983360146e-01 3.0983360146e-01 3.0983360146e-01 
3.1093738578e-01 3.1093738578e-01 3.1093738578e-01 3.1093738578e-01 3.1093738578e-01 3.1093738578e-01 
3.1202287144e-01 3.1202287144e-01 3.1202287144e-01 3.1202287144e-01 3.1202287144e-01 3.1202287144e-01 
3.1305805434e-01 3.1305805434e-01 3.1305805434e-01 3.1305805434e-01 3.1305805434e-01 3.1305805434e-01 
3.1407360716e-01 3.1407360716e-01 3.1407360716e-01 3.1407360716e-01 3.1407360716e-01 3.1407360716e-01 
3.1515121871e-01 3.1515121871e-01 3.1515121871e-01 3.1515121871e-01 3.1515121871e-01 3.1515121871e-01 
3.1644366159e-01 3.1644366159e-01 3.1644366159e-01 3.1644366159e-01 3.1644366159e-01 3.1644366159e-01 
3.1822579871e-01 3.1822579871e-01 3.1822579871e-01 3.1822579871e-01 3.1822579871e-01 3.1822579871e-01 
3.2099758496e-01 3.2099758496e-01 3.2099758496e-01 3.2099758496e-01 3.2099758496e-01 3.2099758496e-01 
3.2566248662e-01 3.2566248662e-01 3.2566248662e-01 3.2566248662e-01 3.2566248662e-01 3.2566248662e-01 
3.3375486633e-01 3.3375486633e-01 3.3375486633e-01 3.3375486633e-01 3.3375486633e-01 3.3375486633e-01 
3.4781489686e-01 3.4781489686e-01 3.4781489686e-01 3.4781489686e-01 3.4781489686e-01 3.4781489686e-01 
3.7176490831e-01 3.7176490831e-01 3.7176490831e-01 3.7176490831e-01 3.7176490831e-01 3.7176490831e-01 
4.1145025816e-01 4.1145025816e-01 4.1145025816e-01 4.1145025816e-01 4.1145025816e-01 4.1145025816e-01 
4.7293841946e-01 4.7293841946e-01 4.7293841946e-01 4.7293841946e-01 4.7293841946e-01 4.7293841946e-01 
5.5992120849e-01 5.5992120849e-01 5.5992120849e-01 5.5992120849e-01 5.5992120849e-01 5.5992120849e-01 
6.6619421269e-01 6.6619421269e-01 6.6619421269e-01 6.6619421269e-01 6.6619421269e-01 6.6619421269e-01 
7.7885079405e-01 7.7885079405e-01 7.7885079405e-01 7.7885079405e-01 7.7885079405e-01 7.7885079405e-01 
