3.6845686491e-01 3.6845686491e-01 3.6845686491e-01 3.6845686491e-01 3.6845686491e-01 3.6845686491e-01 
3.6843062619e-01 3.6843062619e-01 3.6843062619e-01 3.6843062619e-01 3.6843062619e-01 3.6843062619e-01 
3.6835063866e-01 3.6835063866e-01 3.6835063866e-01 3.6835063866e-01 3.6835063866e-01 3.6835063866e-01 
3.6821247104e-01 3.6821247104e-01 3.6821247104e-01 3.6821247104e-01 3.6821247104e-01 3.6821247104e-01 
3.6800645601e-01 3.6800645601e-01 3.6800645601e-01 3.6800645601e-01 3.6800645601e-01 3.6800645601e-01 
3.6771341722e-01 3.6771341722e-01 3.6771341722e-01 3.6771341722e-01 3.6771341722e-01 3.6771341722e-01 
3.6729673651e-01 3.6729673651e-01 3.6729673651e-01 3.6729673651e-01 3.6729673651e-01 3.6729673651e-01 
3.6668816263e-01 3.6668816263e-01 3.6668816263e-01 3.6668816263e-01 3.6668816263e-01 3.6668816263e-01 
3.6576304173e-01 3.6576304173e-01 3.6576304173e-01 3.6576304173e-01 3.6576304173e-01 3.6576304173e-01 
3.6429910711e-01 3.6429910711e-01 3.6429910711e-01 3.6429910711e-01 3.6429910711e-01 3.6429910711e-01 
3.6191813199e-01 3.6191813199e-01 3.6191813199e-01 3.6191813199e-01 3.6191813199e-01 3.6191813199e-01 
3.5804497859e-01 3.5804497859e-01 3.5804497859e-01 3.5804497859e-01 3.5804497859e-01 3.5804497859e-01 
3.5198946182e-01 3.5198946182e-01 3.5198946182e-01 3.5198946182e-01 3.5198946182e-01 3.5198946182e-01 
3.4313657971e-01 3.4313657971e-01 3.4313657971e-01 3.4313657971e-01 3.4313657971e-01 3.4313657971e-01 
3.3071757551e-01 3.3071757551e-01 3.3071757551e-01 3.3071757551e-01 3.3071757551e-01 3.3071757551e-01 
3.1272854785e-01 3.1272854785e-01 3.1272854785e-01 3.1272854785e-01 3.1272854785e-01 3.1272854785e-01 
2.8433685650e-01 2.8433685650e-01 2.8433685650e-01 2.8433685650e-01 2.8433685650e-01 2.8433685650e-01 
2.3770724932e-01 2.3770724932e-01 2.3770724932e-01 2.3770724932e-01 2.3770724932e-01 2.3770724932e-01 
1.7817705639e-01 1.7817705639e-01 1.7817705639e-01 1.7817705639e-01 1.7817705639e-01 1.7817705639e-01 
1.3705418804e-01 1.3705418804e-01 1.3705418804e-01 1.3705418804e-01 1.3705418804e-01 1.3705418804e-01 
1.1884601905e-01 1.1884601905e-01 1.1884601905e-01 1.1884601905e-01 1.1884601905e-01 1.1884601905e-01 
