3.5948514222e-01 3.5948514222e-01 3.5948514222e-01 3.5948514222e-01 3.5948514222e-01 3.5948514222e-01 
3.5837996511e-01 3.5837996511e-01 3.5837996511e-01 3.5837996511e-01 3.5837996511e-01 3.5837996511e-01 
3.5496383166e-01 3.5496383166e-01 3.5496383166e-01 3.5496383166e-01 3.5496383166e-01 3.5496383166e-01 
3.4897440033e-01 3.4897440033e-01 3.4897440033e-01 3.4897440033e-01 3.4897440033e-01 3.4897440033e-01 
3.4010549311e-01 3.4010549311e-01 3.4010549311e-01 3.4010549311e-01 3.4010549311e-01 3.4010549311e-01 
3.2813779211e-01 3.2813779211e-01 3.2813779211e-01 3.2813779211e-01 3.2813779211e-01 3.2813779211e-01 
3.1298953385e-01 3.1298953385e-01 3.1298953385e-01 3.1298953385e-01 3.1298953385e-01 3.1298953385e-01 
2.9471602618e-01 2.9471602618e-01 2.9471602618e-01 2.9471602618e-01 2.9471602618e-01 2.9471602618e-01 
2.7352502778e-01 2.7352502778e-01 2.7352502778e-01 2.7352502778e-01 2.7352502778e-01 2.7352502778e-01 
2.4981454248e-01 2.4981454248e-01 2.4981454248e-01 2.4981454248e-01 2.4981454248e-01 2.4981454248e-01 
2.2420963365e-01 2.2420963365e-01 2.2420963365e-01 2.2420963365e-01 2.2420963365e-01 2.2420963365e-01 
1.9758318223e-01 1.9758318223e-01 1.9758318223e-01 1.9758318223e-01 1.9758318223e-01 1.9758318223e-01 
1.7103558559e-01 1.7103558559e-01 1.7103558559e-01 1.7103558559e-01 1.7103558559e-01 1.7103558559e-01 
1.4578858138e-01 1.4578858138e-01 1.4578858138e-01 1.4578858138e-01 1.4578858138e-01 1.4578858138e-01 
1.2304616002e-01 1.2304616002e-01 1.2304616002e-01 1.2304616002e-01 1.2304616002e-01 1.2304616002e-01 
1.0379187252e-01 1.0379187252e-01 1.0379187252e-01 1.0379187252e-01 1.0379187252e-01 1.0379187252e-01 
8.8662082280e-02 8.8662082280e-02 8.8662082280e-02 8.8662082280e-02 8.8662082280e-02 8.8662082280e-02 
7.7428147065e-02 7.7428147065e-02 7.7428147065e-02 7.7428147065e-02 7.7428147065e-02 7.7428147065e-02 
6.8385820792e-02 6.8385820792e-02 6.8385820792e-02 6.8385820792e-02 6.8385820792e-02 6.8385820792e-02 
5.2463758598e-02 5.2463758598e-02 5.2463758598e-02 5.2463758598e-02 5.2463758598e-02 5.2463758598e-02 
5.9470336270e-02 5.9470336270e-02 5.9470336270e-02 5.9470336270e-02 5.9470336270e-02 5.9470336270e-02 
