3.4307619754e-01 3.4307619754e-01 3.4307619754e-01 3.4307619754e-01 3.4307619754e-01 3.4307619754e-01 
3.4302215578e-01 3.4302215578e-01 3.4302215578e-01 3.4302215578e-01 3.4302215578e-01 3.4302215578e-01 
3.4285995578e-01 3.4285995578e-01 3.4285995578e-01 3.4285995578e-01 3.4285995578e-01 3.4285995578e-01 
3.4258913562e-01 3.4258913562e-01 3.4258913562e-01 3.4258913562e-01 3.4258913562e-01 3.4258913562e-01 
3.4220803492e-01 3.4220803492e-01 3.4220803492e-01 3.4220803492e-01 3.4220803492e-01 3.4220803492e-01 
3.4171207655e-01 3.4171207655e-01 3.4171207655e-01 3.4171207655e-01 3.4171207655e-01 3.4171207655e-01 
3.4109043921e-01 3.4109043921e-01 3.4109043921e-01 3.4109043921e-01 3.4109043921e-01 3.4109043921e-01 
3.4031978775e-01 3.4031978775e-01 3.4031978775e-01 3.4031978775e-01 3.4031978775e-01 3.4031978775e-01 
3.3935264907e-01 3.3935264907e-01 3.3935264907e-01 3.3935264907e-01 3.3935264907e-01 3.3935264907e-01 
3.3809623727e-01 3.3809623727e-01 3.3809623727e-01 3.3809623727e-01 3.3809623727e-01 3.3809623727e-01 
3.3637498153e-01 3.3637498153e-01 3.3637498153e-01 3.3637498153e-01 3.3637498153e-01 3.3637498153e-01 
3.3386842220e-01 3.3386842220e-01 3.3386842220e-01 3.3386842220e-01 3.3386842220e-01 3.3386842220e-01 
3.3002283441e-01 3.3002283441e-01 3.3002283441e-01 3.3002283441e-01 3.3002283441e-01 3.3002283441e-01 
3.2394814043e-01 3.2394814043e-01 3.2394814043e-01 3.2394814043e-01 3.2394814043e-01 3.2394814043e-01 
3.1423141893e-01 3.1423141893e-01 3.1423141893e-01 3.1423141893e-01 3.1423141893e-01 3.1423141893e-01 
2.9834802283e-01 2.9834802283e-01 2.9834802283e-01 2.9834802283e-01 2.9834802283e-01 2.9834802283e-01 
2.7139362573e-01 2.7139362573e-01 2.7139362573e-01 2.7139362573e-01 2.7139362573e-01 2.7139362573e-01 
2.2611098301e-01 2.2611098301e-01 2.2611098301e-01 2.2611098301e-01 2.2611098301e-01 2.2611098301e-01 
1.6893952522e-01 1.6893952522e-01 1.6893952522e-01 1.6893952522e-01 1.6893952522e-01 1.6893952522e-01 
1.3036953504e-01 1.3036953504e-01 1.3036953504e-01 1.3036953504e-01 1.3036953504e-01 1.3036953504e-01 
1.1381426897e-01 1.1381426897e-01 1.1381426897e-01 1.1381426897e-01 1.1381426897e-01 1.1381426897e-01 
