3.6500215724e-01 3.6500215724e-01 3.6500215724e-01 3.6500215724e-01 3.6500215724e-01 3.6500215724e-01 
3.6497177071e-01 3.6497177071e-01 3.6497177071e-01 3.6497177071e-01 3.6497177071e-01 3.6497177071e-01 
3.6487945152e-01 3.6487945152e-01 3.6487945152e-01 3.6487945152e-01 3.6487945152e-01 3.6487945152e-01 
3.6472113004e-01 3.6472113004e-01 3.6472113004e-01 3.6472113004e-01 3.6472113004e-01 3.6472113004e-01 
3.6448783692e-01 3.6448783692e-01 3.6448783692e-01 3.6448783692e-01 3.6448783692e-01 3.6448783692e-01 
3.6416160296e-01 3.6416160296e-01 3.6416160296e-01 3.6416160296e-01 3.6416160296e-01 3.6416160296e-01 
3.6370784704e-01 3.6370784704e-01 3.6370784704e-01 3.6370784704e-01 3.6370784704e-01 3.6370784704e-01 
3.6306180374e-01 3.6306180374e-01 3.6306180374e-01 3.6306180374e-01 3.6306180374e-01 3.6306180374e-01 
3.6210503941e-01 3.6210503941e-01 3.6210503941e-01 3.6210503941e-01 3.6210503941e-01 3.6210503941e-01 
3.6062693432e-01 3.6062693432e-01 3.6062693432e-01 3.6062693432e-01 3.6062693432e-01 3.6062693432e-01 
3.5827090591e-01 3.5827090591e-01 3.5827090591e-01 3.5827090591e-01 3.5827090591e-01 3.5827090591e-01 
3.5449563291e-01 3.5449563291e-01 3.5449563291e-01 3.5449563291e-01 3.5449563291e-01 3.5449563291e-01 
3.4864028932e-01 3.4864028932e-01 3.4864028932e-01 3.4864028932e-01 3.4864028932e-01 3.4864028932e-01 
3.4007408919e-01 3.4007408919e-01 3.4007408919e-01 3.4007408919e-01 3.4007408919e-01 3.4007408919e-01 
3.2795755146e-01 3.2795755146e-01 3.2795755146e-01 3.2795755146e-01 3.2795755146e-01 3.2795755146e-01 
3.1021248028e-01 3.1021248028e-01 3.1021248028e-01 3.1021248028e-01 3.1021248028e-01 3.1021248028e-01 
2.8198328235e-01 2.8198328235e-01 2.8198328235e-01 2.8198328235e-01 2.8198328235e-01 2.8198328235e-01 
2.3552623663e-01 2.3552623663e-01 2.3552623663e-01 2.3552623663e-01 2.3552623663e-01 2.3552623663e-01 
1.7639183202e-01 1.7639183202e-01 1.7639183202e-01 1.7639183202e-01 1.7639183202e-01 1.7639183202e-01 
1.3574022236e-01 1.3574022236e-01 1.3574022236e-01 1.3574022236e-01 1.3574022236e-01 1.3574022236e-01 
1.1784676524e-01 1.1784676524e-01 1.1784676524e-01 1.1784676524e-01 1.1784676524e-01 1.1784676524e-01 
