3.2503553546e-01 3.2503553546e-01 3.2503553546e-01 3.2503553546e-01 3.2503553546e-01 3.2503553546e-01 
3.2496395815e-01 3.2496395815e-01 3.2496395815e-01 3.2496395815e-01 3.2496395815e-01 3.2496395815e-01 
3.2474949760e-01 3.2474949760e-01 3.2474949760e-01 3.2474949760e-01 3.2474949760e-01 3.2474949760e-01 
3.2439281720e-01 3.2439281720e-01 3.2439281720e-01 3.2439281720e-01 3.2439281720e-01 3.2439281720e-01 
3.2389446866e-01 3.2389446866e-01 3.2389446866e-01 3.2389446866e-01 3.2389446866e-01 3.2389446866e-01 
3.2325385820e-01 3.2325385820e-01 3.2325385820e-01 3.2325385820e-01 3.2325385820e-01 3.2325385820e-01 
3.2246729919e-01 3.2246729919e-01 3.2246729919e-01 3.2246729919e-01 3.2246729919e-01 3.2246729919e-01 
3.2152439067e-01 3.2152439067e-01 3.2152439067e-01 3.2152439067e-01 3.2152439067e-01 3.2152439067e-01 
3.2040125969e-01 3.2040125969e-01 3.2040125969e-01 3.2040125969e-01 3.2040125969e-01 3.2040125969e-01 
3.1904785353e-01 3.1904785353e-01 3.1904785353e-01 3.1904785353e-01 3.1904785353e-01 3.1904785353e-01 
3.1736378508e-01 3.1736378508e-01 3.1736378508e-01 3.1736378508e-01 3.1736378508e-01 3.1736378508e-01 
3.1515178706e-01 3.1515178706e-01 3.1515178706e-01 3.1515178706e-01 3.1515178706e-01 3.1515178706e-01 
3.1202677425e-01 3.1202677425e-01 3.1202677425e-01 3.1202677425e-01 3.1202677425e-01 3.1202677425e-01 
3.0723789298e-01 3.0723789298e-01 3.0723789298e-01 3.0723789298e-01 3.0723789298e-01 3.0723789298e-01 
2.9933165916e-01 2.9933165916e-01 2.9933165916e-01 2.9933165916e-01 2.9933165916e-01 2.9933165916e-01 
2.8555206450e-01 2.8555206450e-01 2.8555206450e-01 2.8555206450e-01 2.8555206450e-01 2.8555206450e-01 
2.6082676441e-01 2.6082676441e-01 2.6082676441e-01 2.6082676441e-01 2.6082676441e-01 2.6082676441e-01 
2.1805012786e-01 2.1805012786e-01 2.1805012786e-01 2.1805012786e-01 2.1805012786e-01 2.1805012786e-01 
1.6371417267e-01 1.6371417267e-01 1.6371417267e-01 1.6371417267e-01 1.6371417267e-01 1.6371417267e-01 
1.2723132911e-01 1.2723132911e-01 1.2723132911e-01 1.2723132911e-01 1.2723132911e-01 1.2723132911e-01 
1.1176047189e-01 1.1176047189e-01 1.1176047189e-01 1.1176047189e-01 1.1176047189e-01 1.1176047189e-01 
