3.7807965899e-01 3.7807965899e-01 3.7807965899e-01 3.7807965899e-01 3.7807965899e-01 3.7807965899e-01 
3.7710628475e-01 3.7710628475e-01 3.7710628475e-01 3.7710628475e-01 3.7710628475e-01 3.7710628475e-01 
3.7407490981e-01 3.7407490981e-01 3.7407490981e-01 3.7407490981e-01 3.7407490981e-01 3.7407490981e-01 
3.6869132549e-01 3.6869132549e-01 3.6869132549e-01 3.6869132549e-01 3.6869132549e-01 3.6869132549e-01 
3.6059768534e-01 3.6059768534e-01 3.6059768534e-01 3.6059768534e-01 3.6059768534e-01 3.6059768534e-01 
3.4950534701e-01 3.4950534701e-01 3.4950534701e-01 3.4950534701e-01 3.4950534701e-01 3.4950534701e-01 
3.3524544927e-01 3.3524544927e-01 3.3524544927e-01 3.3524544927e-01 3.3524544927e-01 3.3524544927e-01 
3.1776801728e-01 3.1776801728e-01 3.1776801728e-01 3.1776801728e-01 3.1776801728e-01 3.1776801728e-01 
2.9716154854e-01 2.9716154854e-01 2.9716154854e-01 2.9716154854e-01 2.9716154854e-01 2.9716154854e-01 
2.7370230873e-01 2.7370230873e-01 2.7370230873e-01 2.7370230873e-01 2.7370230873e-01 2.7370230873e-01 
2.4791032190e-01 2.4791032190e-01 2.4791032190e-01 2.4791032190e-01 2.4791032190e-01 2.4791032190e-01 
2.2059600908e-01 2.2059600908e-01 2.2059600908e-01 2.2059600908e-01 2.2059600908e-01 2.2059600908e-01 
1.9286689297e-01 1.9286689297e-01 1.9286689297e-01 1.9286689297e-01 1.9286689297e-01 1.9286689297e-01 
1.6603590299e-01 1.6603590299e-01 1.6603590299e-01 1.6603590299e-01 1.6603590299e-01 1.6603590299e-01 
1.4147895383e-01 1.4147895383e-01 1.4147895383e-01 1.4147895383e-01 1.4147895383e-01 1.4147895383e-01 
1.2039839015e-01 1.2039839015e-01 1.2039839015e-01 1.2039839015e-01 1.2039839015e-01 1.2039839015e-01 
1.0365095127e-01 1.0365095127e-01 1.0365095127e-01 1.0365095127e-01 1.0365095127e-01 1.0365095127e-01 
9.1101883336e-02 9.1101883336e-02 9.1101883336e-02 9.1101883336e-02 9.1101883336e-02 9.1101883336e-02 
8.0852095088e-02 8.0852095088e-02 8.0852095088e-02 8.0852095088e-02 8.0852095088e-02 8.0852095088e-02 
6.2211342090e-02 6.2211342090e-02 6.2211342090e-02 6.2211342090e-02 6.2211342090e-02 6.2211342090e-02 
7.0586687523e-02 7.0586687523e-02 7.0586687523e-02 7.0586687523e-02 7.0586687523e-02 7.0586687523e-02 
