3.5593474154e-01 3.5593474154e-01 3.5593474154e-01 3.5593474154e-01 3.5593474154e-01 3.5593474154e-01 
3.5589418209e-01 3.5589418209e-01 3.5589418209e-01 3.5589418209e-01 3.5589418209e-01 3.5589418209e-01 
3.5577178848e-01 3.5577178848e-01 3.5577178848e-01 3.5577178848e-01 3.5577178848e-01 3.5577178848e-01 
3.5556495894e-01 3.5556495894e-01 3.5556495894e-01 3.5556495894e-01 3.5556495894e-01 3.5556495894e-01 
3.5526766087e-01 3.5526766087e-01 3.5526766087e-01 3.5526766087e-01 3.5526766087e-01 3.5526766087e-01 
3.5486721737e-01 3.5486721737e-01 3.5486721737e-01 3.5486721737e-01 3.5486721737e-01 3.5486721737e-01 
3.5433827025e-01 3.5433827025e-01 3.5433827025e-01 3.5433827025e-01 3.5433827025e-01 3.5433827025e-01 
3.5363189867e-01 3.5363189867e-01 3.5363189867e-01 3.5363189867e-01 3.5363189867e-01 3.5363189867e-01 
3.5265663296e-01 3.5265663296e-01 3.5265663296e-01 3.5265663296e-01 3.5265663296e-01 3.5265663296e-01 
3.5124689734e-01 3.5124689734e-01 3.5124689734e-01 3.5124689734e-01 3.5124689734e-01 3.5124689734e-01 
3.4911630651e-01 3.4911630651e-01 3.4911630651e-01 3.4911630651e-01 3.4911630651e-01 3.4911630651e-01 
3.4580948664e-01 3.4580948664e-01 3.4580948664e-01 3.4580948664e-01 3.4580948664e-01 3.4580948664e-01 
3.4070406158e-01 3.4070406158e-01 3.4070406158e-01 3.4070406158e-01 3.4070406158e-01 3.4070406158e-01 
3.3306590694e-01 3.3306590694e-01 3.3306590694e-01 3.3306590694e-01 3.3306590694e-01 3.3306590694e-01 
3.2184202810e-01 3.2184202810e-01 3.2184202810e-01 3.2184202810e-01 3.2184202810e-01 3.2184202810e-01 
3.0478678764e-01 3.0478678764e-01 3.0478678764e-01 3.0478678764e-01 3.0478678764e-01 3.0478678764e-01 
2.7702129265e-01 2.7702129265e-01 2.7702129265e-01 2.7702129265e-01 2.7702129265e-01 2.7702129265e-01 
2.3101705704e-01 2.3101705704e-01 2.3101705704e-01 2.3101705704e-01 2.3101705704e-01 2.3101705704e-01 
1.7275788308e-01 1.7275788308e-01 1.7275788308e-01 1.7275788308e-01 1.7275788308e-01 1.7275788308e-01 
1.3308904400e-01 1.3308904400e-01 1.3308904400e-01 1.3308904400e-01 1.3308904400e-01 1.3308904400e-01 
1.1583953352e-01 1.1583953352e-01 1.1583953352e-01 1.1583953352e-01 1.1583953352e-01 1.1583953352e-01 
