3.3480952218e-01 3.3480952218e-01 3.3480952218e-01 3.3480952218e-01 3.3480952218e-01 3.3480952218e-01 
3.3474713632e-01 3.3474713632e-01 3.3474713632e-01 3.3474713632e-01 3.3474713632e-01 3.3474713632e-01 
3.3456014489e-01 3.3456014489e-01 3.3456014489e-01 3.3456014489e-01 3.3456014489e-01 3.3456014489e-01 
3.3424888723e-01 3.3424888723e-01 3.3424888723e-01 3.3424888723e-01 3.3424888723e-01 3.3424888723e-01 
3.3381333797e-01 3.3381333797e-01 3.3381333797e-01 3.3381333797e-01 3.3381333797e-01 3.3381333797e-01 
3.3325198055e-01 3.3325198055e-01 3.3325198055e-01 3.3325198055e-01 3.3325198055e-01 3.3325198055e-01 
3.3255963543e-01 3.3255963543e-01 3.3255963543e-01 3.3255963543e-01 3.3255963543e-01 3.3255963543e-01 
3.3172333262e-01 3.3172333262e-01 3.3172333262e-01 3.3172333262e-01 3.3172333262e-01 3.3172333262e-01 
3.3071446803e-01 3.3071446803e-01 3.3071446803e-01 3.3071446803e-01 3.3071446803e-01 3.3071446803e-01 
3.2947386049e-01 3.2947386049e-01 3.2947386049e-01 3.2947386049e-01 3.2947386049e-01 3.2947386049e-01 
3.2788318068e-01 3.2788318068e-01 3.2788318068e-01 3.2788318068e-01 3.2788318068e-01 3.2788318068e-01 
3.2571018186e-01 3.2571018186e-01 3.2571018186e-01 3.2571018186e-01 3.2571018186e-01 3.2571018186e-01 
3.2250457459e-01 3.2250457459e-01 3.2250457459e-01 3.2250457459e-01 3.2250457459e-01 3.2250457459e-01 
3.1740883110e-01 3.1740883110e-01 3.1740883110e-01 3.1740883110e-01 3.1740883110e-01 3.1740883110e-01 
3.0884576522e-01 3.0884576522e-01 3.0884576522e-01 3.0884576522e-01 3.0884576522e-01 3.0884576522e-01 
2.9400361394e-01 2.9400361394e-01 2.9400361394e-01 2.9400361394e-01 2.9400361394e-01 2.9400361394e-01 
2.6783800543e-01 2.6783800543e-01 2.6783800543e-01 2.6783800543e-01 2.6783800543e-01 2.6783800543e-01 
2.2321841391e-01 2.2321841391e-01 2.2321841391e-01 2.2321841391e-01 2.2321841391e-01 2.2321841391e-01 
1.6682609272e-01 1.6682609272e-01 1.6682609272e-01 1.6682609272e-01 1.6682609272e-01 1.6682609272e-01 
1.2893931985e-01 1.2893931985e-01 1.2893931985e-01 1.2893931985e-01 1.2893931985e-01 1.2893931985e-01 
1.1279172792e-01 1.1279172792e-01 1.1279172792e-01 1.1279172792e-01 1.1279172792e-01 1.1279172792e-01 
