2.6478704352e-01 2.6478704352e-01 2.6478704352e-01 2.6478704352e-01 2.6478704352e-01 2.6478704352e-01 
2.6468959694e-01 2.6468959694e-01 2.6468959694e-01 2.6468959694e-01 2.6468959694e-01 2.6468959694e-01 
2.6439766090e-01 2.6439766090e-01 2.6439766090e-01 2.6439766090e-01 2.6439766090e-01 2.6439766090e-01 
2.6391223142e-01 2.6391223142e-01 2.6391223142e-01 2.6391223142e-01 2.6391223142e-01 2.6391223142e-01 
2.6323418413e-01 2.6323418413e-01 2.6323418413e-01 2.6323418413e-01 2.6323418413e-01 2.6323418413e-01 
2.6236283478e-01 2.6236283478e-01 2.6236283478e-01 2.6236283478e-01 2.6236283478e-01 2.6236283478e-01 
2.6129328293e-01 2.6129328293e-01 2.6129328293e-01 2.6129328293e-01 2.6129328293e-01 2.6129328293e-01 
2.6001158871e-01 2.6001158871e-01 2.6001158871e-01 2.6001158871e-01 2.6001158871e-01 2.6001158871e-01 
2.5848601402e-01 2.5848601402e-01 2.5848601402e-01 2.5848601402e-01 2.5848601402e-01 2.5848601402e-01 
2.5665107440e-01 2.5665107440e-01 2.5665107440e-01 2.5665107440e-01 2.5665107440e-01 2.5665107440e-01 
2.5437844106e-01 2.5437844106e-01 2.5437844106e-01 2.5437844106e-01 2.5437844106e-01 2.5437844106e-01 
2.5142398075e-01 2.5142398075e-01 2.5142398075e-01 2.5142398075e-01 2.5142398075e-01 2.5142398075e-01 
2.4733316756e-01 2.4733316756e-01 2.4733316756e-01 2.4733316756e-01 2.4733316756e-01 2.4733316756e-01 
2.4128421584e-01 2.4128421584e-01 2.4128421584e-01 2.4128421584e-01 2.4128421584e-01 2.4128421584e-01 
2.3188618727e-01 2.3188618727e-01 2.3188618727e-01 2.3188618727e-01 2.3188618727e-01 2.3188618727e-01 
2.1710963937e-01 2.1710963937e-01 2.1710963937e-01 2.1710963937e-01 2.1710963937e-01 2.1710963937e-01 
1.9476260423e-01 1.9476260423e-01 1.9476260423e-01 1.9476260423e-01 1.9476260423e-01 1.9476260423e-01 
1.6459931541e-01 1.6459931541e-01 1.6459931541e-01 1.6459931541e-01 1.6459931541e-01 1.6459931541e-01 
1.3442966092e-01 1.3442966092e-01 1.3442966092e-01 1.3442966092e-01 1.3442966092e-01 1.3442966092e-01 
1.1580545103e-01 1.1580545103e-01 1.1580545103e-01 1.1580545103e-01 1.1580545103e-01 1.1580545103e-01 
1.0747431362e-01 1.0747431362e-01 1.0747431362e-01 1.0747431362e-01 1.0747431362e-01 1.0747431362e-01 
