4.3156867325e-01 4.3156867325e-01 4.3156867325e-01 4.3156867325e-01 4.3156867325e-01 4.3156867325e-01 
4.3185467523e-01 4.3185467523e-01 4.3185467523e-01 4.3185467523e-01 4.3185467523e-01 4.3185467523e-01 
4.3262597596e-01 4.3262597596e-01 4.3262597596e-01 4.3262597596e-01 4.3262597596e-01 4.3262597596e-01 
4.3365689877e-01 4.3365689877e-01 4.3365689877e-01 4.3365689877e-01 4.3365689877e-01 4.3365689877e-01 
4.3469237691e-01 4.3469237691e-01 4.3469237691e-01 4.3469237691e-01 4.3469237691e-01 4.3469237691e-01 
4.3556996472e-01 4.3556996472e-01 4.3556996472e-01 4.3556996472e-01 4.3556996472e-01 4.3556996472e-01 
4.3624967906e-01 4.3624967906e-01 4.3624967906e-01 4.3624967906e-01 4.3624967906e-01 4.3624967906e-01 
4.3678111349e-01 4.3678111349e-01 4.3678111349e-01 4.3678111349e-01 4.3678111349e-01 4.3678111349e-01 
4.3729195387e-01 4.3729195387e-01 4.3729195387e-01 4.3729195387e-01 4.3729195387e-01 4.3729195387e-01 
4.3802439907e-01 4.3802439907e-01 4.3802439907e-01 4.3802439907e-01 4.3802439907e-01 4.3802439907e-01 
4.3942308698e-01 4.3942308698e-01 4.3942308698e-01 4.3942308698e-01 4.3942308698e-01 4.3942308698e-01 
4.4231341375e-01 4.4231341375e-01 4.4231341375e-01 4.4231341375e-01 4.4231341375e-01 4.4231341375e-01 
4.4822642800e-01 4.4822642800e-01 4.4822642800e-01 4.4822642800e-01 4.4822642800e-01 4.4822642800e-01 
4.5989769022e-01 4.5989769022e-01 4.5989769022e-01 4.5989769022e-01 4.5989769022e-01 4.5989769022e-01 
4.8224049645e-01 4.8224049645e-01 4.8224049645e-01 4.8224049645e-01 4.8224049645e-01 4.8224049645e-01 
5.2405725666e-01 5.2405725666e-01 5.2405725666e-01 5.2405725666e-01 5.2405725666e-01 5.2405725666e-01 
6.0190642509e-01 6.0190642509e-01 6.0190642509e-01 6.0190642509e-01 6.0190642509e-01 6.0190642509e-01 
7.4493433155e-01 7.4493433155e-01 7.4493433155e-01 7.4493433155e-01 7.4493433155e-01 7.4493433155e-01 
9.9926421661e-01 9.9926421661e-01 9.9926421661e-01 9.9926421661e-01 9.9926421661e-01 9.9926421661e-01 
1.3900785915e+00 1.3900785915e+00 1.3900785915e+00 1.3900785915e+00 1.3900785915e+00 1.3900785915e+00 
1.8518444014e+00 1.8518444014e+00 1.8518444014e+00 1.8518444014e+00 1.8518444014e+00 1.8518444014e+00 
