2.4255416174e-01 2.4255416174e-01 2.4255416174e-01 2.4255416174e-01 2.4255416174e-01 2.4255416174e-01 
2.4246318989e-01 2.4246318989e-01 2.4246318989e-01 2.4246318989e-01 2.4246318989e-01 2.4246318989e-01 
2.4219052116e-01 2.4219052116e-01 2.4219052116e-01 2.4219052116e-01 2.4219052116e-01 2.4219052116e-01 
2.4173668136e-01 2.4173668136e-01 2.4173668136e-01 2.4173668136e-01 2.4173668136e-01 2.4173668136e-01 
2.4110176261e-01 2.4110176261e-01 2.4110176261e-01 2.4110176261e-01 2.4110176261e-01 2.4110176261e-01 
2.4028398093e-01 2.4028398093e-01 2.4028398093e-01 2.4028398093e-01 2.4028398093e-01 2.4028398093e-01 
2.3927701101e-01 2.3927701101e-01 2.3927701101e-01 2.3927701101e-01 2.3927701101e-01 2.3927701101e-01 
2.3806514990e-01 2.3806514990e-01 2.3806514990e-01 2.3806514990e-01 2.3806514990e-01 2.3806514990e-01 
2.3661456219e-01 2.3661456219e-01 2.3661456219e-01 2.3661456219e-01 2.3661456219e-01 2.3661456219e-01 
2.3485743754e-01 2.3485743754e-01 2.3485743754e-01 2.3485743754e-01 2.3485743754e-01 2.3485743754e-01 
2.3266337492e-01 2.3266337492e-01 2.3266337492e-01 2.3266337492e-01 2.3266337492e-01 2.3266337492e-01 
2.2978813735e-01 2.2978813735e-01 2.2978813735e-01 2.2978813735e-01 2.2978813735e-01 2.2978813735e-01 
2.2578468073e-01 2.2578468073e-01 2.2578468073e-01 2.2578468073e-01 2.2578468073e-01 2.2578468073e-01 
2.1986416235e-01 2.1986416235e-01 2.1986416235e-01 2.1986416235e-01 2.1986416235e-01 2.1986416235e-01 
2.1074861550e-01 2.1074861550e-01 2.1074861550e-01 2.1074861550e-01 2.1074861550e-01 2.1074861550e-01 
1.9674687124e-01 1.9674687124e-01 1.9674687124e-01 1.9674687124e-01 1.9674687124e-01 1.9674687124e-01 
1.7649701200e-01 1.7649701200e-01 1.7649701200e-01 1.7649701200e-01 1.7649701200e-01 1.7649701200e-01 
1.5099807231e-01 1.5099807231e-01 1.5099807231e-01 1.5099807231e-01 1.5099807231e-01 1.5099807231e-01 
1.2724386944e-01 1.2724386944e-01 1.2724386944e-01 1.2724386944e-01 1.2724386944e-01 1.2724386944e-01 
1.1292387154e-01 1.1292387154e-01 1.1292387154e-01 1.1292387154e-01 1.1292387154e-01 1.1292387154e-01 
1.0635401134e-01 1.0635401134e-01 1.0635401134e-01 1.0635401134e-01 1.0635401134e-01 1.0635401134e-01 
