3.5207649558e-01 3.5207649558e-01 3.5207649558e-01 3.5207649558e-01 3.5207649558e-01 3.5207649558e-01 
3.5092762128e-01 3.5092762128e-01 3.5092762128e-01 3.5092762128e-01 3.5092762128e-01 3.5092762128e-01 
3.4738477106e-01 3.4738477106e-01 3.4738477106e-01 3.4738477106e-01 3.4738477106e-01 3.4738477106e-01 
3.4119857865e-01 3.4119857865e-01 3.4119857865e-01 3.4119857865e-01 3.4119857865e-01 3.4119857865e-01 
3.3208356456e-01 3.3208356456e-01 3.3208356456e-01 3.3208356456e-01 3.3208356456e-01 3.3208356456e-01 
3.1984755773e-01 3.1984755773e-01 3.1984755773e-01 3.1984755773e-01 3.1984755773e-01 3.1984755773e-01 
3.0444196137e-01 3.0444196137e-01 3.0444196137e-01 3.0444196137e-01 3.0444196137e-01 3.0444196137e-01 
2.8596090425e-01 2.8596090425e-01 2.8596090425e-01 2.8596090425e-01 2.8596090425e-01 2.8596090425e-01 
2.6465444830e-01 2.6465444830e-01 2.6465444830e-01 2.6465444830e-01 2.6465444830e-01 2.6465444830e-01 
2.4096155695e-01 2.4096155695e-01 2.4096155695e-01 2.4096155695e-01 2.4096155695e-01 2.4096155695e-01 
2.1553957491e-01 2.1553957491e-01 2.1553957491e-01 2.1553957491e-01 2.1553957491e-01 2.1553957491e-01 
1.8927585585e-01 1.8927585585e-01 1.8927585585e-01 1.8927585585e-01 1.8927585585e-01 1.8927585585e-01 
1.6325891542e-01 1.6325891542e-01 1.6325891542e-01 1.6325891542e-01 1.6325891542e-01 1.6325891542e-01 
1.3866925141e-01 1.3866925141e-01 1.3866925141e-01 1.3866925141e-01 1.3866925141e-01 1.3866925141e-01 
1.1664404538e-01 1.1664404538e-01 1.1664404538e-01 1.1664404538e-01 1.1664404538e-01 1.1664404538e-01 
9.8088301147e-02 9.8088301147e-02 9.8088301147e-02 9.8088301147e-02 9.8088301147e-02 9.8088301147e-02 
8.3564069120e-02 8.3564069120e-02 8.3564069120e-02 8.3564069120e-02 8.3564069120e-02 8.3564069120e-02 
7.2814693561e-02 7.2814693561e-02 7.2814693561e-02 7.2814693561e-02 7.2814693561e-02 7.2814693561e-02 
6.4205595616e-02 6.4205595616e-02 6.4205595616e-02 6.4205595616e-02 6.4205595616e-02 6.4205595616e-02 
4.9209001632e-02 4.9209001632e-02 4.9209001632e-02 4.9209001632e-02 4.9209001632e-02 4.9209001632e-02 
5.5764582454e-02 5.5764582454e-02 5.5764582454e-02 5.5764582454e-02 5.5764582454e-02 5.5764582454e-02 
