4.2793379129e-01 4.2793379129e-01 4.2793379129e-01 4.2793379129e-01 4.2793379129e-01 4.2793379129e-01 
4.2822104324e-01 4.2822104324e-01 4.2822104324e-01 4.2822104324e-01 4.2822104324e-01 4.2822104324e-01 
4.2899676950e-01 4.2899676950e-01 4.2899676950e-01 4.2899676950e-01 4.2899676950e-01 4.2899676950e-01 
4.3003703898e-01 4.3003703898e-01 4.3003703898e-01 4.3003703898e-01 4.3003703898e-01 4.3003703898e-01 
4.3108872497e-01 4.3108872497e-01 4.3108872497e-01 4.3108872497e-01 4.3108872497e-01 4.3108872497e-01 
4.3199055849e-01 4.3199055849e-01 4.3199055849e-01 4.3199055849e-01 4.3199055849e-01 4.3199055849e-01 
4.3270273155e-01 4.3270273155e-01 4.3270273155e-01 4.3270273155e-01 4.3270273155e-01 4.3270273155e-01 
4.3327423914e-01 4.3327423914e-01 4.3327423914e-01 4.3327423914e-01 4.3327423914e-01 4.3327423914e-01 
4.3383142373e-01 4.3383142373e-01 4.3383142373e-01 4.3383142373e-01 4.3383142373e-01 4.3383142373e-01 
4.3461400071e-01 4.3461400071e-01 4.3461400071e-01 4.3461400071e-01 4.3461400071e-01 4.3461400071e-01 
4.3606208103e-01 4.3606208103e-01 4.3606208103e-01 4.3606208103e-01 4.3606208103e-01 4.3606208103e-01 
4.3899265963e-01 4.3899265963e-01 4.3899265963e-01 4.3899265963e-01 4.3899265963e-01 4.3899265963e-01 
4.4492099011e-01 4.4492099011e-01 4.4492099011e-01 4.4492099011e-01 4.4492099011e-01 4.4492099011e-01 
4.5655296887e-01 4.5655296887e-01 4.5655296887e-01 4.5655296887e-01 4.5655296887e-01 4.5655296887e-01 
4.7874365736e-01 4.7874365736e-01 4.7874365736e-01 4.7874365736e-01 4.7874365736e-01 4.7874365736e-01 
5.2017367131e-01 5.2017367131e-01 5.2017367131e-01 5.2017367131e-01 5.2017367131e-01 5.2017367131e-01 
5.9711793312e-01 5.9711793312e-01 5.9711793312e-01 5.9711793312e-01 5.9711793312e-01 5.9711793312e-01 
7.3802749737e-01 7.3802749737e-01 7.3802749737e-01 7.3802749737e-01 7.3802749737e-01 7.3802749737e-01 
9.8743705879e-01 9.8743705879e-01 9.8743705879e-01 9.8743705879e-01 9.8743705879e-01 9.8743705879e-01 
1.3688104403e+00 1.3688104403e+00 1.3688104403e+00 1.3688104403e+00 1.3688104403e+00 1.3688104403e+00 
1.8188486489e+00 1.8188486489e+00 1.8188486489e+00 1.8188486489e+00 1.8188486489e+00 1.8188486489e+00 
