2.5173524037e-01 2.5173524037e-01 2.5173524037e-01 2.5173524037e-01 2.5173524037e-01 2.5173524037e-01 
2.5195775844e-01 2.5195775844e-01 2.5195775844e-01 2.5195775844e-01 2.5195775844e-01 2.5195775844e-01 
2.5257297060e-01 2.5257297060e-01 2.5257297060e-01 2.5257297060e-01 2.5257297060e-01 2.5257297060e-01 
2.5344401362e-01 2.5344401362e-01 2.5344401362e-01 2.5344401362e-01 2.5344401362e-01 2.5344401362e-01 
2.5441456945e-01 2.5441456945e-01 2.5441456945e-01 2.5441456945e-01 2.5441456945e-01 2.5441456945e-01 
2.5538175000e-01 2.5538175000e-01 2.5538175000e-01 2.5538175000e-01 2.5538175000e-01 2.5538175000e-01 
2.5631286925e-01 2.5631286925e-01 2.5631286925e-01 2.5631286925e-01 2.5631286925e-01 2.5631286925e-01 
2.5722247681e-01 2.5722247681e-01 2.5722247681e-01 2.5722247681e-01 2.5722247681e-01 2.5722247681e-01 
2.5815886799e-01 2.5815886799e-01 2.5815886799e-01 2.5815886799e-01 2.5815886799e-01 2.5815886799e-01 
2.5921311806e-01 2.5921311806e-01 2.5921311806e-01 2.5921311806e-01 2.5921311806e-01 2.5921311806e-01 
2.6054658354e-01 2.6054658354e-01 2.6054658354e-01 2.6054658354e-01 2.6054658354e-01 2.6054658354e-01 
2.6244749225e-01 2.6244749225e-01 2.6244749225e-01 2.6244749225e-01 2.6244749225e-01 2.6244749225e-01 
2.6542202570e-01 2.6542202570e-01 2.6542202570e-01 2.6542202570e-01 2.6542202570e-01 2.6542202570e-01 
2.7026944520e-01 2.7026944520e-01 2.7026944520e-01 2.7026944520e-01 2.7026944520e-01 2.7026944520e-01 
2.7816832691e-01 2.7816832691e-01 2.7816832691e-01 2.7816832691e-01 2.7816832691e-01 2.7816832691e-01 
2.9057568790e-01 2.9057568790e-01 2.9057568790e-01 2.9057568790e-01 2.9057568790e-01 2.9057568790e-01 
3.0907681027e-01 3.0907681027e-01 3.0907681027e-01 3.0907681027e-01 3.0907681027e-01 3.0907681027e-01 
3.3391029282e-01 3.3391029282e-01 3.3391029282e-01 3.3391029282e-01 3.3391029282e-01 3.3391029282e-01 
3.6415421333e-01 3.6415421333e-01 3.6415421333e-01 3.6415421333e-01 3.6415421333e-01 3.6415421333e-01 
3.9679344961e-01 3.9679344961e-01 3.9679344961e-01 3.9679344961e-01 3.9679344961e-01 3.9679344961e-01 
4.2870250920e-01 4.2870250920e-01 4.2870250920e-01 4.2870250920e-01 4.2870250920e-01 4.2870250920e-01 
