3.5560168410e-01 3.5560168410e-01 3.5560168410e-01 3.5560168410e-01 3.5560168410e-01 3.5560168410e-01 
3.5447313451e-01 3.5447313451e-01 3.5447313451e-01 3.5447313451e-01 3.5447313451e-01 3.5447313451e-01 
3.5098916309e-01 3.5098916309e-01 3.5098916309e-01 3.5098916309e-01 3.5098916309e-01 3.5098916309e-01 
3.4489419575e-01 3.4489419575e-01 3.4489419575e-01 3.4489419575e-01 3.4489419575e-01 3.4489419575e-01 
3.3589286989e-01 3.3589286989e-01 3.3589286989e-01 3.3589286989e-01 3.3589286989e-01 3.3589286989e-01 
3.2378008918e-01 3.2378008918e-01 3.2378008918e-01 3.2378008918e-01 3.2378008918e-01 3.2378008918e-01 
3.0849152190e-01 3.0849152190e-01 3.0849152190e-01 3.0849152190e-01 3.0849152190e-01 3.0849152190e-01 
2.9010295777e-01 2.9010295777e-01 2.9010295777e-01 2.9010295777e-01 2.9010295777e-01 2.9010295777e-01 
2.6884458063e-01 2.6884458063e-01 2.6884458063e-01 2.6884458063e-01 2.6884458063e-01 2.6884458063e-01 
2.4513625533e-01 2.4513625533e-01 2.4513625533e-01 2.4513625533e-01 2.4513625533e-01 2.4513625533e-01 
2.1962049641e-01 2.1962049641e-01 2.1962049641e-01 2.1962049641e-01 2.1962049641e-01 2.1962049641e-01 
1.9317839538e-01 1.9317839538e-01 1.9317839538e-01 1.9317839538e-01 1.9317839538e-01 1.9317839538e-01 
1.6690472853e-01 1.6690472853e-01 1.6690472853e-01 1.6690472853e-01 1.6690472853e-01 1.6690472853e-01 
1.4200003147e-01 1.4200003147e-01 1.4200003147e-01 1.4200003147e-01 1.4200003147e-01 1.4200003147e-01 
1.1963330149e-01 1.1963330149e-01 1.1963330149e-01 1.1963330149e-01 1.1963330149e-01 1.1963330149e-01 
1.0074647411e-01 1.0074647411e-01 1.0074647411e-01 1.0074647411e-01 1.0074647411e-01 1.0074647411e-01 
8.5936146688e-02 8.5936146688e-02 8.5936146688e-02 8.5936146688e-02 8.5936146688e-02 8.5936146688e-02 
7.4958372815e-02 7.4958372815e-02 7.4958372815e-02 7.4958372815e-02 7.4958372815e-02 7.4958372815e-02 
6.6145850302e-02 6.6145850302e-02 6.6145850302e-02 6.6145850302e-02 6.6145850302e-02 6.6145850302e-02 
5.0718381240e-02 5.0718381240e-02 5.0718381240e-02 5.0718381240e-02 5.0718381240e-02 5.0718381240e-02 
5.7482431279e-02 5.7482431279e-02 5.7482431279e-02 5.7482431279e-02 5.7482431279e-02 5.7482431279e-02 
