2.8372938349e-01 2.8372938349e-01 2.8372938349e-01 2.8372938349e-01 2.8372938349e-01 2.8372938349e-01 
2.8363343015e-01 2.8363343015e-01 2.8363343015e-01 2.8363343015e-01 2.8363343015e-01 2.8363343015e-01 
2.8334600636e-01 2.8334600636e-01 2.8334600636e-01 2.8334600636e-01 2.8334600636e-01 2.8334600636e-01 
2.8286821601e-01 2.8286821601e-01 2.8286821601e-01 2.8286821601e-01 2.8286821601e-01 2.8286821601e-01 
2.8220115173e-01 2.8220115173e-01 2.8220115173e-01 2.8220115173e-01 2.8220115173e-01 2.8220115173e-01 
2.8134452060e-01 2.8134452060e-01 2.8134452060e-01 2.8134452060e-01 2.8134452060e-01 2.8134452060e-01 
2.8029410004e-01 2.8029410004e-01 2.8029410004e-01 2.8029410004e-01 2.8029410004e-01 2.8029410004e-01 
2.7903709762e-01 2.7903709762e-01 2.7903709762e-01 2.7903709762e-01 2.7903709762e-01 2.7903709762e-01 
2.7754367414e-01 2.7754367414e-01 2.7754367414e-01 2.7754367414e-01 2.7754367414e-01 2.7754367414e-01 
2.7575138630e-01 2.7575138630e-01 2.7575138630e-01 2.7575138630e-01 2.7575138630e-01 2.7575138630e-01 
2.7353649208e-01 2.7353649208e-01 2.7353649208e-01 2.7353649208e-01 2.7353649208e-01 2.7353649208e-01 
2.7066088739e-01 2.7066088739e-01 2.7066088739e-01 2.7066088739e-01 2.7066088739e-01 2.7066088739e-01 
2.6667482664e-01 2.6667482664e-01 2.6667482664e-01 2.6667482664e-01 2.6667482664e-01 2.6667482664e-01 
2.6074713355e-01 2.6074713355e-01 2.6074713355e-01 2.6074713355e-01 2.6074713355e-01 2.6074713355e-01 
2.5141467580e-01 2.5141467580e-01 2.5141467580e-01 2.5141467580e-01 2.5141467580e-01 2.5141467580e-01 
2.3636247973e-01 2.3636247973e-01 2.3636247973e-01 2.3636247973e-01 2.3636247973e-01 2.3636247973e-01 
2.1256774287e-01 2.1256774287e-01 2.1256774287e-01 2.1256774287e-01 2.1256774287e-01 2.1256774287e-01 
1.7828336296e-01 1.7828336296e-01 1.7828336296e-01 1.7828336296e-01 1.7828336296e-01 1.7828336296e-01 
1.4173731493e-01 1.4173731493e-01 1.4173731493e-01 1.4173731493e-01 1.4173731493e-01 1.4173731493e-01 
1.1869058355e-01 1.1869058355e-01 1.1869058355e-01 1.1869058355e-01 1.1869058355e-01 1.1869058355e-01 
1.0857402482e-01 1.0857402482e-01 1.0857402482e-01 1.0857402482e-01 1.0857402482e-01 1.0857402482e-01 
