3.5133112936e-01 3.5133112936e-01 3.5133112936e-01 3.5133112936e-01 3.5133112936e-01 3.5133112936e-01 
3.5017803640e-01 3.5017803640e-01 3.5017803640e-01 3.5017803640e-01 3.5017803640e-01 3.5017803640e-01 
3.4662297903e-01 3.4662297903e-01 3.4662297903e-01 3.4662297903e-01 3.4662297903e-01 3.4662297903e-01 
3.4041791944e-01 3.4041791944e-01 3.4041791944e-01 3.4041791944e-01 3.4041791944e-01 3.4041791944e-01 
3.3127948899e-01 3.3127948899e-01 3.3127948899e-01 3.3127948899e-01 3.3127948899e-01 3.3127948899e-01 
3.1901827022e-01 3.1901827022e-01 3.1901827022e-01 3.1901827022e-01 3.1901827022e-01 3.1901827022e-01 
3.0358900845e-01 3.0358900845e-01 3.0358900845e-01 3.0358900845e-01 3.0358900845e-01 3.0358900845e-01 
2.8508971424e-01 2.8508971424e-01 2.8508971424e-01 2.8508971424e-01 2.8508971424e-01 2.8508971424e-01 
2.6377463822e-01 2.6377463822e-01 2.6377463822e-01 2.6377463822e-01 2.6377463822e-01 2.6377463822e-01 
2.4008673847e-01 2.4008673847e-01 2.4008673847e-01 2.4008673847e-01 2.4008673847e-01 2.4008673847e-01 
2.1468640872e-01 2.1468640872e-01 2.1468640872e-01 2.1468640872e-01 2.1468640872e-01 2.1468640872e-01 
1.8846218520e-01 1.8846218520e-01 1.8846218520e-01 1.8846218520e-01 1.8846218520e-01 1.8846218520e-01 
1.6250107040e-01 1.6250107040e-01 1.6250107040e-01 1.6250107040e-01 1.6250107040e-01 1.6250107040e-01 
1.3797913346e-01 1.3797913346e-01 1.3797913346e-01 1.3797913346e-01 1.3797913346e-01 1.3797913346e-01 
1.1602671856e-01 1.1602671856e-01 1.1602671856e-01 1.1602671856e-01 1.1602671856e-01 1.1602671856e-01 
9.7541061415e-02 9.7541061415e-02 9.7541061415e-02 9.7541061415e-02 9.7541061415e-02 9.7541061415e-02 
8.3077100411e-02 8.3077100411e-02 8.3077100411e-02 8.3077100411e-02 8.3077100411e-02 8.3077100411e-02 
7.2375680605e-02 7.2375680605e-02 7.2375680605e-02 7.2375680605e-02 7.2375680605e-02 7.2375680605e-02 
6.3809063411e-02 6.3809063411e-02 6.3809063411e-02 6.3809063411e-02 6.3809063411e-02 6.3809063411e-02 
4.8901139972e-02 4.8901139972e-02 4.8901139972e-02 4.8901139972e-02 4.8901139972e-02 4.8901139972e-02 
5.5414563305e-02 5.5414563305e-02 5.5414563305e-02 5.5414563305e-02 5.5414563305e-02 5.5414563305e-02 
