1.5624580319e-01 1.5624580319e-01 1.5624580319e-01 1.5624580319e-01 1.5624580319e-01 1.5624580319e-01 
1.5622442921e-01 1.5622442921e-01 1.5622442921e-01 1.5622442921e-01 1.5622442921e-01 1.5622442921e-01 
1.5615965965e-01 1.5615965965e-01 1.5615965965e-01 1.5615965965e-01 1.5615965965e-01 1.5615965965e-01 
1.5604941152e-01 1.5604941152e-01 1.5604941152e-01 1.5604941152e-01 1.5604941152e-01 1.5604941152e-01 
1.5588969627e-01 1.5588969627e-01 1.5588969627e-01 1.5588969627e-01 1.5588969627e-01 1.5588969627e-01 
1.5567365197e-01 1.5567365197e-01 1.5567365197e-01 1.5567365197e-01 1.5567365197e-01 1.5567365197e-01 
1.5538972798e-01 1.5538972798e-01 1.5538972798e-01 1.5538972798e-01 1.5538972798e-01 1.5538972798e-01 
1.5501836424e-01 1.5501836424e-01 1.5501836424e-01 1.5501836424e-01 1.5501836424e-01 1.5501836424e-01 
1.5452598890e-01 1.5452598890e-01 1.5452598890e-01 1.5452598890e-01 1.5452598890e-01 1.5452598890e-01 
1.5385429347e-01 1.5385429347e-01 1.5385429347e-01 1.5385429347e-01 1.5385429347e-01 1.5385429347e-01 
1.5290138664e-01 1.5290138664e-01 1.5290138664e-01 1.5290138664e-01 1.5290138664e-01 1.5290138664e-01 
1.5148975405e-01 1.5148975405e-01 1.5148975405e-01 1.5148975405e-01 1.5148975405e-01 1.5148975405e-01 
1.4931623706e-01 1.4931623706e-01 1.4931623706e-01 1.4931623706e-01 1.4931623706e-01 1.4931623706e-01 
1.4589384963e-01 1.4589384963e-01 1.4589384963e-01 1.4589384963e-01 1.4589384963e-01 1.4589384963e-01 
1.4056847813e-01 1.4056847813e-01 1.4056847813e-01 1.4056847813e-01 1.4056847813e-01 1.4056847813e-01 
1.3287590992e-01 1.3287590992e-01 1.3287590992e-01 1.3287590992e-01 1.3287590992e-01 1.3287590992e-01 
1.2345735703e-01 1.2345735703e-01 1.2345735703e-01 1.2345735703e-01 1.2345735703e-01 1.2345735703e-01 
1.1456385184e-01 1.1456385184e-01 1.1456385184e-01 1.1456385184e-01 1.1456385184e-01 1.1456385184e-01 
1.0831003506e-01 1.0831003506e-01 1.0831003506e-01 1.0831003506e-01 1.0831003506e-01 1.0831003506e-01 
1.0472186564e-01 1.0472186564e-01 1.0472186564e-01 1.0472186564e-01 1.0472186564e-01 1.0472186564e-01 
1.0280056788e-01 1.0280056788e-01 1.0280056788e-01 1.0280056788e-01 1.0280056788e-01 1.0280056788e-01 
