3.5336653232e-01 3.5336653232e-01 3.5336653232e-01 3.5336653232e-01 3.5336653232e-01 3.5336653232e-01 
3.5222501144e-01 3.5222501144e-01 3.5222501144e-01 3.5222501144e-01 3.5222501144e-01 3.5222501144e-01 
3.4870345076e-01 3.4870345076e-01 3.4870345076e-01 3.4870345076e-01 3.4870345076e-01 3.4870345076e-01 
3.4255020199e-01 3.4255020199e-01 3.4255020199e-01 3.4255020199e-01 3.4255020199e-01 3.4255020199e-01 
3.3347615642e-01 3.3347615642e-01 3.3347615642e-01 3.3347615642e-01 3.3347615642e-01 3.3347615642e-01 
3.2128440368e-01 3.2128440368e-01 3.2128440368e-01 3.2128440368e-01 3.2128440368e-01 3.2128440368e-01 
3.0592058802e-01 3.0592058802e-01 3.0592058802e-01 3.0592058802e-01 3.0592058802e-01 3.0592058802e-01 
2.8747214066e-01 2.8747214066e-01 2.8747214066e-01 2.8747214066e-01 2.8747214066e-01 2.8747214066e-01 
2.6618188381e-01 2.6618188381e-01 2.6618188381e-01 2.6618188381e-01 2.6618188381e-01 2.6618188381e-01 
2.4248185429e-01 2.4248185429e-01 2.4248185429e-01 2.4248185429e-01 2.4248185429e-01 2.4248185429e-01 
2.1702406528e-01 2.1702406528e-01 2.1702406528e-01 2.1702406528e-01 2.1702406528e-01 2.1702406528e-01 
1.9069370666e-01 1.9069370666e-01 1.9069370666e-01 1.9069370666e-01 1.9069370666e-01 1.9069370666e-01 
1.6458172943e-01 1.6458172943e-01 1.6458172943e-01 1.6458172943e-01 1.6458172943e-01 1.6458172943e-01 
1.3987608677e-01 1.3987608677e-01 1.3987608677e-01 1.3987608677e-01 1.3987608677e-01 1.3987608677e-01 
1.1772564865e-01 1.1772564865e-01 1.1772564865e-01 1.1772564865e-01 1.1772564865e-01 1.1772564865e-01 
9.9048866266e-02 9.9048866266e-02 9.9048866266e-02 9.9048866266e-02 9.9048866266e-02 9.9048866266e-02 
8.4420263048e-02 8.4420263048e-02 8.4420263048e-02 8.4420263048e-02 8.4420263048e-02 8.4420263048e-02 
7.3587689128e-02 7.3587689128e-02 7.3587689128e-02 7.3587689128e-02 7.3587689128e-02 7.3587689128e-02 
6.4904670146e-02 6.4904670146e-02 6.4904670146e-02 6.4904670146e-02 6.4904670146e-02 6.4904670146e-02 
4.9752439097e-02 4.9752439097e-02 4.9752439097e-02 4.9752439097e-02 4.9752439097e-02 4.9752439097e-02 
5.6382856186e-02 5.6382856186e-02 5.6382856186e-02 5.6382856186e-02 5.6382856186e-02 5.6382856186e-02 
