3.1347389432e-01 3.1347389432e-01 3.1347389432e-01 3.1347389432e-01 3.1347389432e-01 3.1347389432e-01 
3.1339293198e-01 3.1339293198e-01 3.1339293198e-01 3.1339293198e-01 3.1339293198e-01 3.1339293198e-01 
3.1315038234e-01 3.1315038234e-01 3.1315038234e-01 3.1315038234e-01 3.1315038234e-01 3.1315038234e-01 
3.1274708777e-01 3.1274708777e-01 3.1274708777e-01 3.1274708777e-01 3.1274708777e-01 3.1274708777e-01 
3.1218382986e-01 3.1218382986e-01 3.1218382986e-01 3.1218382986e-01 3.1218382986e-01 3.1218382986e-01 
3.1146017386e-01 3.1146017386e-01 3.1146017386e-01 3.1146017386e-01 3.1146017386e-01 3.1146017386e-01 
3.1057230486e-01 3.1057230486e-01 3.1057230486e-01 3.1057230486e-01 3.1057230486e-01 3.1057230486e-01 
3.0950902966e-01 3.0950902966e-01 3.0950902966e-01 3.0950902966e-01 3.0950902966e-01 3.0950902966e-01 
3.0824436720e-01 3.0824436720e-01 3.0824436720e-01 3.0824436720e-01 3.0824436720e-01 3.0824436720e-01 
3.0672372105e-01 3.0672372105e-01 3.0672372105e-01 3.0672372105e-01 3.0672372105e-01 3.0672372105e-01 
3.0483783830e-01 3.0483783830e-01 3.0483783830e-01 3.0483783830e-01 3.0483783830e-01 3.0483783830e-01 
3.0237324821e-01 3.0237324821e-01 3.0237324821e-01 3.0237324821e-01 3.0237324821e-01 3.0237324821e-01 
2.9891723913e-01 2.9891723913e-01 2.9891723913e-01 2.9891723913e-01 2.9891723913e-01 2.9891723913e-01 
2.9367789744e-01 2.9367789744e-01 2.9367789744e-01 2.9367789744e-01 2.9367789744e-01 2.9367789744e-01 
2.8516504267e-01 2.8516504267e-01 2.8516504267e-01 2.8516504267e-01 2.8516504267e-01 2.8516504267e-01 
2.7069711267e-01 2.7069711267e-01 2.7069711267e-01 2.7069711267e-01 2.7069711267e-01 2.7069711267e-01 
2.4577472429e-01 2.4577472429e-01 2.4577472429e-01 2.4577472429e-01 2.4577472429e-01 2.4577472429e-01 
2.0514213009e-01 2.0514213009e-01 2.0514213009e-01 2.0514213009e-01 2.0514213009e-01 2.0514213009e-01 
1.5641861246e-01 1.5641861246e-01 1.5641861246e-01 1.5641861246e-01 1.5641861246e-01 1.5641861246e-01 
1.2440878556e-01 1.2440878556e-01 1.2440878556e-01 1.2440878556e-01 1.2440878556e-01 1.2440878556e-01 
1.1071591272e-01 1.1071591272e-01 1.1071591272e-01 1.1071591272e-01 1.1071591272e-01 1.1071591272e-01 
