4.1162069926e-01 4.1162069926e-01 4.1162069926e-01 4.1162069926e-01 4.1162069926e-01 4.1162069926e-01 
4.1191106642e-01 4.1191106642e-01 4.1191106642e-01 4.1191106642e-01 4.1191106642e-01 4.1191106642e-01 
4.1269919948e-01 4.1269919948e-01 4.1269919948e-01 4.1269919948e-01 4.1269919948e-01 4.1269919948e-01 
4.1376909655e-01 4.1376909655e-01 4.1376909655e-01 4.1376909655e-01 4.1376909655e-01 4.1376909655e-01 
4.1487651081e-01 4.1487651081e-01 4.1487651081e-01 4.1487651081e-01 4.1487651081e-01 4.1487651081e-01 
4.1586570397e-01 4.1586570397e-01 4.1586570397e-01 4.1586570397e-01 4.1586570397e-01 4.1586570397e-01 
4.1669797245e-01 4.1669797245e-01 4.1669797245e-01 4.1669797245e-01 4.1669797245e-01 4.1669797245e-01 
4.1742000087e-01 4.1742000087e-01 4.1742000087e-01 4.1742000087e-01 4.1742000087e-01 4.1742000087e-01 
4.1815251000e-01 4.1815251000e-01 4.1815251000e-01 4.1815251000e-01 4.1815251000e-01 4.1815251000e-01 
4.1912444637e-01 4.1912444637e-01 4.1912444637e-01 4.1912444637e-01 4.1912444637e-01 4.1912444637e-01 
4.2075582319e-01 4.2075582319e-01 4.2075582319e-01 4.2075582319e-01 4.2075582319e-01 4.2075582319e-01 
4.2382572170e-01 4.2382572170e-01 4.2382572170e-01 4.2382572170e-01 4.2382572170e-01 4.2382572170e-01 
4.2977730950e-01 4.2977730950e-01 4.2977730950e-01 4.2977730950e-01 4.2977730950e-01 4.2977730950e-01 
4.4118007166e-01 4.4118007166e-01 4.4118007166e-01 4.4118007166e-01 4.4118007166e-01 4.4118007166e-01 
4.6262004590e-01 4.6262004590e-01 4.6262004590e-01 4.6262004590e-01 4.6262004590e-01 4.6262004590e-01 
5.0221456189e-01 5.0221456189e-01 5.0221456189e-01 5.0221456189e-01 5.0221456189e-01 5.0221456189e-01 
5.7493207428e-01 5.7493207428e-01 5.7493207428e-01 5.7493207428e-01 5.7493207428e-01 5.7493207428e-01 
7.0605785064e-01 7.0605785064e-01 7.0605785064e-01 7.0605785064e-01 7.0605785064e-01 7.0605785064e-01 
9.3306539683e-01 9.3306539683e-01 9.3306539683e-01 9.3306539683e-01 9.3306539683e-01 9.3306539683e-01 
1.2720835859e+00 1.2720835859e+00 1.2720835859e+00 1.2720835859e+00 1.2720835859e+00 1.2720835859e+00 
1.6692755634e+00 1.6692755634e+00 1.6692755634e+00 1.6692755634e+00 1.6692755634e+00 1.6692755634e+00 
