2.9982159886e-01 2.9982159886e-01 2.9982159886e-01 2.9982159886e-01 2.9982159886e-01 2.9982159886e-01 
2.9973197372e-01 2.9973197372e-01 2.9973197372e-01 2.9973197372e-01 2.9973197372e-01 2.9973197372e-01 
2.9946349841e-01 2.9946349841e-01 2.9946349841e-01 2.9946349841e-01 2.9946349841e-01 2.9946349841e-01 
2.9901718469e-01 2.9901718469e-01 2.9901718469e-01 2.9901718469e-01 2.9901718469e-01 2.9901718469e-01 
2.9839402966e-01 2.9839402966e-01 2.9839402966e-01 2.9839402966e-01 2.9839402966e-01 2.9839402966e-01 
2.9759374261e-01 2.9759374261e-01 2.9759374261e-01 2.9759374261e-01 2.9759374261e-01 2.9759374261e-01 
2.9661237533e-01 2.9661237533e-01 2.9661237533e-01 2.9661237533e-01 2.9661237533e-01 2.9661237533e-01 
2.9543797300e-01 2.9543797300e-01 2.9543797300e-01 2.9543797300e-01 2.9543797300e-01 2.9543797300e-01 
2.9404257221e-01 2.9404257221e-01 2.9404257221e-01 2.9404257221e-01 2.9404257221e-01 2.9404257221e-01 
2.9236739041e-01 2.9236739041e-01 2.9236739041e-01 2.9236739041e-01 2.9236739041e-01 2.9236739041e-01 
2.9029521393e-01 2.9029521393e-01 2.9029521393e-01 2.9029521393e-01 2.9029521393e-01 2.9029521393e-01 
2.8759856481e-01 2.8759856481e-01 2.8759856481e-01 2.8759856481e-01 2.8759856481e-01 2.8759856481e-01 
2.8384240316e-01 2.8384240316e-01 2.8384240316e-01 2.8384240316e-01 2.8384240316e-01 2.8384240316e-01 
2.7820669121e-01 2.7820669121e-01 2.7820669121e-01 2.7820669121e-01 2.7820669121e-01 2.7820669121e-01 
2.6919622870e-01 2.6919622870e-01 2.6919622870e-01 2.6919622870e-01 2.6919622870e-01 2.6919622870e-01 
2.5427636175e-01 2.5427636175e-01 2.5427636175e-01 2.5427636175e-01 2.5427636175e-01 2.5427636175e-01 
2.2964104857e-01 2.2964104857e-01 2.2964104857e-01 2.2964104857e-01 2.2964104857e-01 2.2964104857e-01 
1.9184819387e-01 1.9184819387e-01 1.9184819387e-01 1.9184819387e-01 1.9184819387e-01 1.9184819387e-01 
1.4908323036e-01 1.4908323036e-01 1.4908323036e-01 1.4908323036e-01 1.4908323036e-01 1.4908323036e-01 
1.2156107904e-01 1.2156107904e-01 1.2156107904e-01 1.2156107904e-01 1.2156107904e-01 1.2156107904e-01 
1.0965421991e-01 1.0965421991e-01 1.0965421991e-01 1.0965421991e-01 1.0965421991e-01 1.0965421991e-01 
