1.2002e+02 2.7666e+02 1.8187e+01 1.3958e+01 1.1096e+02 9.8239e+01 1.2120e+02 9.4916e+03 1.2000e+02 1.5000e+01 3.6063e+01
2.6626e+02 5.6699e+02 3.5888e+01 1.1954e+01 9.3060e+01 6.8364e+01 1.1535e+02 9.4520e+03 1.2000e+02 1.7892e+01 4.8143e+01
4.1710e+02 8.2837e+02 5.1922e+01 1.0848e+01 7.7161e+01 4.1631e+01 1.0933e+02 9.4501e+03 1.2000e+02 2.0870e+01 5.9175e+01
5.6159e+02 1.0165e+03 6.3485e+01 1.0314e+01 6.5799e+01 2.2470e+01 1.0355e+02 9.4500e+03 1.2000e+02 2.3719e+01 6.7174e+01
6.9427e+02 1.1281e+03 7.0342e+01 1.0077e+01 5.9077e+01 1.1132e+01 9.8253e+01 9.4500e+03 1.2000e+02 2.6333e+01 7.1928e+01
8.1369e+02 1.1861e+03 7.3904e+01 9.9754e+00 5.5583e+01 5.2455e+00 9.3481e+01 9.4500e+03 1.2000e+02 2.8682e+01 7.4399e+01
9.2014e+02 1.2141e+03 7.5620e+01 9.9311e+00 5.3899e+01 2.4086e+00 8.9228e+01 9.4500e+03 1.2000e+02 3.0774e+01 7.5590e+01
1.0145e+03 1.2271e+03 7.6417e+01 9.9117e+00 5.3117e+01 1.0922e+00 8.5458e+01 9.4500e+03 1.2000e+02 3.2626e+01 7.6143e+01
1.0976e+03 1.2330e+03 7.6780e+01 9.9030e+00 5.2761e+01 4.9245e-01 8.2136e+01 9.4500e+03 1.2000e+02 3.4258e+01 7.6395e+01
1.1705e+03 1.2356e+03 7.6939e+01 9.9030e+00 5.2601e+01 2.2641e-01 7.9221e+01 9.4500e+03 1.0607e+02 3.5688e+01 7.1459e+01
1.2250e+03 1.2362e+03 7.6972e+01 1.9400e+01 5.2564e+01 1.6640e-01 7.7044e+01 9.4500e+03 2.6861e+01 3.6755e+01 3.9270e+01
1.2664e+03 1.2366e+03 7.6998e+01 2.2278e+01 5.2541e+01 1.2495e-01 7.5389e+01 9.4500e+03 1.3215e+01 3.7570e+01 3.2608e+01
1.3007e+03 1.2369e+03 7.7017e+01 2.3663e+01 5.2524e+01 9.6066e-02 7.4019e+01 9.4500e+03 7.0547e+00 3.8246e+01 2.9578e+01
1.3298e+03 1.2371e+03 7.7030e+01 2.4400e+01 5.2512e+01 7.4773e-02 7.2854e+01 9.4500e+03 3.9159e+00 3.8821e+01 2.8032e+01
1.3550e+03 1.2373e+03 7.7040e+01 2.4809e+01 5.2503e+01 5.8608e-02 7.1848e+01 9.4500e+03 2.2205e+00 3.9317e+01 2.7198e+01
1.3769e+03 1.2374e+03 7.7048e+01 2.5041e+01 5.2496e+01 4.6129e-02 7.0973e+01 9.4500e+03 1.2743e+00 3.9749e+01 2.6733e+01
1.3961e+03 1.2375e+03 7.7055e+01 2.5174e+01 5.2491e+01 3.6401e-02 7.0206e+01 9.4500e+03 7.3632e-01 4.0127e+01 2.6470e+01
1.4130e+03 1.2376e+03 7.7060e+01 2.5250e+01 5.2487e+01 2.8773e-02 6.9530e+01 9.4500e+03 4.2713e-01 4.0460e+01 2.6319e+01
1.4279e+03 1.2376e+03 7.7063e+01 2.5294e+01 5.2483e+01 2.2770e-02 6.8931e+01 9.4500e+03 2.4833e-01 4.0755e+01 2.6233e+01
1.4413e+03 1.2377e+03 7.7066e+01 2.5319e+01 5.2481e+01 1.8034e-02 6.8398e+01 9.4500e+03 1.4457e-01 4.1017e+01 2.6183e+01
