3.8763994866e-02 3.8763994866e-02 3.8763994866e-02 3.8763994866e-02 3.8763994866e-02 3.8763994866e-02 
3.9327849798e-02 3.9327849798e-02 3.9327849798e-02 3.9327849798e-02 3.9327849798e-02 3.9327849798e-02 
4.1024245947e-02 4.1024245947e-02 4.1024245947e-02 4.1024245947e-02 4.1024245947e-02 4.1024245947e-02 
4.3866736373e-02 4.3866736373e-02 4.3866736373e-02 4.3866736373e-02 4.3866736373e-02 4.3866736373e-02 
4.7874720881e-02 4.7874720881e-02 4.7874720881e-02 4.7874720881e-02 4.7874720881e-02 4.7874720881e-02 
5.3068554590e-02 5.3068554590e-02 5.3068554590e-02 5.3068554590e-02 5.3068554590e-02 5.3068554590e-02 
5.9462549258e-02 5.9462549258e-02 5.9462549258e-02 5.9462549258e-02 5.9462549258e-02 5.9462549258e-02 
6.7055674804e-02 6.7055674804e-02 6.7055674804e-02 6.7055674804e-02 6.7055674804e-02 6.7055674804e-02 
7.5819808454e-02 7.5819808454e-02 7.5819808454e-02 7.5819808454e-02 7.5819808454e-02 7.5819808454e-02 
8.5685815867e-02 8.5685815867e-02 8.5685815867e-02 8.5685815867e-02 8.5685815867e-02 8.5685815867e-02 
9.6528574100e-02 9.6528574100e-02 9.6528574100e-02 9.6528574100e-02 9.6528574100e-02 9.6528574100e-02 
1.0815315279e-01 1.0815315279e-01 1.0815315279e-01 1.0815315279e-01 1.0815315279e-01 1.0815315279e-01 
1.2028558210e-01 1.2028558210e-01 1.2028558210e-01 1.2028558210e-01 1.2028558210e-01 1.2028558210e-01 
1.3257236416e-01 1.3257236416e-01 1.3257236416e-01 1.3257236416e-01 1.3257236416e-01 1.3257236416e-01 
1.4459225845e-01 1.4459225845e-01 1.4459225845e-01 1.4459225845e-01 1.4459225845e-01 1.4459225845e-01 
1.5588171310e-01 1.5588171310e-01 1.5588171310e-01 1.5588171310e-01 1.5588171310e-01 1.5588171310e-01 
1.6597137937e-01 1.6597137937e-01 1.6597137937e-01 1.6597137937e-01 1.6597137937e-01 1.6597137937e-01 
1.7442594798e-01 1.7442594798e-01 1.7442594798e-01 1.7442594798e-01 1.7442594798e-01 1.7442594798e-01 
1.8086883880e-01 1.8086883880e-01 1.8086883880e-01 1.8086883880e-01 1.8086883880e-01 1.8086883880e-01 
1.8494382882e-01 1.8494382882e-01 1.8494382882e-01 1.8494382882e-01 1.8494382882e-01 1.8494382882e-01 
1.8630254295e-01 1.8630254295e-01 1.8630254295e-01 1.8630254295e-01 1.8630254295e-01 1.8630254295e-01 
