8.7521008711e-03 8.7521008711e-03 8.7521008711e-03 8.7521008711e-03 8.7521008711e-03 8.7521008711e-03 
8.8328506088e-03 8.8328506088e-03 8.8328506088e-03 8.8328506088e-03 8.8328506088e-03 8.8328506088e-03 
9.0755512240e-03 9.0755512240e-03 9.0755512240e-03 9.0755512240e-03 9.0755512240e-03 9.0755512240e-03 
9.4813750500e-03 9.4813750500e-03 9.4813750500e-03 9.4813750500e-03 9.4813750500e-03 9.4813750500e-03 
1.0051679909e-02 1.0051679909e-02 1.0051679909e-02 1.0051679909e-02 1.0051679909e-02 1.0051679909e-02 
1.0787157707e-02 1.0787157707e-02 1.0787157707e-02 1.0787157707e-02 1.0787157707e-02 1.0787157707e-02 
1.1686719312e-02 1.1686719312e-02 1.1686719312e-02 1.1686719312e-02 1.1686719312e-02 1.1686719312e-02 
1.2746152738e-02 1.2746152738e-02 1.2746152738e-02 1.2746152738e-02 1.2746152738e-02 1.2746152738e-02 
1.3956600601e-02 1.3956600601e-02 1.3956600601e-02 1.3956600601e-02 1.3956600601e-02 1.3956600601e-02 
1.5302972125e-02 1.5302972125e-02 1.5302972125e-02 1.5302972125e-02 1.5302972125e-02 1.5302972125e-02 
1.6762508131e-02 1.6762508131e-02 1.6762508131e-02 1.6762508131e-02 1.6762508131e-02 1.6762508131e-02 
1.8303815656e-02 1.8303815656e-02 1.8303815656e-02 1.8303815656e-02 1.8303815656e-02 1.8303815656e-02 
1.9886749026e-02 1.9886749026e-02 1.9886749026e-02 1.9886749026e-02 1.9886749026e-02 1.9886749026e-02 
2.1463471759e-02 2.1463471759e-02 2.1463471759e-02 2.1463471759e-02 2.1463471759e-02 2.1463471759e-02 
2.2980830817e-02 2.2980830817e-02 2.2980830817e-02 2.2980830817e-02 2.2980830817e-02 2.2980830817e-02 
2.4383873678e-02 2.4383873678e-02 2.4383873678e-02 2.4383873678e-02 2.4383873678e-02 2.4383873678e-02 
2.5619969608e-02 2.5619969608e-02 2.5619969608e-02 2.5619969608e-02 2.5619969608e-02 2.5619969608e-02 
2.6642634548e-02 2.6642634548e-02 2.6642634548e-02 2.6642634548e-02 2.6642634548e-02 2.6642634548e-02 
2.7413284855e-02 2.7413284855e-02 2.7413284855e-02 2.7413284855e-02 2.7413284855e-02 2.7413284855e-02 
2.7896366145e-02 2.7896366145e-02 2.7896366145e-02 2.7896366145e-02 2.7896366145e-02 2.7896366145e-02 
2.8057280367e-02 2.8057280367e-02 2.8057280367e-02 2.8057280367e-02 2.8057280367e-02 2.8057280367e-02 
