1.4979075169e-02 1.4979075169e-02 1.4979075169e-02 1.4979075169e-02 1.4979075169e-02 1.4979075169e-02 
1.5123873611e-02 1.5123873611e-02 1.5123873611e-02 1.5123873611e-02 1.5123873611e-02 1.5123873611e-02 
1.5559186324e-02 1.5559186324e-02 1.5559186324e-02 1.5559186324e-02 1.5559186324e-02 1.5559186324e-02 
1.6287447214e-02 1.6287447214e-02 1.6287447214e-02 1.6287447214e-02 1.6287447214e-02 1.6287447214e-02 
1.7311665732e-02 1.7311665732e-02 1.7311665732e-02 1.7311665732e-02 1.7311665732e-02 1.7311665732e-02 
1.8633918293e-02 1.8633918293e-02 1.8633918293e-02 1.8633918293e-02 1.8633918293e-02 1.8633918293e-02 
2.0253349089e-02 2.0253349089e-02 2.0253349089e-02 2.0253349089e-02 2.0253349089e-02 2.0253349089e-02 
2.2163729307e-02 2.2163729307e-02 2.2163729307e-02 2.2163729307e-02 2.2163729307e-02 2.2163729307e-02 
2.4350639657e-02 2.4350639657e-02 2.4350639657e-02 2.4350639657e-02 2.4350639657e-02 2.4350639657e-02 
2.6788467111e-02 2.6788467111e-02 2.6788467111e-02 2.6788467111e-02 2.6788467111e-02 2.6788467111e-02 
2.9437600835e-02 2.9437600835e-02 2.9437600835e-02 2.9437600835e-02 2.9437600835e-02 2.9437600835e-02 
3.2242409143e-02 3.2242409143e-02 3.2242409143e-02 3.2242409143e-02 3.2242409143e-02 3.2242409143e-02 
3.5130718299e-02 3.5130718299e-02 3.5130718299e-02 3.5130718299e-02 3.5130718299e-02 3.5130718299e-02 
3.8015470514e-02 3.8015470514e-02 3.8015470514e-02 3.8015470514e-02 3.8015470514e-02 3.8015470514e-02 
4.0798889426e-02 4.0798889426e-02 4.0798889426e-02 4.0798889426e-02 4.0798889426e-02 4.0798889426e-02 
4.3378921441e-02 4.3378921441e-02 4.3378921441e-02 4.3378921441e-02 4.3378921441e-02 4.3378921441e-02 
4.5656997126e-02 4.5656997126e-02 4.5656997126e-02 4.5656997126e-02 4.5656997126e-02 4.5656997126e-02 
4.7545413077e-02 4.7545413077e-02 4.7545413077e-02 4.7545413077e-02 4.7545413077e-02 4.7545413077e-02 
4.8970913867e-02 4.8970913867e-02 4.8970913867e-02 4.8970913867e-02 4.8970913867e-02 4.8970913867e-02 
4.9865719284e-02 4.9865719284e-02 4.9865719284e-02 4.9865719284e-02 4.9865719284e-02 4.9865719284e-02 
5.0163814673e-02 5.0163814673e-02 5.0163814673e-02 5.0163814673e-02 5.0163814673e-02 5.0163814673e-02 
