1.0075470957e-03 1.0075470957e-03 1.0075470957e-03 1.0075470957e-03 1.0075470957e-03 1.0075470957e-03 
1.0164454933e-03 1.0164454933e-03 1.0164454933e-03 1.0164454933e-03 1.0164454933e-03 1.0164454933e-03 
1.0431817427e-03 1.0431817427e-03 1.0431817427e-03 1.0431817427e-03 1.0431817427e-03 1.0431817427e-03 
1.0878585809e-03 1.0878585809e-03 1.0878585809e-03 1.0878585809e-03 1.0878585809e-03 1.0878585809e-03 
1.1505805370e-03 1.1505805370e-03 1.1505805370e-03 1.1505805370e-03 1.1505805370e-03 1.1505805370e-03 
1.2313595358e-03 1.2313595358e-03 1.2313595358e-03 1.2313595358e-03 1.2313595358e-03 1.2313595358e-03 
1.3299928562e-03 1.3299928562e-03 1.3299928562e-03 1.3299928562e-03 1.3299928562e-03 1.3299928562e-03 
1.4459187119e-03 1.4459187119e-03 1.4459187119e-03 1.4459187119e-03 1.4459187119e-03 1.4459187119e-03 
1.5780557090e-03 1.5780557090e-03 1.5780557090e-03 1.5780557090e-03 1.5780557090e-03 1.5780557090e-03 
1.7246398603e-03 1.7246398603e-03 1.7246398603e-03 1.7246398603e-03 1.7246398603e-03 1.7246398603e-03 
1.8830834242e-03 1.8830834242e-03 1.8830834242e-03 1.8830834242e-03 1.8830834242e-03 1.8830834242e-03 
2.0498891247e-03 2.0498891247e-03 2.0498891247e-03 2.0498891247e-03 2.0498891247e-03 2.0498891247e-03 
2.2206577714e-03 2.2206577714e-03 2.2206577714e-03 2.2206577714e-03 2.2206577714e-03 2.2206577714e-03 
2.3902205860e-03 2.3902205860e-03 2.3902205860e-03 2.3902205860e-03 2.3902205860e-03 2.3902205860e-03 
2.5529046058e-03 2.5529046058e-03 2.5529046058e-03 2.5529046058e-03 2.5529046058e-03 2.5529046058e-03 
2.7029082407e-03 2.7029082407e-03 2.7029082407e-03 2.7029082407e-03 2.7029082407e-03 2.7029082407e-03 
2.8347279248e-03 2.8347279248e-03 2.8347279248e-03 2.8347279248e-03 2.8347279248e-03 2.8347279248e-03 
2.9435431851e-03 2.9435431851e-03 2.9435431851e-03 2.9435431851e-03 2.9435431851e-03 2.9435431851e-03 
3.0253811630e-03 3.0253811630e-03 3.0253811630e-03 3.0253811630e-03 3.0253811630e-03 3.0253811630e-03 
3.0765991579e-03 3.0765991579e-03 3.0765991579e-03 3.0765991579e-03 3.0765991579e-03 3.0765991579e-03 
3.0936579537e-03 3.0936579537e-03 3.0936579537e-03 3.0936579537e-03 3.0936579537e-03 3.0936579537e-03 
