3.3108527396e-02 3.3108527396e-02 3.3108527396e-02 3.3108527396e-02 3.3108527396e-02 3.3108527396e-02 
3.4386321447e-02 3.4386321447e-02 3.4386321447e-02 3.4386321447e-02 3.4386321447e-02 3.4386321447e-02 
3.8252038548e-02 3.8252038548e-02 3.8252038548e-02 3.8252038548e-02 3.8252038548e-02 3.8252038548e-02 
4.4799845351e-02 4.4799845351e-02 4.4799845351e-02 4.4799845351e-02 4.4799845351e-02 4.4799845351e-02 
5.4176986410e-02 5.4176986410e-02 5.4176986410e-02 5.4176986410e-02 5.4176986410e-02 5.4176986410e-02 
6.6568559098e-02 6.6568559098e-02 6.6568559098e-02 6.6568559098e-02 6.6568559098e-02 6.6568559098e-02 
8.2175163515e-02 8.2175163515e-02 8.2175163515e-02 8.2175163515e-02 8.2175163515e-02 8.2175163515e-02 
1.0118263268e-01 1.0118263268e-01 1.0118263268e-01 1.0118263268e-01 1.0118263268e-01 1.0118263268e-01 
1.2372292308e-01 1.2372292308e-01 1.2372292308e-01 1.2372292308e-01 1.2372292308e-01 1.2372292308e-01 
1.4982561460e-01 1.4982561460e-01 1.4982561460e-01 1.4982561460e-01 1.4982561460e-01 1.4982561460e-01 
1.7936085446e-01 1.7936085446e-01 1.7936085446e-01 1.7936085446e-01 1.7936085446e-01 1.7936085446e-01 
2.1197750490e-01 2.1197750490e-01 2.1197750490e-01 2.1197750490e-01 2.1197750490e-01 2.1197750490e-01 
2.4704514173e-01 2.4704514173e-01 2.4704514173e-01 2.4704514173e-01 2.4704514173e-01 2.4704514173e-01 
2.8361454296e-01 2.8361454296e-01 2.8361454296e-01 2.8361454296e-01 2.8361454296e-01 2.8361454296e-01 
3.2041545882e-01 3.2041545882e-01 3.2041545882e-01 3.2041545882e-01 3.2041545882e-01 3.2041545882e-01 
3.5590945568e-01 3.5590945568e-01 3.5590945568e-01 3.5590945568e-01 3.5590945568e-01 3.5590945568e-01 
3.8840457243e-01 3.8840457243e-01 3.8840457243e-01 3.8840457243e-01 3.8840457243e-01 3.8840457243e-01 
4.1621443477e-01 4.1621443477e-01 4.1621443477e-01 4.1621443477e-01 4.1621443477e-01 4.1621443477e-01 
4.3779105242e-01 4.3779105242e-01 4.3779105242e-01 4.3779105242e-01 4.3779105242e-01 4.3779105242e-01 
4.5162659031e-01 4.5162659031e-01 4.5162659031e-01 4.5162659031e-01 4.5162659031e-01 4.5162659031e-01 
4.5625302845e-01 4.5625302845e-01 4.5625302845e-01 4.5625302845e-01 4.5625302845e-01 4.5625302845e-01 
