2.9677436577e-03 2.9677436577e-03 2.9677436577e-03 2.9677436577e-03 2.9677436577e-03 2.9677436577e-03 
2.9942121733e-03 2.9942121733e-03 2.9942121733e-03 2.9942121733e-03 2.9942121733e-03 2.9942121733e-03 
3.0737464882e-03 3.0737464882e-03 3.0737464882e-03 3.0737464882e-03 3.0737464882e-03 3.0737464882e-03 
3.2066723672e-03 3.2066723672e-03 3.2066723672e-03 3.2066723672e-03 3.2066723672e-03 3.2066723672e-03 
3.3933349455e-03 3.3933349455e-03 3.3933349455e-03 3.3933349455e-03 3.3933349455e-03 3.3933349455e-03 
3.6338181650e-03 3.6338181650e-03 3.6338181650e-03 3.6338181650e-03 3.6338181650e-03 3.6338181650e-03 
3.9275808976e-03 3.9275808976e-03 3.9275808976e-03 3.9275808976e-03 3.9275808976e-03 3.9275808976e-03 
4.2730245674e-03 4.2730245674e-03 4.2730245674e-03 4.2730245674e-03 4.2730245674e-03 4.2730245674e-03 
4.6670100164e-03 4.6670100164e-03 4.6670100164e-03 4.6670100164e-03 4.6670100164e-03 4.6670100164e-03 
5.1043636291e-03 5.1043636291e-03 5.1043636291e-03 5.1043636291e-03 5.1043636291e-03 5.1043636291e-03 
5.5774448367e-03 5.5774448367e-03 5.5774448367e-03 5.5774448367e-03 5.5774448367e-03 5.5774448367e-03 
6.0758759011e-03 6.0758759011e-03 6.0758759011e-03 6.0758759011e-03 6.0758759011e-03 6.0758759011e-03 
6.5865497376e-03 6.5865497376e-03 6.5865497376e-03 6.5865497376e-03 6.5865497376e-03 6.5865497376e-03 
7.0940129830e-03 7.0940129830e-03 7.0940129830e-03 7.0940129830e-03 7.0940129830e-03 7.0940129830e-03 
7.5812535609e-03 7.5812535609e-03 7.5812535609e-03 7.5812535609e-03 7.5812535609e-03 7.5812535609e-03 
8.0308273697e-03 8.0308273697e-03 8.0308273697e-03 8.0308273697e-03 8.0308273697e-03 8.0308273697e-03 
8.4261478509e-03 8.4261478509e-03 8.4261478509e-03 8.4261478509e-03 8.4261478509e-03 8.4261478509e-03 
8.7526577743e-03 8.7526577743e-03 8.7526577743e-03 8.7526577743e-03 8.7526577743e-03 8.7526577743e-03 
8.9983388870e-03 8.9983388870e-03 8.9983388870e-03 8.9983388870e-03 8.9983388870e-03 8.9983388870e-03 
9.1521579852e-03 9.1521579852e-03 9.1521579852e-03 9.1521579852e-03 9.1521579852e-03 9.1521579852e-03 
9.2033907417e-03 9.2033907417e-03 9.2033907417e-03 9.2033907417e-03 9.2033907417e-03 9.2033907417e-03 
