2.5183821051e-02 2.5183821051e-02 2.5183821051e-02 2.5183821051e-02 2.5183821051e-02 2.5183821051e-02 
2.5455302575e-02 2.5455302575e-02 2.5455302575e-02 2.5455302575e-02 2.5455302575e-02 2.5455302575e-02 
2.6271761849e-02 2.6271761849e-02 2.6271761849e-02 2.6271761849e-02 2.6271761849e-02 2.6271761849e-02 
2.7638684851e-02 2.7638684851e-02 2.7638684851e-02 2.7638684851e-02 2.7638684851e-02 2.7638684851e-02 
2.9563363678e-02 2.9563363678e-02 2.9563363678e-02 2.9563363678e-02 2.9563363678e-02 2.9563363678e-02 
3.2052180801e-02 3.2052180801e-02 3.2052180801e-02 3.2052180801e-02 3.2052180801e-02 3.2052180801e-02 
3.5106924828e-02 3.5106924828e-02 3.5106924828e-02 3.5106924828e-02 3.5106924828e-02 3.5106924828e-02 
3.8720166909e-02 3.8720166909e-02 3.8720166909e-02 3.8720166909e-02 3.8720166909e-02 3.8720166909e-02 
4.2869755013e-02 4.2869755013e-02 4.2869755013e-02 4.2869755013e-02 4.2869755013e-02 4.2869755013e-02 
4.7512718972e-02 4.7512718972e-02 4.7512718972e-02 4.7512718972e-02 4.7512718972e-02 4.7512718972e-02 
5.2579266351e-02 5.2579266351e-02 5.2579266351e-02 5.2579266351e-02 5.2579266351e-02 5.2579266351e-02 
5.7967984016e-02 5.7967984016e-02 5.7967984016e-02 5.7967984016e-02 5.7967984016e-02 5.7967984016e-02 
6.3543731903e-02 6.3543731903e-02 6.3543731903e-02 6.3543731903e-02 6.3543731903e-02 6.3543731903e-02 
6.9139763511e-02 6.9139763511e-02 6.9139763511e-02 6.9139763511e-02 6.9139763511e-02 6.9139763511e-02 
7.4565034999e-02 7.4565034999e-02 7.4565034999e-02 7.4565034999e-02 7.4565034999e-02 7.4565034999e-02 
7.9616574685e-02 7.9616574685e-02 7.9616574685e-02 7.9616574685e-02 7.9616574685e-02 7.9616574685e-02 
8.4095221085e-02 8.4095221085e-02 8.4095221085e-02 8.4095221085e-02 8.4095221085e-02 8.4095221085e-02 
8.7821290623e-02 8.7821290623e-02 8.7821290623e-02 8.7821290623e-02 8.7821290623e-02 8.7821290623e-02 
9.0642927826e-02 9.0642927826e-02 9.0642927826e-02 9.0642927826e-02 9.0642927826e-02 9.0642927826e-02 
9.2418600412e-02 9.2418600412e-02 9.2418600412e-02 9.2418600412e-02 9.2418600412e-02 9.2418600412e-02 
9.3010307565e-02 9.3010307565e-02 9.3010307565e-02 9.3010307565e-02 9.3010307565e-02 9.3010307565e-02 
