5.0967523776e-03 5.0967523776e-03 5.0967523776e-03 5.0967523776e-03 5.0967523776e-03 5.0967523776e-03 
5.1427374479e-03 5.1427374479e-03 5.1427374479e-03 5.1427374479e-03 5.1427374479e-03 5.1427374479e-03 
5.2809287786e-03 5.2809287786e-03 5.2809287786e-03 5.2809287786e-03 5.2809287786e-03 5.2809287786e-03 
5.5119300718e-03 5.5119300718e-03 5.5119300718e-03 5.5119300718e-03 5.5119300718e-03 5.5119300718e-03 
5.8364051736e-03 5.8364051736e-03 5.8364051736e-03 5.8364051736e-03 5.8364051736e-03 5.8364051736e-03 
6.2545913206e-03 6.2545913206e-03 6.2545913206e-03 6.2545913206e-03 6.2545913206e-03 6.2545913206e-03 
6.7656656223e-03 6.7656656223e-03 6.7656656223e-03 6.7656656223e-03 6.7656656223e-03 6.7656656223e-03 
7.3669888514e-03 7.3669888514e-03 7.3669888514e-03 7.3669888514e-03 7.3669888514e-03 7.3669888514e-03 
8.0532557035e-03 8.0532557035e-03 8.0532557035e-03 8.0532557035e-03 8.0532557035e-03 8.0532557035e-03 
8.8156197047e-03 8.8156197047e-03 8.8156197047e-03 8.8156197047e-03 8.8156197047e-03 8.8156197047e-03 
9.6409178276e-03 9.6409178276e-03 9.6409178276e-03 9.6409178276e-03 9.6409178276e-03 9.6409178276e-03 
1.0511172063e-02 1.0511172063e-02 1.0511172063e-02 1.0511172063e-02 1.0511172063e-02 1.0511172063e-02 
1.1403574037e-02 1.1403574037e-02 1.1403574037e-02 1.1403574037e-02 1.1403574037e-02 1.1403574037e-02 
1.2291129350e-02 1.2291129350e-02 1.2291129350e-02 1.2291129350e-02 1.2291129350e-02 1.2291129350e-02 
1.3144021000e-02 1.3144021000e-02 1.3144021000e-02 1.3144021000e-02 1.3144021000e-02 1.3144021000e-02 
1.3931584143e-02 1.3931584143e-02 1.3931584143e-02 1.3931584143e-02 1.3931584143e-02 1.3931584143e-02 
1.4624585418e-02 1.4624585418e-02 1.4624585418e-02 1.4624585418e-02 1.4624585418e-02 1.4624585418e-02 
1.5197309914e-02 1.5197309914e-02 1.5197309914e-02 1.5197309914e-02 1.5197309914e-02 1.5197309914e-02 
1.5628486674e-02 1.5628486674e-02 1.5628486674e-02 1.5628486674e-02 1.5628486674e-02 1.5628486674e-02 
1.5898561231e-02 1.5898561231e-02 1.5898561231e-02 1.5898561231e-02 1.5898561231e-02 1.5898561231e-02 
1.5988517945e-02 1.5988517945e-02 1.5988517945e-02 1.5988517945e-02 1.5988517945e-02 1.5988517945e-02 
