1.9839147531e-10 1.9839147531e-10 1.9839147531e-10 1.9839147531e-10 1.9839147531e-10 1.9839147531e-10 
4.0085467554e-10 4.0085467554e-10 4.0085467554e-10 4.0085467554e-10 4.0085467554e-10 4.0085467554e-10 
1.4215068139e-09 1.4215068139e-09 1.4215068139e-09 1.4215068139e-09 1.4215068139e-09 1.4215068139e-09 
5.3438139434e-09 5.3438139434e-09 5.3438139434e-09 5.3438139434e-09 5.3438139434e-09 5.3438139434e-09 
2.0175129591e-08 2.0175129591e-08 2.0175129591e-08 2.0175129591e-08 2.0175129591e-08 2.0175129591e-08 
7.6195938006e-08 7.6195938006e-08 7.6195938006e-08 7.6195938006e-08 7.6195938006e-08 7.6195938006e-08 
2.8778904970e-07 2.8778904970e-07 2.8778904970e-07 2.8778904970e-07 2.8778904970e-07 2.8778904970e-07 
1.0870046815e-06 1.0870046815e-06 1.0870046815e-06 1.0870046815e-06 1.0870046815e-06 1.0870046815e-06 
4.1058220465e-06 4.1058220465e-06 4.1058220465e-06 4.1058220465e-06 4.1058220465e-06 4.1058220465e-06 
1.5508899117e-05 1.5508899117e-05 1.5508899117e-05 1.5508899117e-05 1.5508899117e-05 1.5508899117e-05 
5.8584216867e-05 5.8584216867e-05 5.8584216867e-05 5.8584216867e-05 5.8584216867e-05 5.8584216867e-05 
2.2131810867e-04 2.2131810867e-04 2.2131810867e-04 2.2131810867e-04 2.2131810867e-04 2.2131810867e-04 
8.3623536826e-04 8.3623536826e-04 8.3623536826e-04 8.3623536826e-04 8.3623536826e-04 8.3623536826e-04 
3.1607622764e-03 3.1607622764e-03 3.1607622764e-03 3.1607622764e-03 3.1607622764e-03 3.1607622764e-03 
1.1955046440e-02 1.1955046440e-02 1.1955046440e-02 1.1955046440e-02 1.1955046440e-02 1.1955046440e-02 
4.5276533392e-02 4.5276533392e-02 4.5276533392e-02 4.5276533392e-02 4.5276533392e-02 4.5276533392e-02 
1.7188860040e-01 1.7188860040e-01 1.7188860040e-01 1.7188860040e-01 1.7188860040e-01 1.7188860040e-01 
6.5549560820e-01 6.5549560820e-01 6.5549560820e-01 6.5549560820e-01 6.5549560820e-01 6.5549560820e-01 
2.5201579124e+00 2.5201579124e+00 2.5201579124e+00 2.5201579124e+00 2.5201579124e+00 2.5201579124e+00 
6.4582604384e+00 6.4582604384e+00 6.4582604384e+00 6.4582604384e+00 6.4582604384e+00 6.4582604384e+00 
7.8108684271e+00 7.8108684271e+00 7.8108684271e+00 7.8108684271e+00 7.8108684271e+00 7.8108684271e+00 
