1.7288460188e-03 1.7288460188e-03 1.7288460188e-03 1.7288460188e-03 1.7288460188e-03 1.7288460188e-03 
1.7441685851e-03 1.7441685851e-03 1.7441685851e-03 1.7441685851e-03 1.7441685851e-03 1.7441685851e-03 
1.7902084016e-03 1.7902084016e-03 1.7902084016e-03 1.7902084016e-03 1.7902084016e-03 1.7902084016e-03 
1.8671466850e-03 1.8671466850e-03 1.8671466850e-03 1.8671466850e-03 1.8671466850e-03 1.8671466850e-03 
1.9751707296e-03 1.9751707296e-03 1.9751707296e-03 1.9751707296e-03 1.9751707296e-03 1.9751707296e-03 
2.1143114006e-03 2.1143114006e-03 2.1143114006e-03 2.1143114006e-03 2.1143114006e-03 2.1143114006e-03 
2.2842327917e-03 2.2842327917e-03 2.2842327917e-03 2.2842327917e-03 2.2842327917e-03 2.2842327917e-03 
2.4839829376e-03 2.4839829376e-03 2.4839829376e-03 2.4839829376e-03 2.4839829376e-03 2.4839829376e-03 
2.7117161691e-03 2.7117161691e-03 2.7117161691e-03 2.7117161691e-03 2.7117161691e-03 2.7117161691e-03 
2.9644105240e-03 2.9644105240e-03 2.9644105240e-03 2.9644105240e-03 2.9644105240e-03 2.9644105240e-03 
3.2376219933e-03 3.2376219933e-03 3.2376219933e-03 3.2376219933e-03 3.2376219933e-03 3.2376219933e-03 
3.5253336187e-03 3.5253336187e-03 3.5253336187e-03 3.5253336187e-03 3.5253336187e-03 3.5253336187e-03 
3.8199654837e-03 3.8199654837e-03 3.8199654837e-03 3.8199654837e-03 3.8199654837e-03 3.8199654837e-03 
4.1126003721e-03 4.1126003721e-03 4.1126003721e-03 4.1126003721e-03 4.1126003721e-03 4.1126003721e-03 
4.3934404283e-03 4.3934404283e-03 4.3934404283e-03 4.3934404283e-03 4.3934404283e-03 4.3934404283e-03 
4.6524559230e-03 4.6524559230e-03 4.6524559230e-03 4.6524559230e-03 4.6524559230e-03 4.6524559230e-03 
4.8801242838e-03 4.8801242838e-03 4.8801242838e-03 4.8801242838e-03 4.8801242838e-03 4.8801242838e-03 
5.0680987359e-03 5.0680987359e-03 5.0680987359e-03 5.0680987359e-03 5.0680987359e-03 5.0680987359e-03 
5.2094958531e-03 5.2094958531e-03 5.2094958531e-03 5.2094958531e-03 5.2094958531e-03 5.2094958531e-03 
5.2980014017e-03 5.2980014017e-03 5.2980014017e-03 5.2980014017e-03 5.2980014017e-03 5.2980014017e-03 
5.3274795917e-03 5.3274795917e-03 5.3274795917e-03 5.3274795917e-03 5.3274795917e-03 5.3274795917e-03 
