5.8734751916e-04 5.8734751916e-04 5.8734751916e-04 5.8734751916e-04 5.8734751916e-04 5.8734751916e-04 
5.9252440622e-04 5.9252440622e-04 5.9252440622e-04 5.9252440622e-04 5.9252440622e-04 5.9252440622e-04 
6.0807867256e-04 6.0807867256e-04 6.0807867256e-04 6.0807867256e-04 6.0807867256e-04 6.0807867256e-04 
6.3406923701e-04 6.3406923701e-04 6.3406923701e-04 6.3406923701e-04 6.3406923701e-04 6.3406923701e-04 
6.7055547104e-04 6.7055547104e-04 6.7055547104e-04 6.7055547104e-04 6.7055547104e-04 6.7055547104e-04 
7.1754227530e-04 7.1754227530e-04 7.1754227530e-04 7.1754227530e-04 7.1754227530e-04 7.1754227530e-04 
7.7490911805e-04 7.7490911805e-04 7.7490911805e-04 7.7490911805e-04 7.7490911805e-04 7.7490911805e-04 
8.4232613634e-04 8.4232613634e-04 8.4232613634e-04 8.4232613634e-04 8.4232613634e-04 8.4232613634e-04 
9.1916097415e-04 9.1916097415e-04 9.1916097415e-04 9.1916097415e-04 9.1916097415e-04 9.1916097415e-04 
1.0043843436e-03 1.0043843436e-03 1.0043843436e-03 1.0043843436e-03 1.0043843436e-03 1.0043843436e-03 
1.0964884299e-03 1.0964884299e-03 1.0964884299e-03 1.0964884299e-03 1.0964884299e-03 1.0964884299e-03 
1.1934376134e-03 1.1934376134e-03 1.1934376134e-03 1.1934376134e-03 1.1934376134e-03 1.1934376134e-03 
1.2926735151e-03 1.2926735151e-03 1.2926735151e-03 1.2926735151e-03 1.2926735151e-03 1.2926735151e-03 
1.3911924040e-03 1.3911924040e-03 1.3911924040e-03 1.3911924040e-03 1.3911924040e-03 1.3911924040e-03 
1.4856996588e-03 1.4856996588e-03 1.4856996588e-03 1.4856996588e-03 1.4856996588e-03 1.4856996588e-03 
1.5728278395e-03 1.5728278395e-03 1.5728278395e-03 1.5728278395e-03 1.5728278395e-03 1.5728278395e-03 
1.6493840430e-03 1.6493840430e-03 1.6493840430e-03 1.6493840430e-03 1.6493840430e-03 1.6493840430e-03 
1.7125728409e-03 1.7125728409e-03 1.7125728409e-03 1.7125728409e-03 1.7125728409e-03 1.7125728409e-03 
1.7600911713e-03 1.7600911713e-03 1.7600911713e-03 1.7600911713e-03 1.7600911713e-03 1.7600911713e-03 
1.7898278970e-03 1.7898278970e-03 1.7898278970e-03 1.7898278970e-03 1.7898278970e-03 1.7898278970e-03 
1.7997320169e-03 1.7997320169e-03 1.7997320169e-03 1.7997320169e-03 1.7997320169e-03 1.7997320169e-03 
