-6.843910217285156250e-01 -2.051572322845458984e+00 2.233024358749389648e+00 -8.997892141342163086e-01 2.082193136215209961e+00
3.033263981342315674e-01 -7.185491919517517090e-01 -9.667999148368835449e-01 9.019822478294372559e-01 3.958361968398094177e-02
-1.570015430450439453e+00 -4.784983694553375244e-01 8.743395209312438965e-01 -8.122954964637756348e-01 -1.257943391799926758e+00
-6.005321741104125977e-01 8.899610042572021484e-01 8.401981592178344727e-01 2.233752608299255371e-01 -2.049914300441741943e-01
5.941916108131408691e-01 -7.552184462547302246e-01 7.929322719573974609e-01 -1.147575974464416504e+00 2.699695229530334473e-01
-8.097243309020996094e-01 -4.373177587985992432e-01 -5.356020852923393250e-02 -4.742178916931152344e-01 9.151025414466857910e-01
-4.011979997158050537e-01 -1.186406850814819336e+00 1.580155342817306519e-01 5.083121061325073242e-01 1.908005625009536743e-01
-2.195831090211868286e-01 -1.323139071464538574e-01 -2.627264559268951416e-01 -1.204191669821739197e-01 4.408688545227050781e-01
1.256487369537353516e+00 -4.723493754863739014e-01 -1.917454957962036133e+00 9.873180985450744629e-01 -9.832230806350708008e-01
-2.455174773931503296e-01 -9.023239612579345703e-01 -1.125050336122512817e-02 -1.956856101751327515e-01 -3.448868691921234131e-01
1.585549265146255493e-01 -1.789208531379699707e+00 7.999081015586853027e-01 -2.025481462478637695e-01 -2.876929473131895065e-03
2.209195494651794434e-01 -1.440618276596069336e+00 8.174258470535278320e-01 -9.676275849342346191e-01 -6.149447560310363770e-01
-6.232023835182189941e-01 -7.415483593940734863e-01 -1.237030386924743652e+00 2.074107170104980469e+00 -1.937500357627868652e+00
-5.094050168991088867e-01 -9.473289251327514648e-01 -2.610906064510345459e-01 8.746349215507507324e-01 1.068430691957473755e-01
1.628213375806808472e-02 -6.127464175224304199e-01 -3.687368929386138916e-01 1.197631120681762695e+00 -5.179963707923889160e-01
6.836957931518554688e-01 5.904951095581054688e-01 -1.091861501336097717e-01 -1.375782012939453125e+00 -5.466631054878234863e-01
-3.366081416606903076e-01 6.897208690643310547e-01 -3.330183625221252441e-01 -1.567976474761962891e-01 3.995139598846435547e-01
-7.264592051506042480e-01 -9.070824980735778809e-01 -1.406573057174682617e+00 2.842142343521118164e+00 -1.505574107170104980e+00
-1.509764790534973145e+00 -1.709177851676940918e+00 -3.675572574138641357e-02 2.937747240066528320e+00 -4.228866100311279297e-01
7.898080348968505859e-01 -8.372146487236022949e-01 6.303641796112060547e-01 -3.624139726161956787e-01 4.851868450641632080e-01
-4.517537653446197510e-01 -1.675576567649841309e+00 1.119934320449829102e+00 -5.145516991615295410e-01 -4.967888295650482178e-01
-2.601929605007171631e-01 -7.201152443885803223e-01 5.440497305244207382e-03 1.108411550521850586e+00 -2.842820286750793457e-01
1.520509421825408936e-01 -1.189769148826599121e+00 1.020447134971618652e+00 -1.233324408531188965e+00 -1.074858978390693665e-01
1.274341583251953125e+00 -9.149369001388549805e-01 -4.566799849271774292e-02 -1.295469641685485840e+00 -4.048829078674316406e-01
8.920208811759948730e-01 -9.414049386978149414e-01 3.003497719764709473e-01 -1.404484868049621582e+00 -4.717556536197662354e-01
-2.818610072135925293e-01 -1.251037478446960449e+00 5.512816905975341797e-01 -4.827491343021392822e-01 -3.119545280933380127e-01
1.505400061607360840e+00 -1.413615226745605469e+00 -3.430979847908020020e-01 -1.167889475822448730e+00 -8.321822881698608398e-01
1.197582930326461792e-01 4.808757603168487549e-01 -3.452564775943756104e-01 -1.031762242317199707e+00 3.706881999969482422e-01
-5.759249925613403320e-01 4.129726588726043701e-01 -3.250628411769866943e-01 -9.487318396568298340e-01 -4.675399661064147949e-01
8.371916413307189941e-01 -1.689815640449523926e+00 8.926041722297668457e-01 -1.488365530967712402e+00 -1.959527432918548584e-01
-1.357547938823699951e-01 -9.505241513252258301e-01 -7.624916732311248779e-03 3.863221406936645508e-01 4.176973998546600342e-01
2.526926696300506592e-01 7.213642001152038574e-01 -3.669744133949279785e-01 4.121416807174682617e-01 -5.312012434005737305e-01
8.882558345794677734e-01 2.442338317632675171e-01 -1.499364972114562988e+00 1.465407758951187134e-01 -2.491672486066818237e-01
1.757417321205139160e-01 -9.152503013610839844e-01 -1.721345633268356323e-02 -2.331558242440223694e-02 1.269544064998626709e-01
-2.131234109401702881e-01 -5.881472826004028320e-01 -2.119986712932586670e-01 -4.963557422161102295e-01 -2.618910977616906166e-03
3.154572471976280212e-02 1.574896454811096191e+00 -6.845752596855163574e-01 -6.642108559608459473e-01 1.003211498260498047e+00
7.598020434379577637e-01 2.124496847391128540e-01 -5.600017905235290527e-01 -3.006849884986877441e-01 7.781105041503906250e-01
-7.974893450736999512e-01 2.432182431221008301e-01 6.777494549751281738e-01 -1.112579703330993652e+00 -4.224260747432708740e-01
2.830728292465209961e-01 1.301037818193435669e-01 3.706108927726745605e-01 -1.682569265365600586e+00 -4.114266633987426758e-01
-1.863591223955154419e-01 2.773925364017486572e-01 -1.056782007217407227e+00 2.877445816993713379e-01 5.099201798439025879e-01
-5.660407543182373047e-01 -7.699723243713378906e-01 1.191179871559143066e+00 -1.745918840169906616e-01 4.253908693790435791e-01
-7.989645004272460938e-01 -8.183340430259704590e-01 8.195506930351257324e-01 -6.897960901260375977e-01 -4.268746376037597656e-01
6.147317290306091309e-01 -7.149822115898132324e-01 -2.011829614639282227e-01 -1.126941800117492676e+00 -9.081048965454101562e-01
-2.063774764537811279e-01 1.674523353576660156e-01 -8.748024106025695801e-01 -1.191103160381317139e-01 -2.104508131742477417e-01
2.554864406585693359e+00 -4.618115425109863281e-01 -5.836382508277893066e-02 8.062256872653961182e-02 1.043064355850219727e+00
-1.284718792885541916e-02 9.486435651779174805e-01 2.820234894752502441e-01 7.219097018241882324e-01 2.869006693363189697e-01
8.102276325225830078e-01 -1.726406097412109375e+00 5.218796133995056152e-01 -1.293758153915405273e+00 -6.457538008689880371e-01
6.975432038307189941e-01 -1.651156067848205566e+00 1.058083400130271912e-01 -6.334376335144042969e-01 -6.978508234024047852e-01
-1.183669209480285645e+00 -5.346508026123046875e-01 1.478817224502563477e+00 -1.870312452316284180e+00 -1.108708262443542480e+00
2.094130069017410278e-01 3.242513909935951233e-02 2.740366160869598389e-01 -1.286282986402511597e-01 -1.124214649200439453e+00
2.963173985481262207e-01 -9.996843338012695312e-01 1.032946586608886719e+00 4.285827279090881348e-01 9.853632003068923950e-02
1.059127449989318848e+00 1.818134635686874390e-01 4.486394822597503662e-01 -1.043609976768493652e+00 -8.401027917861938477e-01
-1.126015424728393555e+00 8.333423733711242676e-01 -7.617359161376953125e-01 -2.586880922317504883e-01 -4.112338125705718994e-01
-1.571309268474578857e-01 5.587114021182060242e-02 -2.347176969051361084e-01 1.491790175437927246e+00 1.001784086227416992e+00
-6.935244798660278320e-01 -8.714655041694641113e-02 4.177904725074768066e-01 1.106018185615539551e+00 4.551169276237487793e-01
2.152343839406967163e-01 5.070008635520935059e-01 -4.312458634376525879e-01 -3.689546883106231689e-01 1.381368279457092285e+00
-7.278463840484619141e-01 -8.344156742095947266e-01 6.893935203552246094e-01 4.257958531379699707e-01 2.014420628547668457e-01
-9.828210622072219849e-02 -2.196023911237716675e-01 1.280832588672637939e-01 -1.187703832983970642e-01 2.819962024688720703e+00
-2.100192457437515259e-01 -6.484276056289672852e-01 -4.247600436210632324e-01 -3.176823258399963379e-01 -1.004114151000976562e+00
-2.580670714378356934e-01 -6.791536211967468262e-01 -3.695546686649322510e-01 -2.942077219486236572e-01 -9.610847234725952148e-01
-2.583774924278259277e-01 -6.795722842216491699e-01 -3.674402534961700439e-01 -2.909960448741912842e-01 -9.630982875823974609e-01
-5.069557428359985352e-01 -6.850142478942871094e-01 -3.668099269270896912e-02 -4.948863387107849121e-01 -9.279935359954833984e-01
-5.512831807136535645e-01 -7.134211659431457520e-01 1.108645461499691010e-02 -4.825997054576873779e-01 -8.913551568984985352e-01
-2.164485901594161987e-01 -1.252012372016906738e+00 -1.495186984539031982e-01 -2.549647688865661621e-01 -1.192391514778137207e+00
6.283483654260635376e-02 -1.036583423614501953e+00 -4.540738761425018311e-01 -4.570801854133605957e-01 -1.420191884040832520e+00
-7.667979001998901367e-01 -5.845223665237426758e-01 -1.035276651382446289e+00 1.098780035972595215e+00 -7.933917641639709473e-01
-6.959736943244934082e-01 -7.957154512405395508e-01 -9.641123414039611816e-01 1.199463844299316406e+00 -6.810746788978576660e-01
2.365773171186447144e-01 -8.910144567489624023e-01 6.776244640350341797e-01 -1.627001464366912842e-01 1.439686894416809082e+00
-5.601720809936523438e-01 -1.310118556022644043e+00 3.257210254669189453e-01 3.030739724636077881e-02 -9.100193530321121216e-02
-4.193292856216430664e-01 -1.616826772689819336e+00 -5.011762380599975586e-01 1.072618722915649414e+00 -7.250578999519348145e-01
7.642122358083724976e-02 -1.925561785697937012e+00 -4.829772114753723145e-01 8.023464679718017578e-01 -7.452713847160339355e-01
-3.486338853836059570e-01 -5.402151942253112793e-01 -7.448979616165161133e-01 -1.722408831119537354e-01 -1.735714435577392578e+00
-5.523633360862731934e-01 -7.851076722145080566e-01 -4.565621614456176758e-01 -3.081801347434520721e-02 -1.511855125427246094e+00
2.456680983304977417e-01 -2.340185642242431641e+00 3.888768553733825684e-01 -1.033567637205123901e-01 -1.034814119338989258e+00
1.037358045578002930e+00 -2.023889541625976562e+00 -3.902280628681182861e-01 -4.168325066566467285e-01 -1.582775592803955078e+00
-4.756522178649902344e-01 3.817130997776985168e-02 -3.163051307201385498e-01 -9.601539373397827148e-01 -1.356652259826660156e+00
-1.348972797393798828e+00 -1.738187789916992188e+00 1.006662726402282715e+00 5.364163517951965332e-01 1.322144567966461182e-01
5.451138615608215332e-01 -2.062060594558715820e+00 2.937152683734893799e-01 -9.084008932113647461e-01 -1.533131718635559082e+00
-9.291042387485504150e-02 -2.238481283187866211e+00 1.413053870201110840e-01 7.503648996353149414e-01 -9.575765579938888550e-03
-2.723641097545623779e-01 -1.534044265747070312e+00 9.640983939170837402e-01 -8.561782240867614746e-01 -8.269133567810058594e-01
-3.509452342987060547e-01 -4.668269455432891846e-01 5.784075241535902023e-03 -3.710137605667114258e-01 1.075176373124122620e-01
4.853124320507049561e-01 2.708965539932250977e-01 -1.218850731849670410e+00 -4.386651813983917236e-01 -3.898367583751678467e-01
-1.001440525054931641e+00 -7.915612459182739258e-01 -2.838855981826782227e-01 1.093297123908996582e+00 -5.302133560180664062e-01
-1.222164511680603027e+00 -1.700764179229736328e+00 1.046560764312744141e+00 2.815825045108795166e-01 -2.040631026029586792e-01
-1.882146149873733521e-01 -1.160323262214660645e+00 -2.412966638803482056e-01 2.723534777760505676e-02 -8.359079957008361816e-01
-2.334275096654891968e-01 -1.380210995674133301e+00 -1.651445180177688599e-01 3.109615147113800049e-01 -5.832383632659912109e-01
-8.327816128730773926e-01 -3.679970502853393555e-01 1.369438290596008301e+00 6.281993985176086426e-01 -4.404806196689605713e-01
-4.135296046733856201e-01 2.580112516880035400e-01 5.824964046478271484e-01 -8.054271936416625977e-01 7.358518987894058228e-02
1.151468157768249512e+00 6.694880723953247070e-01 -4.477942362427711487e-02 4.823766052722930908e-01 7.245012521743774414e-01
-3.191034197807312012e-01 4.380958080291748047e-01 3.759860098361968994e-01 -3.813382089138031006e-01 2.268081158399581909e-01
-9.462203383445739746e-01 -1.765257865190505981e-01 1.737450212240219116e-01 -6.390988230705261230e-01 -7.789250612258911133e-01
-9.016671776771545410e-01 -3.524377644062042236e-01 4.064493179321289062e-01 -6.215299367904663086e-01 -7.184807658195495605e-01
-3.946291506290435791e-01 3.592280149459838867e-01 -7.408801913261413574e-01 -1.410926878452301025e-01 -7.277176380157470703e-01
-9.644106030464172363e-01 -1.402228355407714844e+00 6.690596938133239746e-01 3.722895979881286621e-01 -1.689911037683486938e-01
-2.109531611204147339e-01 -1.374780535697937012e+00 -1.910554915666580200e-01 4.790884554386138916e-01 -8.137892931699752808e-03
5.135042667388916016e-01 -7.976735830307006836e-01 -6.011578440666198730e-01 -8.261910676956176758e-01 -8.794186711311340332e-01
-1.102064728736877441e+00 -8.194408565759658813e-02 7.440589070320129395e-01 -1.335362344980239868e-01 6.550095677375793457e-01
-3.932129442691802979e-01 3.773999512195587158e-01 -4.258426129817962646e-01 -5.807678699493408203e-01 -9.406674504280090332e-01
-1.026185631752014160e+00 1.094985723495483398e+00 -1.641238808631896973e+00 -7.048679590225219727e-01 -1.566479563713073730e+00
-1.969420075416564941e+00 1.072120308876037598e+00 -6.538785696029663086e-01 -1.047286987304687500e+00 -1.487141966819763184e+00
5.357900857925415039e-01 -1.704506158828735352e+00 -9.467921853065490723e-01 4.407101869583129883e-02 -1.960706710815429688e+00
2.752484977245330811e-01 -1.856426477432250977e+00 -5.727832913398742676e-01 -7.950429618358612061e-02 -1.919240713119506836e+00
-3.248952031135559082e-01 -8.463354706764221191e-01 -1.120838373899459839e-01 -4.070359766483306885e-01 -1.039382934570312500e+00
-3.123669326305389404e-01 -8.333284258842468262e-01 -1.351229101419448853e-01 -4.205267727375030518e-01 -1.056237101554870605e+00
2.285608798265457153e-01 2.044673115015029907e-01 -1.412077903747558594e+00 -4.024130403995513916e-01 -1.464273095130920410e+00
-2.281149178743362427e-01 -2.416262328624725342e-01 -6.049697995185852051e-01 -5.333692431449890137e-01 -1.224005103111267090e+00
-1.349275410175323486e-01 -1.017539978027343750e+00 -3.195580244064331055e-01 -5.591470003128051758e-01 -1.411546468734741211e+00
5.865823850035667419e-02 -7.076836228370666504e-01 -6.966376900672912598e-01 -5.396756529808044434e-01 -1.597295999526977539e+00
-4.325952827930450439e-01 -2.753150701522827148e+00 9.358091354370117188e-01 -2.153473496437072754e-01 -2.967367172241210938e-01
-6.795396208763122559e-01 -1.022028088569641113e+00 6.461279988288879395e-01 -5.590912103652954102e-01 -3.436891436576843262e-01
-1.931788027286529541e-01 -7.194966673851013184e-01 1.172265782952308655e-01 -8.009612560272216797e-01 -7.501470446586608887e-01
-7.327196002006530762e-01 -3.012472391128540039e-01 -1.374698281288146973e-01 1.520033627748489380e-01 -5.290298536419868469e-02
-8.782520294189453125e-01 2.725007534027099609e-01 -4.874624609947204590e-01 2.385414987802505493e-01 -1.297176927328109741e-01
-2.404931634664535522e-01 -6.013726592063903809e-01 -2.683647871017456055e-01 3.776812553405761719e-01 -4.170698821544647217e-01
7.499516010284423828e-01 2.739880979061126709e-01 -1.036217331886291504e+00 -1.054242014884948730e+00 -1.320268750190734863e+00
-1.101984381675720215e+00 -3.736973702907562256e-01 3.093559145927429199e-01 6.480244398117065430e-01 5.733206868171691895e-01
-1.292945265769958496e+00 -4.606343507766723633e-01 2.278792113065719604e-01 3.215550780296325684e-01 -8.520179986953735352e-01
-3.258972465991973877e-01 -5.846166610717773438e-01 -4.185596406459808350e-01 5.374363809823989868e-02 -6.308636069297790527e-01
6.396728157997131348e-01 -1.271204113960266113e+00 -1.436857223510742188e+00 5.839471817016601562e-01 -1.767942070960998535e+00
6.077902317047119141e-01 -9.419476389884948730e-01 -1.501538157463073730e+00 2.464911192655563354e-01 -2.009428262710571289e+00
2.064606249332427979e-01 -1.440065026283264160e+00 -8.958032131195068359e-01 4.916287362575531006e-01 -1.625720024108886719e+00
-4.284246563911437988e-01 -1.832780241966247559e-01 -1.296221852302551270e+00 1.866588890552520752e-01 -6.301183104515075684e-01
-8.197155594825744629e-01 4.411322474479675293e-01 7.041295170783996582e-01 -9.113970398902893066e-01 -5.412084460258483887e-01
-1.258101820945739746e+00 -2.546566128730773926e-01 1.103519678115844727e+00 -1.239945963025093079e-01 -4.519025385379791260e-01
-3.394015431404113770e-01 8.019451498985290527e-01 -9.145177602767944336e-01 -5.213634371757507324e-01 -9.688668251037597656e-01
-1.802978068590164185e-01 -1.526233553886413574e+00 -9.498726129531860352e-01 1.577150583267211914e+00 -4.883048534393310547e-01
2.279853671789169312e-01 -1.203509449958801270e+00 -8.936258554458618164e-01 2.842291295528411865e-01 -1.179776906967163086e+00
-6.491221785545349121e-01 -1.618733167648315430e+00 2.410515993833541870e-01 1.340175122022628784e-01 -8.285376429557800293e-01
-1.749950945377349854e-01 -1.770397722721099854e-01 -1.031035065650939941e+00 9.415164589881896973e-01 6.575497984886169434e-01
-5.432102680206298828e-01 -4.126023054122924805e-01 -1.688771545886993408e-01 -1.006700471043586731e-01 -3.713787198066711426e-01
-8.308763504028320312e-01 -4.190953373908996582e-01 2.904874384403228760e-01 -4.187010228633880615e-02 1.530605852603912354e-01
-2.112250328063964844e-01 2.791164815425872803e-01 -5.437983274459838867e-01 -4.334100186824798584e-01 -4.112880825996398926e-01
-1.718599051237106323e-01 2.996328286826610565e-02 -7.233403325080871582e-01 5.775495767593383789e-01 8.166766166687011719e-01
7.565079331398010254e-01 -8.645455837249755859e-01 -9.465994834899902344e-01 -1.353393942117691040e-01 -4.593795835971832275e-01
-7.420498132705688477e-01 8.031942844390869141e-01 -1.274947404861450195e+00 1.562334299087524414e-01 -1.008256554603576660e+00
-2.698252499103546143e-01 1.149804964661598206e-01 -8.544427752494812012e-01 1.144845724105834961e+00 4.313771205488592386e-04
9.671109914779663086e-02 -7.007971405982971191e-01 -6.000756621360778809e-01 -3.591311275959014893e-01 -1.217934727668762207e+00
1.034372523427009583e-01 -5.427241325378417969e-01 -6.644716262817382812e-01 -5.001598000526428223e-01 -1.344063520431518555e+00
-5.446270704269409180e-01 6.474816054105758667e-02 -4.356360435485839844e-01 -1.999379880726337433e-02 8.338247239589691162e-02
1.585391044616699219e+00 -1.725642532110214233e-01 -1.449487328529357910e+00 3.996624648571014404e-01 1.489721417427062988e+00
-1.358909606933593750e+00 1.806582212448120117e-01 1.196618080139160156e+00 -1.390177965164184570e+00 -1.732394248247146606e-01
-7.394696474075317383e-01 -5.888532400131225586e-01 5.843331217765808105e-01 4.663989543914794922e-01 3.549042344093322754e-01
-2.303933501243591309e-01 5.844527482986450195e-02 -1.957700997591018677e-01 -4.358498007059097290e-02 -6.443857550621032715e-01
8.845428228378295898e-01 -1.510015130043029785e+00 -1.309000611305236816e+00 6.994596123695373535e-01 5.681486725807189941e-01
8.687236905097961426e-01 -1.857356190681457520e+00 1.007333517074584961e+00 -1.008564233779907227e+00 -3.914283215999603271e-01
9.057239443063735962e-02 3.848347067832946777e-01 -7.673079967498779297e-01 1.999633908271789551e-01 -1.097825914621353149e-01
1.416413664817810059e+00 -1.011012077331542969e+00 -2.186996459960937500e+00 1.403207659721374512e+00 -3.057846724987030029e-01
-4.810455739498138428e-01 -1.225816369056701660e+00 -1.429858505725860596e-01 7.304081916809082031e-01 -5.799211263656616211e-01
-4.826101958751678467e-01 -1.018674969673156738e+00 1.621284782886505127e-01 4.227410256862640381e-01 -1.188631802797317505e-01
6.611871719360351562e-01 -5.933292508125305176e-01 -1.972496271133422852e+00 1.310089468955993652e+00 -6.797113418579101562e-01
-1.065778613090515137e+00 -4.145848751068115234e-01 1.190515011548995972e-01 2.439393848180770874e-01 -5.135858654975891113e-01
6.929274797439575195e-01 2.505644559860229492e-01 1.394242525100708008e+00 1.338978856801986694e-01 9.558013081550598145e-01
1.201906353235244751e-01 6.169434636831283569e-02 -2.262454032897949219e-01 -1.466700792312622070e+00 -1.724312901496887207e+00
1.481678247451782227e+00 -1.136771678924560547e+00 -2.180919885635375977e+00 1.504181623458862305e+00 -1.589773148298263550e-01
-9.523612856864929199e-01 -1.525182843208312988e+00 3.343151807785034180e-01 8.952023983001708984e-01 4.678927063941955566e-01
-8.955742716789245605e-01 1.349110364913940430e+00 1.493275165557861328e-01 4.679917693138122559e-01 -6.079219579696655273e-01
1.551721245050430298e-01 -9.537808895111083984e-01 -7.646604776382446289e-01 2.507320940494537354e-01 4.592688381671905518e-02
6.711104512214660645e-01 1.757402271032333374e-01 1.412799000740051270e+00 3.395495414733886719e-01 -3.283537328243255615e-01
1.660621643066406250e+00 -1.074573874473571777e+00 -2.519958496093750000e+00 1.595821380615234375e+00 -3.334138989448547363e-01
1.901431083679199219e+00 -8.491148352622985840e-01 -2.834480285644531250e+00 1.431500196456909180e+00 -5.912687182426452637e-01
-1.056394338607788086e+00 1.032449960708618164e+00 -1.599480360746383667e-01 -9.014492630958557129e-01 1.395048946142196655e-01
-1.155634999275207520e+00 -3.139351010322570801e-01 7.039818167686462402e-01 -5.577325224876403809e-01 -1.808554083108901978e-01
-6.513674259185791016e-01 -1.751521676778793335e-01 4.772388935089111328e-01 -8.248646855354309082e-01 -1.366442888975143433e-01
-9.466802328824996948e-02 -1.119215369224548340e+00 1.057616248726844788e-02 -2.384830415248870850e-01 -7.463425993919372559e-01
8.711965084075927734e-01 1.132072284817695618e-01 2.653607130050659180e-01 -3.695729970932006836e-01 4.371517896652221680e-01
7.883763313293457031e-01 2.102787643671035767e-01 -1.147823452949523926e+00 7.346127033233642578e-01 6.815600395202636719e-01
2.498667836189270020e-01 -7.244751453399658203e-01 -1.308759927749633789e+00 -7.304544746875762939e-02 -1.994718790054321289e+00
-2.229403238743543625e-03 -8.834424614906311035e-01 -1.020732760429382324e+00 6.444372981786727905e-02 -1.761485934257507324e+00
-8.771688342094421387e-01 -1.572488427162170410e+00 -4.673350453376770020e-01 1.253678560256958008e+00 -4.199546575546264648e-01
-1.059382081031799316e+00 -1.175036430358886719e+00 -4.415221214294433594e-01 8.067815899848937988e-01 -7.781177759170532227e-01
-1.604776382446289062e-01 8.014902472496032715e-01 -7.285117357969284058e-02 -3.443212807178497314e-01 -9.423107504844665527e-01
-1.233462989330291748e-01 -1.076433181762695312e+00 3.627942502498626709e-02 -1.693009957671165466e-02 -1.082299426198005676e-01
1.165524601936340332e+00 -1.450936555862426758e+00 -2.061857223510742188e+00 1.010927081108093262e+00 -1.485893726348876953e+00
4.200150668621063232e-01 -1.431422352790832520e+00 -1.493724584579467773e+00 1.012560129165649414e+00 -1.388865828514099121e+00
-1.455159112811088562e-02 -1.375831007957458496e+00 -4.448318481445312500e-01 3.630344569683074951e-02 -1.464598298072814941e+00
8.592870086431503296e-02 -1.339123845100402832e+00 -5.604096651077270508e-01 3.537569940090179443e-02 -1.502238631248474121e+00
-1.639217019081115723e+00 7.974621653556823730e-02 5.010429620742797852e-01 1.795758008956909180e+00 -2.761631309986114502e-01
-4.962697923183441162e-01 5.661830902099609375e-01 -1.335376352071762085e-01 5.024233460426330566e-01 2.656411528587341309e-01
-3.562014698982238770e-01 -1.286748528480529785e+00 -9.766736626625061035e-01 1.220909833908081055e+00 -1.173885464668273926e+00
-2.210851311683654785e-01 -8.732736110687255859e-01 -1.077287435531616211e+00 6.853225827217102051e-01 -1.406249761581420898e+00
-1.097266674041748047e+00 3.020996153354644775e-01 5.363675951957702637e-01 -1.560604929924011230e+00 -2.642475843429565430e+00
1.423498153686523438e+00 -6.914514303207397461e-01 -4.699519872665405273e-01 -2.101522445678710938e+00 -1.356206178665161133e+00
9.037860035896301270e-01 -1.876583546400070190e-01 -1.074210762977600098e+00 -1.070327877998352051e+00 -1.062702059745788574e+00
-1.209607243537902832e+00 1.983736157417297363e-01 -1.269515156745910645e-01 5.867474153637886047e-02 -2.547203898429870605e-01
-1.408345818519592285e+00 -4.981746673583984375e-01 -2.609694302082061768e-01 -2.352257370948791504e-01 -9.222308397293090820e-01
-1.031026989221572876e-02 -1.264642119407653809e+00 1.679313480854034424e-01 -1.597986221313476562e-01 -5.124503374099731445e-02
8.657338619232177734e-01 3.752079606056213379e-01 5.191007852554321289e-01 -2.237341165542602539e+00 1.064094424247741699e+00
8.163381218910217285e-01 4.237653687596321106e-02 6.233530044555664062e-01 -1.896391153335571289e+00 1.300628662109375000e+00
-4.558065533638000488e-01 -5.180009603500366211e-01 1.628172397613525391e+00 -3.566048443317413330e-01 -6.623386144638061523e-01
5.302347540855407715e-01 1.619509458541870117e+00 1.114172339439392090e+00 -6.152806282043457031e-01 5.344320535659790039e-01
1.311658620834350586e+00 6.907441020011901855e-01 -6.190358661115169525e-03 3.556579947471618652e-01 8.458780646324157715e-01
-7.710107564926147461e-01 1.203072294592857361e-01 8.807152509689331055e-01 -4.456098377704620361e-01 9.077701568603515625e-01
-8.685297518968582153e-02 8.032884597778320312e-01 -1.203632950782775879e-01 -6.746203899383544922e-01 -9.508373141288757324e-01
1.434612423181533813e-01 2.840752899646759033e-01 1.934616416692733765e-01 -5.020546913146972656e-01 1.674077272415161133e+00
1.141409397125244141e+00 9.633329510688781738e-02 -3.111784458160400391e-01 -1.219928979873657227e+00 8.392754793167114258e-01
7.055680751800537109e-01 8.462519645690917969e-01 4.969995915889739990e-01 -2.505293130874633789e+00 1.212577700614929199e+00
9.734913706779479980e-01 -3.798858821392059326e-01 5.394333600997924805e-01 -1.273275494575500488e+00 2.122334957122802734e+00
1.588498473167419434e+00 -2.435421049594879150e-01 -6.686800718307495117e-01 -6.784284114837646484e-01 1.132437348365783691e+00
2.130667865276336670e-01 -1.202744171023368835e-01 6.664440631866455078e-01 -8.587393164634704590e-01 2.145791053771972656e+00
-4.565674364566802979e-01 1.781999945640563965e+00 3.737521469593048096e-01 4.421165883541107178e-01 5.104386210441589355e-01
1.615965813398361206e-01 5.880519151687622070e-01 6.572126746177673340e-01 -4.214762896299362183e-02 -6.437136530876159668e-01
1.367469131946563721e-01 -2.950434982776641846e-01 -9.129881858825683594e-03 -4.141944944858551025e-01 1.816877722740173340e-01
-1.844518184661865234e+00 5.453531444072723389e-02 8.152366429567337036e-02 7.195531725883483887e-01 1.820331960916519165e-01
7.253823280334472656e-01 6.549541354179382324e-01 3.034572303295135498e-01 -7.604466080665588379e-01 9.578753709793090820e-01
-8.769813179969787598e-01 -2.827302813529968262e-01 8.452446460723876953e-01 -3.828571140766143799e-01 3.694416880607604980e-01
2.920072898268699646e-02 -2.792587280273437500e-01 1.056947410106658936e-01 -7.910666465759277344e-01 1.002355217933654785e+00
-1.385956764221191406e+00 -1.041148781776428223e+00 -6.055066585540771484e-01 -3.069306313991546631e-01 -4.040161371231079102e-01
1.087366342544555664e+00 -8.889845609664916992e-01 -8.350302577018737793e-01 -4.413602650165557861e-01 -9.878758788108825684e-01
8.786570429801940918e-01 -4.758434593677520752e-01 -4.291632473468780518e-01 1.355787366628646851e-01 9.256348013877868652e-01
2.953457273542881012e-02 6.146945357322692871e-01 -1.246503710746765137e+00 -6.428418159484863281e-01 6.736521124839782715e-01
4.198799431324005127e-01 3.314813673496246338e-01 -9.257597923278808594e-01 -3.337289988994598389e-01 3.419541120529174805e-01
-2.307881414890289307e-01 3.342531025409698486e-01 6.514963507652282715e-01 -4.250834882259368896e-01 1.367416232824325562e-01
2.294344186782836914e+00 -3.685899078845977783e-01 1.087838768959045410e+00 3.169491142034530640e-02 1.085147410631179810e-01
-8.301635980606079102e-01 -1.109275102615356445e+00 -1.365536808967590332e+00 -4.145588278770446777e-01 6.479932665824890137e-01
-6.963115930557250977e-01 -2.799625396728515625e-01 7.769583463668823242e-01 -2.350736707448959351e-01 3.207451701164245605e-01
-6.666362285614013672e-01 -6.765232682228088379e-01 4.969395324587821960e-02 -4.343068003654479980e-01 -7.058814764022827148e-01
1.310608386993408203e+00 -2.634561777114868164e+00 5.315335392951965332e-01 -1.509357690811157227e+00 -1.322429656982421875e+00
6.357783675193786621e-01 -1.092241406440734863e+00 -9.150102734565734863e-01 6.511420011520385742e-01 9.380628168582916260e-02
-1.676469326019287109e+00 -6.179168224334716797e-01 -7.149677276611328125e-01 1.958590507507324219e+00 -2.373637855052947998e-01
1.140489935874938965e+00 -7.255316972732543945e-01 8.387629985809326172e-01 -2.998673915863037109e-01 1.342273712158203125e+00
-1.289155930280685425e-01 5.095592886209487915e-02 -1.100323081016540527e+00 1.790257245302200317e-01 -2.425840646028518677e-01
-1.428520560264587402e+00 4.523598849773406982e-01 8.689497709274291992e-01 9.220576882362365723e-01 6.325250864028930664e-01
4.090270698070526123e-01 7.160260677337646484e-01 -5.960466861724853516e-01 1.446752667427062988e+00 7.032561302185058594e-01
1.043494865298271179e-01 -1.418991684913635254e+00 1.531118154525756836e-01 -2.172278761863708496e-01 -3.392103314399719238e-01
6.094731390476226807e-02 -1.451708674430847168e+00 2.027184963226318359e-01 -2.003553807735443115e-01 -3.060082197189331055e-01
-3.655499219894409180e-01 -7.480490952730178833e-02 -2.987166047096252441e-01 -3.516670465469360352e-01 1.521988362073898315e-01
-5.579770207405090332e-01 -8.225138783454895020e-01 9.761834144592285156e-01 1.049186825752258301e+00 3.588802516460418701e-01
-7.726381421089172363e-01 -1.477996706962585449e+00 1.166324257850646973e+00 1.461404114961624146e-01 -3.834702074527740479e-01
-1.827483996748924255e-02 6.670528650283813477e-01 4.112677574157714844e-01 -7.798614501953125000e-01 -8.767959475517272949e-01
-3.888840675354003906e-01 4.012569487094879150e-01 1.761612534523010254e+00 3.567404448986053467e-01 2.876372635364532471e-01
1.734031736850738525e-01 -1.280827164649963379e+00 1.650731265544891357e-01 3.087726533412933350e-01 -3.046183288097381592e-02
1.643357276916503906e-01 -3.011742234230041504e-01 -1.384118080139160156e+00 -2.734121680259704590e-01 -1.817516446113586426e+00
-1.519230157136917114e-01 -2.293538749217987061e-01 -5.086941719055175781e-01 -6.624528020620346069e-02 2.782204151153564453e-01
7.624140474945306778e-03 -7.450740039348602295e-02 -1.637840270996093750e-02 -1.677481532096862793e+00 -2.597195386886596680e+00
-3.446519672870635986e-01 -1.151045918464660645e+00 -1.749795079231262207e-01 -2.454662322998046875e-01 -3.420651853084564209e-01
-1.054538846015930176e+00 -4.062865972518920898e-01 5.499915033578872681e-02 9.354966133832931519e-02 5.079813599586486816e-01
-6.822397708892822266e-01 4.580566585063934326e-01 -3.045319914817810059e-01 -5.871083736419677734e-01 2.882151901721954346e-01
-1.042018532752990723e+00 -7.164122462272644043e-01 -6.885946989059448242e-01 9.380637407302856445e-01 4.233200848102569580e-02
8.294620513916015625e-01 -1.714405566453933716e-01 2.088752269744873047e+00 -2.051450252532958984e+00 2.788261771202087402e-01
2.393249422311782837e-01 1.417920112609863281e+00 -1.209984183311462402e+00 -8.172367215156555176e-01 8.615484237670898438e-01
5.159764289855957031e-01 4.717435836791992188e-01 -1.336300015449523926e+00 -2.525911331176757812e-01 -1.085561607033014297e-02
-7.911505103111267090e-01 2.229240834712982178e-01 -1.455042600631713867e+00 9.605475068092346191e-01 5.236247181892395020e-02
-8.019531965255737305e-01 1.817204117774963379e+00 -1.153934121131896973e+00 -7.427344471216201782e-02 5.509081482887268066e-01
-1.029959917068481445e+00 -1.360909938812255859e+00 -5.263661146163940430e-01 7.701851725578308105e-01 -1.890264302492141724e-01
-6.411369442939758301e-01 9.684770703315734863e-01 -3.861670494079589844e-01 -7.654013037681579590e-01 2.317764163017272949e-01
-1.486878991127014160e-01 9.854903221130371094e-01 -1.090069890022277832e+00 -2.155471406877040863e-02 1.548579186201095581e-01
1.017569005489349365e-01 -8.026687502861022949e-01 5.474910885095596313e-02 -4.630434811115264893e-01 2.074191570281982422e-01
8.242300748825073242e-01 -2.432920783758163452e-01 -1.640615344047546387e+00 1.826670169830322266e-01 -7.583952546119689941e-01
1.640723943710327148e-01 -1.732532680034637451e-01 -8.171542882919311523e-01 2.353184223175048828e-01 -4.570195674896240234e-01
-5.145214796066284180e-01 -1.147663831710815430e+00 1.634107977151870728e-01 3.962176740169525146e-01 3.046309947967529297e-01
-7.332618832588195801e-01 -3.335830569267272949e-01 -3.548517227172851562e-01 -6.061738133430480957e-01 -4.360801577568054199e-01
6.920779496431350708e-02 1.034654900431632996e-01 -2.682729661464691162e-01 -9.623725712299346924e-02 -7.983282804489135742e-01
-4.611618518829345703e-01 -3.134905695915222168e-01 -9.908137917518615723e-01 3.733952641487121582e-01 -9.849601387977600098e-01
-1.203022718429565430e+00 -7.863273620605468750e-01 3.323514759540557861e-01 -2.464909255504608154e-01 -8.753829002380371094e-01
3.386262059211730957e-01 -4.607025384902954102e-01 -9.567174911499023438e-01 -1.728375554084777832e-01 -8.935502767562866211e-01
-3.548907041549682617e-01 5.235852673649787903e-03 1.061463803052902222e-01 -5.727669000625610352e-01 3.558000028133392334e-01
-3.743694722652435303e-01 -7.470760941505432129e-01 -8.743754625320434570e-01 -4.891301691532135010e-01 7.328367233276367188e-02
-5.806180834770202637e-01 2.293228358030319214e-01 3.808917105197906494e-02 -8.917783498764038086e-01 1.453871745616197586e-02
2.741821706295013428e-01 -7.450608015060424805e-01 -7.441194653511047363e-01 -5.922852158546447754e-01 -1.335088014602661133e+00
-3.146672844886779785e-01 -7.121266126632690430e-01 4.996502399444580078e-01 -2.258018851280212402e-01 1.318800091743469238e+00
-5.775529146194458008e-01 -2.094099521636962891e+00 -3.081886768341064453e-01 1.046222567558288574e+00 7.458696365356445312e-01
-1.193585991859436035e-02 -1.235659718513488770e+00 5.037422180175781250e-01 -5.736114978790283203e-01 8.296517133712768555e-01
-7.788009643554687500e-01 -1.033463239669799805e+00 6.254951357841491699e-01 7.519112527370452881e-02 1.133638262748718262e+00
-6.661229766905307770e-03 -4.121423065662384033e-01 -2.359600514173507690e-01 -6.835898011922836304e-02 1.026446461677551270e+00
5.906437039375305176e-01 1.329678535461425781e+00 -8.462713360786437988e-01 8.517808318138122559e-01 1.282662630081176758e+00
-2.478649914264678955e-01 3.481869101524353027e-01 1.212911009788513184e-01 -5.808375775814056396e-02 5.468453168869018555e-01
9.443863630294799805e-01 -8.150129318237304688e-01 1.237321853637695312e+00 -1.185826301574707031e+00 -6.647187471389770508e-01
4.564062952995300293e-01 -1.275784611701965332e+00 -1.751211583614349365e-01 -5.951996445655822754e-01 -9.707886576652526855e-01
6.353998929262161255e-02 -1.531180739402770996e+00 2.695668935775756836e-01 -3.948812782764434814e-01 -6.251237392425537109e-01
3.071532547473907471e-01 -2.370221138000488281e+00 9.090743064880371094e-01 -6.321638822555541992e-01 -7.626724243164062500e-01
8.275917172431945801e-01 -2.397150516510009766e+00 5.416690707206726074e-01 -7.763724327087402344e-01 -1.002510905265808105e+00
-1.261017322540283203e-01 -6.545839309692382812e-01 -1.633013635873794556e-01 -8.823305368423461914e-01 -5.950272679328918457e-01
2.443758547306060791e-01 -1.037124633789062500e+00 2.276791334152221680e-01 -9.863663911819458008e-01 1.238393783569335938e-01
-2.354996800422668457e-01 -1.625943064689636230e+00 5.471900701522827148e-01 -3.560653924942016602e-01 5.270460844039916992e-01
-1.384967803955078125e+00 3.918857276439666748e-01 -5.996926426887512207e-01 -1.147013437002897263e-02 -2.495018988847732544e-01
2.954962253570556641e-01 -1.200714468955993652e+00 1.955298520624637604e-02 -6.731461286544799805e-01 -6.124203205108642578e-01
1.112304404377937317e-01 -1.308755159378051758e+00 2.343170791864395142e-01 -5.856029391288757324e-01 -4.520125389099121094e-01
1.567476987838745117e-01 -7.408412098884582520e-01 -7.628771066665649414e-01 -4.034543335437774658e-01 -2.487214326858520508e+00
-3.422953784465789795e-01 -1.765885233879089355e+00 -1.342705190181732178e-01 8.549004793167114258e-01 -1.259983062744140625e+00
3.625453710556030273e-01 3.664975762367248535e-01 3.830285072326660156e-01 -4.024759531021118164e-01 1.682911217212677002e-01
4.997816383838653564e-01 4.136046469211578369e-01 -1.332013130187988281e+00 6.768978834152221680e-01 1.947389245033264160e-01
1.540900170803070068e-01 -8.470062613487243652e-01 -4.730950593948364258e-01 -4.634047150611877441e-01 -1.136454701423645020e+00
9.602465033531188965e-01 -7.453293353319168091e-02 -1.867894649505615234e+00 2.731609344482421875e-01 -6.989493966102600098e-01
-2.083419822156429291e-02 -1.041982769966125488e+00 8.763032034039497375e-03 -7.602745294570922852e-02 4.188133776187896729e-02
-9.520661830902099609e-02 5.605746507644653320e-01 -9.946663379669189453e-01 -3.752025365829467773e-01 -3.152162730693817139e-01
9.850299954414367676e-01 4.206074178218841553e-01 -4.304490238428115845e-02 6.704005599021911621e-01 1.351265192031860352e+00
-3.950660526752471924e-01 6.567786335945129395e-01 -8.959349393844604492e-01 3.736191391944885254e-01 4.030193984508514404e-01
5.172787904739379883e-01 3.526089191436767578e-01 -2.889404594898223877e-01 8.240006566047668457e-01 6.298888921737670898e-01
2.699814438819885254e-01 -6.059342026710510254e-01 -5.137678980827331543e-01 4.068300500512123108e-02 4.696810841560363770e-01
3.454841971397399902e-01 4.083183407783508301e-01 9.376810789108276367e-01 6.531819105148315430e-01 -1.209303617477416992e+00
-1.250114589929580688e-01 9.244722127914428711e-01 -7.304270863533020020e-01 -9.823561906814575195e-01 9.221903085708618164e-01
-4.060323834419250488e-01 -7.922964692115783691e-01 -1.341056078672409058e-01 -4.597290605306625366e-02 2.350690841674804688e+00
3.073965311050415039e-01 -2.929356098175048828e-01 -1.007745265960693359e+00 -6.362782418727874756e-02 1.761368811130523682e-01
2.176181674003601074e-01 1.653698444366455078e+00 -1.481435894966125488e+00 7.316631078720092773e-02 1.217299699783325195e+00
-1.608202308416366577e-01 1.471741437911987305e+00 -1.052983164787292480e+00 1.367461830377578735e-01 1.463947653770446777e+00
-1.088532924652099609e+00 6.417714953422546387e-01 -5.674454942345619202e-02 -8.527718782424926758e-01 -8.646553754806518555e-01
1.089245826005935669e-01 -9.133149385452270508e-01 -1.973304748535156250e-01 1.371171027421951294e-01 2.613340020179748535e-01
1.338175833225250244e-01 -1.063501954078674316e+00 -6.208995580673217773e-01 6.858120113611221313e-02 -4.556241929531097412e-01
-3.796287775039672852e-01 -5.011310577392578125e-01 -5.838174819946289062e-01 -1.159577965736389160e-01 -6.789440512657165527e-01
8.014703392982482910e-01 -1.145864844322204590e+00 -8.640379905700683594e-01 -3.785326480865478516e-01 -3.841104209423065186e-01
-5.351147651672363281e-01 -6.870686411857604980e-01 -1.424041837453842163e-01 1.521502286195755005e-01 3.483155667781829834e-01
-8.630915880203247070e-01 1.781878322362899780e-01 -1.822652697563171387e+00 1.576137423515319824e+00 -7.500917315483093262e-01
4.340672791004180908e-01 -1.579425811767578125e+00 -7.985877990722656250e-01 7.225298285484313965e-01 -6.516501307487487793e-01
-1.224354982376098633e+00 -5.594532489776611328e-01 3.408663272857666016e-01 6.726646423339843750e-01 -4.642271101474761963e-01
-1.982117593288421631e-01 -4.963890612125396729e-01 -6.571595072746276855e-01 -5.405640602111816406e-01 -5.790370702743530273e-01
-3.118720948696136475e-01 -2.358731269836425781e+00 4.388650059700012207e-01 8.909321427345275879e-01 2.417268306016921997e-01
-2.814261019229888916e-01 -1.058316707611083984e+00 5.035951733589172363e-01 -3.890490829944610596e-01 2.569331824779510498e-01
-5.716607570648193359e-01 -9.371337890625000000e-01 5.958846211433410645e-01 8.222225308418273926e-01 -2.512657642364501953e-01
-9.107767343521118164e-01 4.531036317348480225e-02 1.844163052737712860e-03 4.275091290473937988e-01 -8.495007157325744629e-01
3.821448683738708496e-01 -1.370928049087524414e+00 -8.464778661727905273e-01 7.691535949707031250e-01 -6.623606383800506592e-02
2.037090212106704712e-01 -1.774561285972595215e+00 4.170358180999755859e-02 -2.000644356012344360e-01 -3.518565893173217773e-01
-2.961786463856697083e-03 -8.733136057853698730e-01 -8.313866704702377319e-02 -5.294036865234375000e-01 -6.320407390594482422e-01
-8.491486907005310059e-01 -6.747025847434997559e-01 4.313024580478668213e-01 -5.657830834388732910e-01 -1.726634949445724487e-01
-7.263153046369552612e-02 3.012999296188354492e-01 -9.634023308753967285e-01 -5.724699497222900391e-01 -6.785317659378051758e-01
5.296080112457275391e-01 -1.292809605598449707e+00 -4.250584915280342102e-02 -1.162086844444274902e+00 -1.303349137306213379e+00
3.477665185928344727e-01 -1.239278167486190796e-02 -1.174387812614440918e+00 -1.253581047058105469e-01 -7.156233191490173340e-01
6.149080768227577209e-02 -4.925629794597625732e-01 -4.900050759315490723e-01 2.728663682937622070e-01 -7.317208647727966309e-01
5.254880785942077637e-01 -9.233659505844116211e-01 -1.041013598442077637e+00 -2.177160605788230896e-02 -7.903650999069213867e-01
-7.466614842414855957e-01 -7.812701463699340820e-01 1.277881264686584473e-01 -4.052207469940185547e-01 -2.633925974369049072e-01
-7.617902159690856934e-01 -7.773967981338500977e-01 -6.050854921340942383e-01 1.023804664611816406e+00 1.639201939105987549e-01
1.089078664779663086e+00 6.262334436178207397e-02 -1.447994589805603027e+00 -6.534512639045715332e-01 8.640773892402648926e-01
4.767148792743682861e-01 -1.319731950759887695e+00 6.368090510368347168e-01 5.354309678077697754e-01 -1.465456932783126831e-01
1.377884626388549805e+00 -3.961405158042907715e-01 -1.298408746719360352e+00 -4.890478774905204773e-02 -1.290895938873291016e+00
2.319893538951873779e-01 6.820368766784667969e-01 -3.057671189308166504e-01 -2.253363728523254395e-01 1.272506952285766602e+00
-1.528118103742599487e-01 -1.147313952445983887e+00 -6.293573975563049316e-01 2.653615474700927734e-01 -4.033198058605194092e-01
-7.101956009864807129e-02 -6.844514608383178711e-01 -4.014182984828948975e-01 -2.741421759128570557e-01 1.969508528709411621e-01
2.785264253616333008e-01 7.266755104064941406e-01 -4.029681384563446045e-01 4.975702166557312012e-01 2.246723324060440063e-01
3.729097777977585793e-03 1.240403771400451660e+00 -4.083742201328277588e-02 2.839648723602294922e-01 5.203366279602050781e-01
5.842037200927734375e-01 8.412300348281860352e-01 5.148362517356872559e-01 -3.095730841159820557e-01 3.046784363687038422e-02
1.254274606704711914e+00 -1.417591929435729980e+00 9.032334685325622559e-01 6.635737419128417969e-01 3.978099524974822998e-01
-3.193239271640777588e-01 5.452691316604614258e-01 6.897267699241638184e-01 -4.523296654224395752e-01 3.479619026184082031e-01
-7.419705390930175781e-02 -6.516511738300323486e-02 -7.131385803222656250e-01 1.293137669563293457e+00 1.419043540954589844e+00
9.097241759300231934e-01 -2.579749524593353271e-01 -4.980467259883880615e-01 5.319469571113586426e-01 7.243774533271789551e-01
-3.712345659732818604e-01 -4.931221902370452881e-01 4.769338294863700867e-02 -1.208956360816955566e+00 -7.250827550888061523e-01
-2.784042954444885254e-01 -1.141828298568725586e-01 -1.834281980991363525e-01 -8.420670032501220703e-01 -2.345956414937973022e-01
9.508422017097473145e-01 -4.344755411148071289e-01 -1.542118549346923828e+00 -9.425185620784759521e-02 -5.784250497817993164e-01
6.208137050271034241e-02 -8.249174356460571289e-01 -1.599806696176528931e-01 -1.080900430679321289e-01 -1.703768074512481689e-01
3.445717394351959229e-01 -7.190017700195312500e-01 1.062557771801948547e-01 -7.569962143898010254e-01 -4.148806035518646240e-01
-7.376974225044250488e-01 1.623260855674743652e+00 -3.988159000873565674e-01 8.927859663963317871e-01 5.121312141418457031e-01
9.828366637229919434e-01 -2.322850823402404785e-01 -1.925021290779113770e+00 -8.483341336250305176e-01 -9.466492533683776855e-01
-5.556195974349975586e-01 -1.285323023796081543e+00 8.279860615730285645e-01 -2.140623331069946289e-01 1.944762170314788818e-01
3.363174498081207275e-01 -9.415307044982910156e-01 -3.977231085300445557e-01 -1.188877224922180176e-01 -7.104398012161254883e-01
-2.070083096623420715e-02 -1.092073321342468262e+00 -9.246062040328979492e-01 1.556366443634033203e+00 -2.704269289970397949e-01
-2.380339205265045166e-01 -7.572550177574157715e-01 6.037573814392089844e-01 -8.025703430175781250e-01 -1.163785085082054138e-01
-9.507670998573303223e-02 -8.474544286727905273e-01 5.100648403167724609e-01 -7.457846999168395996e-01 -1.114107668399810791e-01
4.610451161861419678e-01 -1.973056316375732422e+00 -2.586442232131958008e-01 2.089357674121856689e-01 -2.992970347404479980e-01
-1.014410108327865601e-01 -9.129230976104736328e-01 -6.088383197784423828e-01 2.531954646110534668e-01 -5.172334909439086914e-01
-3.899011909961700439e-01 -9.727909564971923828e-01 4.240649640560150146e-01 -4.074143767356872559e-01 -3.860383331775665283e-01
-3.118839487433433533e-02 -1.888212919235229492e+00 3.697456121444702148e-01 -4.850501716136932373e-01 -5.588023662567138672e-01
-7.457197308540344238e-01 -1.871363401412963867e+00 9.270401597023010254e-01 -4.779056608676910400e-01 -3.737855851650238037e-01
-1.266941428184509277e+00 -7.122110128402709961e-01 3.890354335308074951e-01 8.916778117418289185e-02 8.223632574081420898e-01
-6.066667437553405762e-01 5.055121183395385742e-01 5.337535738945007324e-01 -2.714765369892120361e-01 2.577475607395172119e-01
-2.462377786636352539e+00 -6.753345727920532227e-01 6.247963309288024902e-01 1.056114315986633301e+00 7.651932835578918457e-01
-1.066575527191162109e+00 -1.152722716331481934e+00 2.963183522224426270e-01 -3.953095078468322754e-01 -3.661392927169799805e-01
1.491714000701904297e+00 -1.644095182418823242e+00 -7.078942060470581055e-01 -1.051585078239440918e+00 -1.155491590499877930e+00
1.204041004180908203e+00 9.795177578926086426e-01 -6.845592856407165527e-01 -1.031533360481262207e+00 2.096467837691307068e-02
3.255433440208435059e-01 2.595807313919067383e+00 -7.413877844810485840e-01 -1.653267979621887207e+00 -4.149487316608428955e-01
4.407977461814880371e-01 -9.716003537178039551e-01 -1.421035885810852051e+00 2.104693889617919922e+00 9.813812971115112305e-01
-6.350609660148620605e-01 2.137769162654876709e-01 2.283239811658859253e-01 -7.960955500602722168e-01 -1.063712835311889648e-01
4.015583992004394531e-01 1.954130411148071289e+00 -6.569764614105224609e-01 -9.369158148765563965e-01 4.716121032834053040e-02
-7.328668236732482910e-02 2.556733787059783936e-01 -8.833649158477783203e-01 -1.791730225086212158e-01 1.475493758916854858e-01
-7.585914731025695801e-01 -1.387370005249977112e-02 1.129269123077392578e+00 -5.192918181419372559e-01 -3.395592570304870605e-01
4.235888272523880005e-02 -1.832737207412719727e+00 8.436343669891357422e-01 -2.431719899177551270e-01 2.331311106681823730e-01
5.016195774078369141e-01 -1.702176332473754883e+00 -5.288645625114440918e-02 -2.654909491539001465e-01 -7.901633381843566895e-01
4.099920094013214111e-01 1.139733076095581055e+00 8.224145770072937012e-01 -1.345940947532653809e+00 5.390980839729309082e-01
-9.262260198593139648e-01 6.869442760944366455e-02 1.152754426002502441e-01 -7.550075650215148926e-02 1.356551144272089005e-02
-1.286767274141311646e-01 -4.080580174922943115e-01 1.292456030845642090e+00 -1.590536236763000488e+00 3.339961469173431396e-01
7.586084008216857910e-01 -6.651821136474609375e-01 2.042709290981292725e-02 -6.775616407394409180e-01 6.195886731147766113e-01
3.103655874729156494e-01 -1.810431122779846191e+00 2.939133644104003906e-01 -2.927431166172027588e-01 -6.082691550254821777e-01
3.108213543891906738e-01 -1.813733100891113281e+00 3.026446700096130371e-01 -3.002957403659820557e-01 -6.068525314331054688e-01
-6.836069747805595398e-03 -1.765727758407592773e+00 5.625091791152954102e-01 -2.804612517356872559e-01 -4.334924817085266113e-01
2.162574082612991333e-01 -2.078423976898193359e+00 3.757779598236083984e-01 -1.588333547115325928e-01 -7.920137047767639160e-01
1.074052810668945312e+00 -1.462865352630615234e+00 -5.353882908821105957e-01 -7.275918126106262207e-01 -1.337902307510375977e+00
8.692695498466491699e-01 -2.018064975738525391e+00 -2.988295257091522217e-01 5.139729976654052734e-01 -3.108527958393096924e-01
1.269989252090454102e+00 8.320361375808715820e-01 -9.911357164382934570e-01 -2.865818142890930176e-01 -1.986473441123962402e+00
-7.798333764076232910e-01 -4.588148891925811768e-01 2.986774742603302002e-01 -1.554688215255737305e-01 4.196399450302124023e-01
-6.795088648796081543e-01 -3.585058152675628662e-01 5.090091228485107422e-01 -1.300256013870239258e+00 -1.844898015260696411e-01
7.275760173797607422e-01 -1.671028256416320801e+00 -8.885500431060791016e-01 4.674288928508758545e-01 -1.236475467681884766e+00
-2.590506672859191895e-01 1.284842371940612793e+00 -8.097187280654907227e-01 1.145413398742675781e+00 3.239765167236328125e-01
4.625427722930908203e-01 -3.327527940273284912e-01 -4.434900879859924316e-01 -1.278909325599670410e+00 6.724656224250793457e-01
2.915738336741924286e-02 -1.011715054512023926e+00 -2.830037474632263184e-01 -2.492789626121520996e-01 -1.267108440399169922e+00
7.477853894233703613e-01 -1.306813478469848633e+00 -5.866429209709167480e-01 -3.896792829036712646e-01 -1.409269332885742188e+00
-8.507860898971557617e-01 8.131114840507507324e-01 -5.768545717000961304e-02 -1.339141130447387695e+00 -5.867441296577453613e-01
-3.409829139709472656e-01 -1.635297060012817383e+00 -2.346580028533935547e-01 4.545307159423828125e-01 -6.366755962371826172e-01
8.969305753707885742e-01 8.562289178371429443e-02 -9.950544238090515137e-01 -1.370944619178771973e+00 -1.458714723587036133e+00
-1.542449593544006348e+00 -1.265037775039672852e+00 1.144828081130981445e+00 -7.542577385902404785e-02 -4.737235009670257568e-01
-3.260026872158050537e-01 -2.959829866886138916e-01 -1.236348785459995270e-02 -3.009261488914489746e-01 4.262544810771942139e-01
-5.628572702407836914e-01 -2.096055507659912109e+00 -1.698197126388549805e-01 3.641382753849029541e-01 -1.702267646789550781e+00
8.260626196861267090e-01 -1.550012350082397461e+00 -8.099654316902160645e-01 -1.004210710525512695e-01 -1.143719911575317383e+00
9.859723597764968872e-02 6.906700730323791504e-01 -8.197645545005798340e-01 -5.182245373725891113e-02 1.187349200248718262e+00
-3.782031834125518799e-01 -8.095093965530395508e-01 -9.202571511268615723e-01 7.058823853731155396e-02 -9.649720788002014160e-01
3.075704164803028107e-02 -1.920258402824401855e+00 1.851498521864414215e-02 1.929157078266143799e-01 -5.982617139816284180e-01
-4.034032225608825684e-01 -1.333403229713439941e+00 4.150715768337249756e-01 1.794454753398895264e-01 7.098616659641265869e-02
-1.430075019598007202e-01 -9.924645423889160156e-01 5.202865600585937500e-01 -2.675803601741790771e-01 5.235553979873657227e-01
-6.737495660781860352e-01 -1.184862375259399414e+00 8.898446559906005859e-01 1.109412759542465210e-01 8.606058359146118164e-01
-6.359849572181701660e-01 -5.297495722770690918e-01 -2.203839778900146484e+00 2.103295564651489258e+00 -6.278747916221618652e-01
-1.883347511291503906e+00 1.147832036018371582e+00 4.990791380405426025e-01 4.020325541496276855e-01 9.595621228218078613e-01
1.127666115760803223e+00 -1.125058531761169434e+00 -1.549320936203002930e+00 9.041948914527893066e-01 7.555985450744628906e-01
4.213449656963348389e-01 4.989081919193267822e-01 -2.227510213851928711e-01 -1.931382775306701660e+00 -1.069525361061096191e+00
-2.508598752319812775e-02 6.895238757133483887e-01 -6.436526775360107422e-01 3.166211843490600586e-01 4.005354046821594238e-01
-7.622124999761581421e-02 9.563047289848327637e-01 -4.245098233222961426e-01 -7.048074007034301758e-01 6.100205183029174805e-01
-5.361936092376708984e-01 1.384296655654907227e+00 1.827938556671142578e-01 -1.006297707557678223e+00 -5.050218701362609863e-01
2.263248711824417114e-01 -1.304592967033386230e+00 2.696782723069190979e-02 1.248567342758178711e+00 -3.324154615402221680e-01
-5.839108824729919434e-01 -4.047951996326446533e-01 8.352509737014770508e-01 -4.831182956695556641e-01 9.624806642532348633e-01
-4.750052392482757568e-01 -9.619303345680236816e-01 3.975597918033599854e-01 2.174547314643859863e-01 7.465081214904785156e-01
-1.639474481344223022e-01 3.256694078445434570e-01 8.174328505992889404e-02 -6.887813806533813477e-01 -6.632001996040344238e-01
2.260325662791728973e-02 -1.464549750089645386e-01 5.132116004824638367e-02 1.954204291105270386e-01 -1.414130926132202148e-01
-1.034517958760261536e-01 -5.949520468711853027e-01 -7.931194305419921875e-01 2.925225794315338135e-01 9.428079724311828613e-01
-1.666236110031604767e-02 2.560852840542793274e-02 -1.132833600044250488e+00 1.664208918809890747e-01 8.276385664939880371e-01
1.765776753425598145e+00 -8.299961090087890625e-01 -2.863015048205852509e-02 -1.121703267097473145e+00 -4.801576435565948486e-01
1.970843374729156494e-01 2.560688257217407227e-01 -3.094052672386169434e-01 -5.386270880699157715e-01 -2.667501568794250488e-01
9.367857873439788818e-02 -6.804050803184509277e-01 -7.937185764312744141e-01 1.408366858959197998e-01 -4.526785314083099365e-01
9.850709438323974609e-01 -5.330591797828674316e-01 -7.405581474304199219e-01 -6.318108439445495605e-01 7.704837918281555176e-01
2.131357342004776001e-01 3.801054060459136963e-01 -1.232861280441284180e+00 1.054207801818847656e+00 -2.619474530220031738e-01
2.215589582920074463e-01 6.035134196281433105e-01 4.034637212753295898e-01 6.899715662002563477e-01 6.259001493453979492e-01
-7.671899795532226562e-01 1.019505262374877930e+00 -9.451202750205993652e-01 -6.217378377914428711e-01 -1.580700755119323730e+00
-7.544475793838500977e-01 -1.041522860527038574e+00 5.267454385757446289e-01 5.319293215870857239e-02 -5.667306832037866116e-04
-1.812930703163146973e-01 1.221830368041992188e+00 6.232983469963073730e-01 3.716701269149780273e-01 6.843213438987731934e-01
1.328197360038757324e+00 6.534906625747680664e-01 4.315722286701202393e-01 -1.026382893323898315e-01 -1.984326839447021484e-01
-1.128474593162536621e+00 -2.168235927820205688e-02 -4.480087161064147949e-01 4.421479403972625732e-01 -4.100068286061286926e-02
-8.928532004356384277e-01 -7.789104580879211426e-01 -2.972845733165740967e-01 -3.756309151649475098e-01 2.193112075328826904e-01
1.400229521095752716e-02 5.402330756187438965e-01 4.721992313861846924e-01 1.918669193983078003e-01 6.163057684898376465e-01
-5.985928177833557129e-01 -6.447649002075195312e-02 -3.907754123210906982e-01 3.326535224914550781e-01 8.972201347351074219e-01
-3.268624246120452881e-01 6.060845255851745605e-01 -9.436379671096801758e-01 -3.543696925044059753e-02 3.890832364559173584e-01
-1.092558622360229492e+00 -7.024167180061340332e-01 -6.375974416732788086e-01 3.340297639369964600e-01 -4.270114600658416748e-01
-9.606680274009704590e-01 2.732892036437988281e-01 1.542456299066543579e-01 -3.039903193712234497e-02 6.900225281715393066e-01
-7.334278821945190430e-01 -1.158259510993957520e+00 -1.197932839393615723e+00 1.351343154907226562e+00 1.319501399993896484e-01
-5.289760828018188477e-01 -9.840610623359680176e-01 -8.371227979660034180e-01 6.608299016952514648e-01 8.037230372428894043e-01
-1.268379807472229004e+00 -4.763189554214477539e-01 -2.487171888351440430e-01 -6.005330681800842285e-01 -2.691136002540588379e-01
-1.315189123153686523e+00 2.429687827825546265e-01 -1.531045675277709961e+00 7.427686452865600586e-01 -6.959598064422607422e-01
-3.478725254535675049e-02 -8.783963322639465332e-01 -6.873814463615417480e-01 9.581742286682128906e-01 -3.861009702086448669e-02
-1.210132166743278503e-01 -7.946484088897705078e-01 -2.096620500087738037e-01 -5.514412522315979004e-01 -1.384299159049987793e+00
4.189180135726928711e-01 -8.489494919776916504e-01 -3.939845263957977295e-01 -3.443129658699035645e-01 -5.492908954620361328e-01
2.793517895042896271e-02 7.077279090881347656e-01 -9.045614004135131836e-01 4.661257192492485046e-02 9.315715432167053223e-01
4.156767427921295166e-01 -7.958792448043823242e-01 -9.329764246940612793e-01 -5.145104974508285522e-02 -3.495819568634033203e-01
-1.338566988706588745e-01 -6.557680368423461914e-01 -4.763343930244445801e-01 -2.892121076583862305e-01 -3.848158419132232666e-01
5.959125161170959473e-01 -2.912533283233642578e-01 -1.247262954711914062e+00 -5.533179044723510742e-01 -8.386442065238952637e-01
7.379859685897827148e-01 2.365051954984664917e-02 -1.681194305419921875e+00 -7.171326279640197754e-01 -2.078088998794555664e+00
-1.749783396720886230e+00 4.905768334865570068e-01 3.845996856689453125e-01 -7.155950665473937988e-01 -6.225018501281738281e-01
-7.025830745697021484e-01 -1.391378045082092285e+00 8.436649441719055176e-01 -1.084591269493103027e+00 -1.691870242357254028e-01
3.846967592835426331e-02 -5.077130794525146484e-01 8.042755126953125000e-01 -1.253231883049011230e+00 -6.066451668739318848e-01
-2.971296310424804688e-01 5.288706421852111816e-01 -1.746412068605422974e-01 -5.159764289855957031e-01 3.840793371200561523e-01
2.555806040763854980e-01 -9.604265689849853516e-01 1.676882207393646240e-01 -8.273925632238388062e-03 1.221019744873046875e+00
1.283370375633239746e+00 1.165082573890686035e+00 1.643492341041564941e+00 -8.707401752471923828e-01 -7.706390619277954102e-01
6.822075694799423218e-03 1.372166424989700317e-01 -1.313839197158813477e+00 -1.128996610641479492e+00 -2.589767694473266602e+00
-1.066506952047348022e-01 2.308240890502929688e+00 -1.375352621078491211e+00 -3.032434545457363129e-02 1.360972762107849121e+00
-3.436437845230102539e-01 -3.194206207990646362e-02 -3.452199697494506836e-02 -9.420156478881835938e-01 -1.592627525329589844e+00
-9.640020132064819336e-01 -9.061496257781982422e-01 1.636188983917236328e+00 -7.048687934875488281e-01 8.112012743949890137e-01
-5.919589400291442871e-01 6.003656983375549316e-01 1.572683453559875488e-01 -1.633148491382598877e-01 6.742584109306335449e-01
1.461941152811050415e-01 9.353691339492797852e-01 -4.458569586277008057e-01 5.370299518108367920e-02 1.134373664855957031e+00
1.898058801889419556e-01 2.677229404449462891e+00 -1.958127140998840332e+00 1.486151367425918579e-01 1.636509895324707031e+00
5.887483954429626465e-01 2.591953516006469727e+00 -2.410895586013793945e+00 5.155807733535766602e-01 1.699792146682739258e+00
-7.257056832313537598e-01 8.711548894643783569e-02 2.297907322645187378e-01 7.232456803321838379e-01 1.698885679244995117e+00
-2.128142416477203369e-01 2.420165061950683594e+00 -5.836276412010192871e-01 -1.442864298820495605e+00 1.640274643898010254e+00
-7.766931056976318359e-01 4.923738539218902588e-02 1.436631083488464355e-01 -8.350778222084045410e-01 3.647702634334564209e-01
5.245378613471984863e-02 1.417379379272460938e+00 -1.221239089965820312e+00 -1.410215020179748535e+00 -6.980751156806945801e-01
2.203801125288009644e-01 8.878341913223266602e-01 -6.621239781379699707e-01 -4.223174154758453369e-01 1.755422472953796387e+00
-4.947099685668945312e-01 1.244914770126342773e+00 6.036435812711715698e-02 -1.059665322303771973e+00 1.619449615478515625e+00
7.706097960472106934e-01 -6.978458762168884277e-01 -3.069549202919006348e-01 -4.175034165382385254e-01 1.389439225196838379e+00
1.571682095527648926e+00 -4.003708660602569580e-01 -1.187250137329101562e+00 -6.382888555526733398e-01 7.730381488800048828e-01
-3.549213111400604248e-01 3.212641179561614990e-01 4.683905541896820068e-01 -6.812917590141296387e-01 1.272322177886962891e+00
8.133715391159057617e-02 -1.533674597740173340e+00 -4.027235209941864014e-01 1.080542445182800293e+00 4.417861402034759521e-01
-1.210805773735046387e-01 -1.285548090934753418e+00 -9.390133619308471680e-02 4.008638262748718262e-01 7.740435749292373657e-02
-2.546128928661346436e-01 -1.450553894042968750e+00 6.831909418106079102e-01 -7.102793455123901367e-01 1.253027617931365967e-01
2.450507879257202148e-01 -1.823644042015075684e-01 -1.310552954673767090e+00 -3.119730353355407715e-01 -1.025253534317016602e+00
1.734188795089721680e-01 4.199812412261962891e-01 -8.831514120101928711e-01 -6.534442305564880371e-01 -1.712101325392723083e-02
4.112717509269714355e-02 9.353436529636383057e-02 -3.969064950942993164e-01 -1.089420437812805176e+00 -2.838662564754486084e-01
-2.281074225902557373e-01 -5.844306349754333496e-01 -3.899990320205688477e-01 -6.819987297058105469e-02 9.885963983833789825e-03
-1.075870156288146973e+00 -5.702494978904724121e-01 6.616287231445312500e-01 -6.000869274139404297e-01 -1.883890032768249512e-01
1.179642438888549805e+00 3.747522234916687012e-01 -1.345734238624572754e+00 3.759402036666870117e-01 4.292566329240798950e-02
1.141402244567871094e+00 5.797260999679565430e-01 1.724284529685974121e+00 3.699330389499664307e-01 -1.150672912597656250e+00
3.104411251842975616e-02 -1.222835760563611984e-02 -1.096711397171020508e+00 2.921802997589111328e-01 -4.426145851612091064e-01
-2.708392739295959473e-01 -1.429024100303649902e+00 -1.430172659456729889e-02 -6.675510406494140625e-01 -9.062520265579223633e-01
-5.243782997131347656e-01 -1.327242970466613770e+00 -3.577691018581390381e-01 1.479755878448486328e+00 1.301959156990051270e+00
-8.613705635070800781e-02 -2.498691231012344360e-01 -1.586955785751342773e-01 -1.285809397697448730e+00 -2.240365594625473022e-01
-5.194483399391174316e-01 -9.271702170372009277e-01 1.020388081669807434e-01 4.110768437385559082e-01 1.681167632341384888e-02
1.080473899841308594e+00 -8.721423149108886719e-01 -1.237647056579589844e+00 7.855590432882308960e-02 -4.195702821016311646e-02
-9.356849789619445801e-01 -1.168160676956176758e+00 5.827950239181518555e-01 4.750528931617736816e-01 1.943920105695724487e-01
4.761765301227569580e-01 -2.836165726184844971e-01 -6.772798299789428711e-01 1.684832125902175903e-01 1.641329750418663025e-02
-4.608704447746276855e-01 -3.929986655712127686e-01 -8.235518336296081543e-01 5.222877860069274902e-01 -4.892068803310394287e-01
-3.989256173372268677e-02 3.422458767890930176e-01 -6.730132102966308594e-01 -7.960755825042724609e-01 -7.513279318809509277e-01
-9.608118236064910889e-02 1.261399626731872559e+00 -4.874266684055328369e-02 -8.920192718505859375e-02 7.662243247032165527e-01
-2.098260819911956787e-02 -7.240324020385742188e-01 -1.530800104141235352e+00 6.460004448890686035e-01 -8.786211013793945312e-01
9.308896958827972412e-03 -6.845633387565612793e-01 -1.597731590270996094e+00 7.377912402153015137e-01 -7.864938378334045410e-01
-9.479894638061523438e-01 -1.115653514862060547e+00 -1.832747459411621094e-01 2.006564289331436157e-01 -5.567563176155090332e-01
-5.735012888908386230e-01 -1.041443943977355957e+00 -5.996174216270446777e-01 7.568385601043701172e-01 -1.529797818511724472e-02
-1.721311211585998535e-01 9.126217961311340332e-01 -1.966668844223022461e+00 4.648908078670501709e-01 -1.975592821836471558e-01
-1.589448451995849609e-01 3.681197464466094971e-01 -1.370031833648681641e+00 -4.867004752159118652e-01 -9.375953674316406250e-01
-6.108441948890686035e-01 1.116016786545515060e-02 -8.846967220306396484e-01 -8.732439875602722168e-01 -7.503167986869812012e-01
1.792591661214828491e-01 -2.410012781620025635e-01 -1.145921587944030762e+00 -8.335750699043273926e-01 -3.509950637817382812e-01
-3.672489821910858154e-01 -5.369160175323486328e-01 3.203808665275573730e-01 -1.293293982744216919e-01 8.750313520431518555e-02
2.419753670692443848e-01 -4.363964498043060303e-01 -4.312091469764709473e-01 -7.365722060203552246e-01 -2.117932140827178955e-01
1.671771854162216187e-01 -7.208207249641418457e-02 -2.573912143707275391e+00 1.127577900886535645e+00 -7.858864068984985352e-01
-2.797356545925140381e-01 -1.162977337837219238e+00 -1.434762358665466309e+00 1.290880918502807617e+00 -3.291900157928466797e-01
1.148772835731506348e+00 -4.177307188510894775e-01 -7.699143886566162109e-01 -1.873407363891601562e+00 -1.167178869247436523e+00
-7.003070116043090820e-01 -1.206920266151428223e+00 -2.803971171379089355e-01 3.433373272418975830e-01 -1.201893091201782227e+00
-1.065737843513488770e+00 7.322458624839782715e-01 -1.129730582237243652e+00 -7.970036864280700684e-01 -5.066392011940479279e-03
2.083665132522583008e-01 -6.780283153057098389e-02 -7.307100296020507812e-02 -1.618583202362060547e-01 -1.627154201269149780e-01
-2.874878942966461182e-01 7.420091629028320312e-01 5.649951696395874023e-01 -1.010925173759460449e+00 1.513688206672668457e+00
-5.553143620491027832e-01 2.784172594547271729e-01 7.531991004943847656e-01 -5.971403717994689941e-01 2.064800977706909180e+00
-3.790645599365234375e-01 3.499857783317565918e-01 5.630747079849243164e-01 -5.720760226249694824e-01 2.014126300811767578e+00
7.329357862472534180e-01 5.206759572029113770e-01 -7.880980968475341797e-01 -3.352768123149871826e-01 2.061080455780029297e+00
-1.513733267784118652e+00 6.855813264846801758e-01 1.366384476423263550e-01 5.886083245277404785e-01 1.571348428726196289e+00
-2.857427895069122314e-01 -6.509174704551696777e-01 8.212356269359588623e-02 -1.445910334587097168e-01 1.065051436424255371e+00
4.790048599243164062e-01 -3.427550494670867920e-01 -1.211957454681396484e+00 -6.118763238191604614e-02 1.188455462455749512e+00
1.422408103942871094e+00 3.670302918180823326e-03 2.209064178168773651e-02 3.340872004628181458e-02 -1.030391812324523926e+00
-9.057471752166748047e-01 6.419922709465026855e-01 1.127452924847602844e-01 -1.401676535606384277e+00 8.365292549133300781e-01
2.255011200904846191e-01 1.210818290710449219e+00 -8.850086927413940430e-01 -4.810757339000701904e-01 -3.241768479347229004e-02
-4.449689090251922607e-01 1.969881653785705566e-01 -1.147367507219314575e-01 8.258202075958251953e-01 2.262923717498779297e+00
-3.874224424362182617e-01 8.088892698287963867e-01 -2.753760814666748047e-01 2.592315375804901123e-01 1.861073374748229980e+00
-6.883427500724792480e-01 5.007060766220092773e-01 8.411417156457901001e-02 3.941679000854492188e-01 2.065601348876953125e+00
-1.906004250049591064e-01 8.106973767280578613e-01 -7.235228419303894043e-01 -7.604409456253051758e-01 -1.146130636334419250e-01
-9.826967120170593262e-02 1.516053825616836548e-01 1.342289805412292480e+00 -1.762261033058166504e+00 2.165039062500000000e+00
8.629431724548339844e-01 -9.433449506759643555e-01 1.727667927742004395e+00 -1.751293987035751343e-01 -2.498752027750015259e-01
-2.195467799901962280e-02 2.640587687492370605e-01 -1.096589803695678711e+00 -1.013172626495361328e+00 -1.283250451087951660e+00
1.640357077121734619e-01 7.811374068260192871e-01 1.049701690673828125e+00 -2.410852670669555664e+00 1.695676922798156738e+00
1.892304062843322754e+00 6.996795535087585449e-01 -2.499431520700454712e-01 -2.419966220855712891e+00 1.250772356986999512e+00
-7.207620143890380859e-01 1.133785963058471680e+00 -1.609702557325363159e-01 -1.087141513824462891e+00 -4.731546640396118164e-01
1.711993575096130371e+00 -8.050466179847717285e-01 1.255526393651962280e-01 -1.786184668540954590e+00 9.944707751274108887e-01
-3.083805441856384277e-01 1.088525652885437012e+00 1.580216586589813232e-01 -9.441886544227600098e-01 1.227315425872802734e+00
1.956630587577819824e+00 -1.428141117095947266e+00 -8.847497701644897461e-01 -8.791971802711486816e-01 1.538306713104248047e+00
-8.476867675781250000e-01 5.621604323387145996e-01 -5.606738924980163574e-01 4.667910337448120117e-01 -5.456377752125263214e-03
-1.551942706108093262e+00 8.749985098838806152e-01 -1.305012226104736328e+00 -1.231830567121505737e-02 -1.233852982521057129e+00
5.861323475837707520e-01 5.182128548622131348e-01 4.353884160518646240e-01 -1.887461900711059570e+00 1.528483271598815918e+00
1.915558576583862305e+00 -2.951639145612716675e-02 -4.601185917854309082e-01 -1.757759332656860352e+00 1.040629625320434570e+00
5.888636112213134766e-01 -5.447519421577453613e-01 4.559456706047058105e-01 -9.253159165382385254e-01 1.452872276306152344e+00
9.233518242835998535e-01 -2.540618479251861572e-01 1.277790188789367676e+00 -1.748355388641357422e+00 2.098752856254577637e-01
5.019490122795104980e-01 1.173562526702880859e+00 9.033876657485961914e-01 -2.375075817108154297e+00 -3.296174705028533936e-01
-9.381772279739379883e-01 8.021460771560668945e-01 -1.500959694385528564e-01 3.187336027622222900e-01 -1.056341171264648438e+00
8.824449181556701660e-01 6.952035427093505859e-01 -1.859425157308578491e-01 2.916899025440216064e-01 -1.842217147350311279e-01
8.640899658203125000e-01 6.963891983032226562e-01 8.682385087013244629e-01 -2.195211887359619141e+00 -2.261371761560440063e-01
6.312443614006042480e-01 5.048735141754150391e-01 1.152852177619934082e+00 -2.069474697113037109e+00 -3.331664204597473145e-02
8.757477998733520508e-01 1.101677894592285156e+00 5.282879471778869629e-01 -2.075014829635620117e+00 -2.264381647109985352e-01
-1.891506910324096680e+00 -1.656140834093093872e-01 -6.806193590164184570e-01 -1.165900826454162598e-01 -1.222309172153472900e-01
9.054147452116012573e-02 -4.643648266792297363e-01 -1.236676573753356934e-01 2.262072265148162842e-01 -8.570498228073120117e-02
2.645481228828430176e-01 1.337068200111389160e+00 3.992545604705810547e-01 -1.055486321449279785e+00 -1.101536273956298828e+00
-7.679324150085449219e-01 -3.764934837818145752e-01 -1.434620767831802368e-01 -6.681849360466003418e-01 3.068841695785522461e-01
-4.518318474292755127e-01 -2.338779568672180176e-01 -1.401208281517028809e+00 5.395003557205200195e-01 -1.686031103134155273e+00
-1.050779223442077637e+00 -8.383828401565551758e-01 -4.891425073146820068e-01 6.885158419609069824e-01 -1.199979782104492188e+00
-5.873050093650817871e-01 -3.823800683021545410e-01 -1.033794999122619629e+00 2.476990222930908203e-01 -1.722810149192810059e+00
-5.706521868705749512e-01 -1.932432353496551514e-01 -1.224269866943359375e+00 2.878429591655731201e-01 -1.786157727241516113e+00
-1.643443584442138672e+00 -9.720937609672546387e-01 1.916231215000152588e-01 4.722642302513122559e-01 -1.096705198287963867e+00
-5.799524188041687012e-01 -3.883691430091857910e-01 -1.024500131607055664e+00 2.329643368721008301e-01 -1.725371122360229492e+00
-1.219467073678970337e-01 -2.153974622488021851e-01 -1.614999532699584961e+00 3.647496104240417480e-01 -1.868931174278259277e+00
-9.001963734626770020e-01 6.769248843193054199e-01 6.064017117023468018e-02 8.850938081741333008e-01 7.756170630455017090e-01
3.818828761577606201e-01 -9.185900092124938965e-01 4.422512352466583252e-01 -3.387395739555358887e-01 1.218060925602912903e-01
-9.408417344093322754e-01 1.359346747398376465e+00 -9.788721799850463867e-02 -1.067225694656372070e+00 3.129495680332183838e-01
-1.602794378995895386e-01 -7.734894752502441406e-01 -1.506993293762207031e+00 -1.805009394884109497e-01 -4.842441529035568237e-02
-4.870077967643737793e-02 -2.881403267383575439e-01 6.387277245521545410e-01 2.768622934818267822e-01 1.373229026794433594e-01
4.257644340395927429e-02 -8.083274960517883301e-02 -9.819839894771575928e-02 8.751810193061828613e-01 1.389566302299499512e+00
3.161885738372802734e-01 -3.138168752193450928e-01 -2.162428200244903564e-01 9.609029293060302734e-01 1.431229710578918457e+00
3.089372627437114716e-02 2.968226075172424316e-01 8.181789517402648926e-02 4.022479057312011719e-02 9.595534205436706543e-01
1.231634736061096191e+00 -2.583207190036773682e-01 -8.485615253448486328e-01 8.198525905609130859e-01 1.294778585433959961e+00
1.523261219263076782e-01 5.270852446556091309e-01 -4.238608777523040771e-01 7.508607506752014160e-01 1.203204512596130371e+00
6.703590750694274902e-01 3.732688426971435547e-01 -7.561039328575134277e-01 8.390435576438903809e-01 9.563691020011901855e-01
-2.307466119527816772e-01 -2.047909647226333618e-01 5.607159733772277832e-01 6.760960817337036133e-01 1.530511736869812012e+00
1.616142749786376953e+00 -2.658279836177825928e-01 -1.143441915512084961e+00 6.162214279174804688e-01 9.750975370407104492e-01
1.477896124124526978e-01 -7.555200457572937012e-01 -9.446554183959960938e-01 1.262734889984130859e+00 6.179780699312686920e-03
-1.064365863800048828e+00 1.802723854780197144e-01 3.930048346519470215e-01 5.256126523017883301e-01 2.113151848316192627e-01
-1.928760260343551636e-01 1.477418392896652222e-01 7.929316759109497070e-01 9.377481937408447266e-01 8.798869699239730835e-02
5.418257117271423340e-01 2.889478802680969238e-01 5.821079388260841370e-02 -6.995334625244140625e-01 -6.391659975051879883e-01
1.532864332199096680e+00 -5.081047490239143372e-02 4.603434726595878601e-02 -8.621510267257690430e-01 5.422070622444152832e-01
