8.803637623786926270e-01
1.551563858985900879e+00
4.504562914371490479e-02
-1.116784438490867615e-01
1.506431400775909424e-01
-9.571612626314163208e-02
-6.274948716163635254e-01
5.939345955848693848e-01
-3.314747214317321777e-01
5.085973739624023438e-01
3.295909166336059570e-01
2.074479311704635620e-01
-4.735071659088134766e-01
8.416801095008850098e-01
3.305347561836242676e-01
-1.721165925264358521e-01
-1.704773068428039551e+00
-4.766927361488342285e-01
-3.095900714397430420e-01
6.368171572685241699e-01
8.470460027456283569e-02
-1.584544926881790161e-01
4.069994986057281494e-01
2.792878150939941406e-01
3.142350614070892334e-01
4.812258481979370117e-01
6.549788117408752441e-01
1.460366725921630859e+00
2.317672818899154663e-01
-4.528204500675201416e-01
-1.062362417578697205e-01
1.315510630607604980e+00
-1.171117901802062988e+00
-2.092417031526565552e-01
-1.050493195652961731e-01
9.710891842842102051e-01
-3.031349182128906250e-01
2.996032685041427612e-02
1.029104888439178467e-01
1.139628291130065918e+00
-3.123392760753631592e-01
1.189656019210815430e+00
5.856472253799438477e-01
-1.672659069299697876e-01
-3.888612613081932068e-02
-7.980293035507202148e-01
6.656076312065124512e-01
8.653196096420288086e-01
4.665428698062896729e-01
6.277187168598175049e-02
9.489213824272155762e-01
-4.309964776039123535e-01
5.538560152053833008e-01
2.953084111213684082e-01
8.584085106849670410e-01
3.196111917495727539e-01
-8.290014863014221191e-01
1.385546326637268066e+00
5.015188455581665039e-01
5.049458146095275879e-01
5.108424425125122070e-01
4.974833428859710693e-01
5.052706599235534668e-01
6.252743005752563477e-01
5.928921103477478027e-01
4.502096176147460938e-01
4.756852984428405762e-01
-1.485414862632751465e+00
2.794812917709350586e-01
3.508844971656799316e-01
2.670897841453552246e-01
6.323097348213195801e-01
6.713507771492004395e-01
6.857110261917114258e-01
5.891979932785034180e-01
2.853595018386840820e-01
6.207625269889831543e-01
4.100569486618041992e-01
5.322666764259338379e-01
3.328601121902465820e-01
3.135176301002502441e-01
1.725161075592041016e-01
4.465200603008270264e-01
1.082570701837539673e-01
4.860185682773590088e-01
5.258393287658691406e-01
-4.318359494209289551e-02
5.936158299446105957e-01
-5.938385725021362305e-01
-4.837981760501861572e-01
5.403207540512084961e-01
5.170909762382507324e-01
2.688718736171722412e-01
4.974216222763061523e-01
3.166774511337280273e-01
2.046862691640853882e-01
3.290809392929077148e-01
5.023565888404846191e-01
7.530017495155334473e-01
7.744567990303039551e-01
9.114703536033630371e-01
9.223191142082214355e-01
5.374956130981445312e-01
5.341748595237731934e-01
3.962070643901824951e-01
4.675846099853515625e-01
6.662883162498474121e-01
5.891339778900146484e-01
1.079057097434997559e+00
4.684843420982360840e-01
4.214296340942382812e-01
4.087046980857849121e-01
3.656773567199707031e-01
6.985934972763061523e-01
-2.404616773128509521e-01
3.580111563205718994e-01
7.452152967453002930e-01
5.985556840896606445e-01
5.624026656150817871e-01
5.170536041259765625e-01
6.034836769104003906e-01
-3.820044547319412231e-02
8.191865086555480957e-01
-8.417931795120239258e-01
4.879554212093353271e-01
6.680494546890258789e-01
5.627270936965942383e-01
6.480171680450439453e-01
1.635174155235290527e-01
5.780901312828063965e-01
7.076105475425720215e-01
5.810295343399047852e-01
2.179562747478485107e-01
1.235068917274475098e+00
-1.791191697120666504e+00
1.507642030715942383e+00
5.891310572624206543e-01
5.551553368568420410e-01
3.924005627632141113e-01
-7.649167776107788086e-01
7.636330127716064453e-01
1.401888966560363770e+00
3.406356871128082275e-01
-3.757404685020446777e-01
9.087141156196594238e-01
-1.418163478374481201e-01
2.995667457580566406e-01
7.387340068817138672e-01
8.755878210067749023e-01
-5.708737969398498535e-01
4.079170823097229004e-01
-6.033678054809570312e-01
-6.215786337852478027e-01
2.924875020980834961e-01
9.598776698112487793e-02
-3.489988744258880615e-01
-3.920309245586395264e-01
-9.342027902603149414e-01
2.426431179046630859e-01
2.007558494806289673e-01
-8.230912685394287109e-01
-1.661348223686218262e+00
1.363895833492279053e-01
3.959948197007179260e-02
-1.628610193729400635e-01
5.323465466499328613e-01
6.892958283424377441e-01
7.213671207427978516e-01
6.366074681282043457e-01
5.638764500617980957e-01
6.095949560403823853e-02
-6.223037838935852051e-01
7.176748514175415039e-01
7.437279224395751953e-01
8.342858552932739258e-01
8.331500887870788574e-01
6.425146460533142090e-01
-3.048105537891387939e-01
6.039315462112426758e-01
5.675159692764282227e-01
1.202269494533538818e-01
4.632163643836975098e-01
2.619139850139617920e-01
9.655048488639295101e-04
6.780982017517089844e-01
4.940137565135955811e-01
-2.125937789678573608e-01
-1.213019490242004395e-01
3.312896192073822021e-01
-8.263506889343261719e-01
-1.998969316482543945e-01
3.042733967304229736e-01
-5.431741476058959961e-01
-5.526324510574340820e-01
3.304254710674285889e-01
-3.529294431209564209e-01
-1.799886822700500488e-01
-4.549458250403404236e-02
-1.207703799009323120e-01
5.628395825624465942e-02
2.193852365016937256e-01
3.454634845256805420e-01
-1.232205331325531006e-01
9.424354434013366699e-01
7.888346910476684570e-02
4.383359849452972412e-01
1.647266447544097900e-01
4.507438242435455322e-01
6.763924956321716309e-01
-1.315704435110092163e-01
-2.165922224521636963e-01
8.545678853988647461e-01
1.088721036911010742e+00
-8.483394384384155273e-01
-3.857607245445251465e-01
3.663241267204284668e-01
-5.752522945404052734e-01
3.989770114421844482e-01
-8.519884943962097168e-01
2.605954706668853760e-01
2.356436848640441895e-02
1.277262806892395020e+00
7.434663176536560059e-01
5.091754198074340820e-01
5.127656459808349609e-01
6.959474086761474609e-01
-1.199790611863136292e-01
3.846931755542755127e-01
-2.441091984510421753e-01
-9.773002862930297852e-01
2.531282007694244385e-01
-4.809612631797790527e-01
7.149525284767150879e-01
3.612346053123474121e-01
-9.125122427940368652e-01
5.007979273796081543e-01
2.911933660507202148e-01
3.514133989810943604e-01
3.849077224731445312e-02
-4.822877943515777588e-01
8.380886912345886230e-01
2.290283441543579102e-01
-2.589669451117515564e-02
-6.343787312507629395e-01
4.237621724605560303e-01
9.907432794570922852e-01
7.716183662414550781e-01
4.465985000133514404e-01
5.382687225937843323e-02
-5.023519396781921387e-01
-5.916332006454467773e-01
-8.503019213676452637e-01
4.548983275890350342e-01
5.419591665267944336e-01
4.375734627246856689e-01
5.644956827163696289e-01
-9.509533047676086426e-01
2.459281682968139648e-01
3.616828620433807373e-01
-3.240019381046295166e-01
3.838741779327392578e-01
3.517902493476867676e-01
4.229512810707092285e-01
4.890139400959014893e-01
-3.654348552227020264e-01
-2.866240739822387695e-01
1.884219199419021606e-01
5.409421324729919434e-01
5.917326211929321289e-01
8.412158489227294922e-01
7.980651259422302246e-01
-1.716053038835525513e-01
-4.238351583480834961e-01
7.144826650619506836e-01
4.452984035015106201e-01
4.713955521583557129e-01
4.945784807205200195e-01
6.162309646606445312e-01
7.559247016906738281e-01
-2.734623253345489502e-01
2.481599599123001099e-01
1.576389521360397339e-01
-2.397368997335433960e-01
3.022268116474151611e-01
-2.385039180517196655e-01
2.576129138469696045e-01
-5.263897776603698730e-01
-6.397392749786376953e-01
3.653956353664398193e-01
1.119217276573181152e+00
9.541758894920349121e-01
-9.025976061820983887e-01
3.280276358127593994e-01
2.980789355933666229e-02
-3.187212049961090088e-01
7.330941557884216309e-01
2.011437267065048218e-01
5.904149413108825684e-01
5.811579823493957520e-01
5.018664598464965820e-01
6.117895245552062988e-01
3.787225186824798584e-01
6.353965997695922852e-01
2.870675325393676758e-01
-7.355033755302429199e-01
8.538875579833984375e-01
-7.647875696420669556e-02
1.602434664964675903e-01
-5.939454585313796997e-02
7.597933411598205566e-01
2.268486171960830688e-01
6.312621235847473145e-01
2.663959264755249023e-01
1.331348866224288940e-01
2.665304541587829590e-01
5.418651700019836426e-01
4.344179928302764893e-01
4.045795500278472900e-01
4.192966818809509277e-01
6.502492427825927734e-01
-1.359774947166442871e+00
-3.905607461929321289e-01
-4.844689369201660156e-01
4.720227420330047607e-01
4.101750999689102173e-02
-8.400356769561767578e-02
3.314793109893798828e-01
7.691121697425842285e-01
5.114099383354187012e-01
-5.111525058746337891e-01
2.569381147623062134e-02
2.119966298341751099e-01
-2.003392875194549561e-01
2.526604831218719482e-01
-2.319924682378768921e-01
3.975428938865661621e-01
4.647126197814941406e-01
4.307782649993896484e-01
4.212765097618103027e-01
4.839787185192108154e-01
2.058411538600921631e-01
2.851904332637786865e-01
3.278928101062774658e-01
8.945313841104507446e-02
9.496688842773437500e-02
1.883988380432128906e-01
1.206757947802543640e-01
2.140708416700363159e-01
9.310623407363891602e-01
9.663410782814025879e-01
4.641789197921752930e-01
7.403136044740676880e-02
4.068792164325714111e-01
3.039423823356628418e-01
7.928534746170043945e-01
-1.098872184753417969e+00
-1.347037315368652344e+00
8.617075532674789429e-02
3.922186195850372314e-01
-1.325266003608703613e+00
-5.590270161628723145e-01
1.115141868591308594e+00
-2.912030816078186035e-01
5.943832397460937500e-01
-9.339964389801025391e-01
6.342782080173492432e-02
-6.829817891120910645e-01
2.129239737987518311e-01
5.742269158363342285e-01
5.738509893417358398e-01
5.853720307350158691e-01
5.601222515106201172e-01
4.974874556064605713e-01
1.613080650568008423e-01
6.116645038127899170e-02
-2.239067703485488892e-01
7.020873427391052246e-01
6.990174055099487305e-01
6.836934387683868408e-02
2.322863340377807617e-01
5.279451608657836914e-01
5.150452852249145508e-01
1.223817691206932068e-01
-7.012861222028732300e-02
6.259792298078536987e-02
7.306027412414550781e-01
5.529388412833213806e-02
-1.409099996089935303e-01
6.414721012115478516e-01
4.001084566116333008e-01
-8.782303333282470703e-02
7.305615544319152832e-01
2.623806595802307129e-01
6.869050860404968262e-01
5.183316469192504883e-01
2.584007382392883301e-01
3.965024352073669434e-01
-5.580328106880187988e-01
-1.539628580212593079e-02
-1.156986653804779053e-01
8.459742069244384766e-01
-9.311567991971969604e-02
3.456962108612060547e-01
5.830207094550132751e-02
-3.783485591411590576e-01
8.560199290513992310e-02
6.476031243801116943e-02
1.108112692832946777e+00
-1.202217340469360352e+00
-3.148784339427947998e-01
7.200211882591247559e-01
-5.636129379272460938e-01
4.459100961685180664e-01
6.212951540946960449e-01
-1.772045195102691650e-01
-2.238751649856567383e-01
6.541243791580200195e-01
1.220037460327148438e+00
1.105555891990661621e+00
-5.716389045119285583e-03
-2.420461475849151611e-01
-3.402847647666931152e-01
3.264879584312438965e-01
2.109320461750030518e-01
3.738816082477569580e-01
2.245250940322875977e-01
3.500087559223175049e-01
6.058114171028137207e-01
-4.811942577362060547e-02
1.305672228336334229e-01
8.465483784675598145e-01
4.316532984375953674e-03
5.324015617370605469e-01
1.082101836800575256e-01
4.400938749313354492e-01
4.313363134860992432e-01
3.382588326930999756e-01
-9.720616787672042847e-02
1.738080233335494995e-01
-7.697097957134246826e-02
3.128979504108428955e-01
-5.359634160995483398e-01
-2.601141333580017090e-01
-1.156311631202697754e-01
3.849405944347381592e-01
-3.367083370685577393e-01
1.685861311852931976e-02
1.342940926551818848e-01
-5.869223475456237793e-01
4.920678734779357910e-01
-8.853487670421600342e-02
-1.546568125486373901e-01
-1.420317888259887695e-01
-2.611981630325317383e-01
3.406418263912200928e-01
3.103692829608917236e-01
-1.442531682550907135e-02
-2.009075284004211426e-01
-2.028616517782211304e-01
7.623577117919921875e-01
2.498076856136322021e-01
3.675000667572021484e-01
3.290236294269561768e-01
-3.116358816623687744e-01
-2.609936892986297607e-01
-2.964542433619499207e-02
2.212087661027908325e-01
5.362664163112640381e-02
1.977013498544692993e-01
6.139852404594421387e-01
8.370168209075927734e-01
9.281704574823379517e-02
2.482228279113769531e-01
6.974711418151855469e-01
2.078118175268173218e-01
1.226149871945381165e-01
-2.855143249034881592e-01
1.811036765575408936e-01
-4.650746583938598633e-01
4.052231013774871826e-01
-2.087031155824661255e-01
-4.070258438587188721e-01
4.218107461929321289e-01
4.054916501045227051e-01
5.051652193069458008e-01
4.838735461235046387e-01
1.253883242607116699e-01
2.663293778896331787e-01
3.477569818496704102e-01
6.044020056724548340e-01
2.429751157760620117e-01
3.055366277694702148e-01
-5.896232128143310547e-01
8.133845329284667969e-01
-1.382249474525451660e+00
-1.304528594017028809e+00
6.397472023963928223e-01
3.238364756107330322e-01
1.652957648038864136e-01
2.661215960979461670e-01
2.514297068119049072e-01
6.128204241394996643e-02
2.820309698581695557e-01
1.830803602933883667e-01
-5.199940204620361328e-01
-2.097600251436233521e-01
-6.027849912643432617e-01
-6.757138967514038086e-01
3.362989723682403564e-01
2.595795392990112305e-01
3.216599822044372559e-01
-3.765468001365661621e-01
4.933287203311920166e-01
-1.539012044668197632e-01
-2.010230123996734619e-01
3.470452725887298584e-01
2.528923451900482178e-01
-2.691889703273773193e-01
-2.722590789198875427e-02
-1.978185027837753296e-02
-7.733965665102005005e-02
8.469318747520446777e-01
5.166411399841308594e-02
8.259401470422744751e-02
-2.406377047300338745e-01
1.515362113714218140e-01
1.223814338445663452e-01
-3.155348077416419983e-02
1.273564398288726807e-01
-1.271038651466369629e-01
8.928789943456649780e-02
9.299199283123016357e-02
1.298555135726928711e-01
3.299288153648376465e-01
1.421447873115539551e+00
-6.228975057601928711e-01
-6.072576642036437988e-01
6.707552075386047363e-01
7.768566012382507324e-01
6.908434033393859863e-01
6.626195907592773438e-01
7.987622618675231934e-01
6.834279894828796387e-01
6.470312476158142090e-01
7.715916037559509277e-01
-1.165557652711868286e-01
4.931069016456604004e-01
6.537626385688781738e-01
-2.245029509067535400e-01
-5.656325817108154297e-01
-5.321071147918701172e-01
-6.362996697425842285e-01
-6.847181916236877441e-01
-7.547022104263305664e-01
-6.307582259178161621e-01
-5.929151177406311035e-01
-1.290938496589660645e+00
4.374591112136840820e-01
7.331917434930801392e-02
-1.061427354812622070e+00
-3.660416007041931152e-01
-4.995054099708795547e-03
