-3.832266330718994141e-01 -9.338259100914001465e-01 -5.502772331237792969e-01 7.711833715438842773e-01 2.184307128190994263e-01
-7.865776419639587402e-01 4.109395444393157959e-01 8.919064998626708984e-01 3.433603346347808838e-01 -8.931113481521606445e-01
4.697338640689849854e-01 1.923679709434509277e-01 -1.497104406356811523e+00 4.631375372409820557e-01 -1.001794457435607910e+00
9.539723396301269531e-01 -4.410016238689422607e-01 -2.938991412520408630e-02 -3.943524062633514404e-01 -7.372220158576965332e-01
-1.361406087875366211e+00 3.279547393321990967e-01 -9.956112504005432129e-01 -3.571123778820037842e-01 8.803561329841613770e-01
-1.251932263374328613e+00 -1.181797742843627930e+00 3.771604895591735840e-01 7.334674894809722900e-02 1.572073340415954590e+00
-5.274980664253234863e-01 7.934673428535461426e-01 -1.001987457275390625e+00 -9.902352690696716309e-01 3.940432667732238770e-01
1.335884571075439453e+00 -9.641573429107666016e-01 1.550563812255859375e+00 -1.359129071235656738e+00 -4.368514120578765869e-01
-9.941428899765014648e-01 1.107733964920043945e+00 -4.376945793628692627e-01 9.219140559434890747e-02 -4.356693625450134277e-01
-3.469215631484985352e-01 1.942994594573974609e-01 4.274310767650604248e-01 -6.933034658432006836e-01 -2.349695265293121338e-01
-3.262515068054199219e-01 -9.407021105289459229e-02 5.629096627235412598e-01 -1.317375183105468750e+00 8.311009407043457031e-01
7.542011886835098267e-02 1.283738315105438232e-01 3.994829952716827393e-01 -1.281403660774230957e+00 3.420713543891906738e-01
-1.125522851943969727e+00 6.160733103752136230e-01 1.897799253463745117e+00 1.412568330764770508e+00 -1.245349764823913574e+00
6.710828095674514771e-02 1.458108782768249512e+00 5.054739117622375488e-01 -1.097562432289123535e+00 4.861448705196380615e-01
1.946109086275100708e-01 -3.752558827400207520e-01 -5.085926055908203125e-01 4.181761741638183594e-01 -6.188889145851135254e-01
1.448633670806884766e+00 2.382499277591705322e-01 8.752530217170715332e-01 -3.655247688293457031e-01 3.293314874172210693e-01
-9.113533496856689453e-01 -4.837687611579895020e-01 -4.425626099109649658e-01 -4.538677930831909180e-01 -1.276738524436950684e+00
-4.406102299690246582e-01 6.241376399993896484e-01 2.564756631851196289e+00 1.201058387756347656e+00 -1.958109855651855469e+00
-5.648725032806396484e-01 2.482680797576904297e+00 1.041054964065551758e+00 1.731339931488037109e+00 -3.007575035095214844e+00
1.954580307006835938e+00 -3.017468452453613281e-01 -3.995434641838073730e-01 -1.346341371536254883e+00 3.901377916336059570e-01
-1.176863536238670349e-01 -1.127417564392089844e+00 -6.070730090141296387e-01 1.468390345573425293e+00 1.152304291725158691e+00
2.084478884935379028e-01 1.001011013984680176e+00 1.959114335477352142e-03 -2.106132507324218750e-01 -1.784719824790954590e-01
1.516004800796508789e-01 2.896811068058013916e-01 -2.280587702989578247e-01 -1.585515737533569336e+00 5.274478197097778320e-01
1.128489226102828979e-01 -6.085269451141357422e-01 3.834727108478546143e-01 -1.470932006835937500e+00 8.751029968261718750e-01
7.004473805427551270e-01 -7.099121809005737305e-01 4.667420089244842529e-01 -1.571987271308898926e+00 4.572854340076446533e-01
-2.849609851837158203e-01 -1.259693026542663574e+00 1.739670038223266602e+00 -1.802128314971923828e+00 1.338553667068481445e+00
-9.931449294090270996e-01 1.521940112113952637e+00 -2.510709315538406372e-02 -1.034817576408386230e+00 1.088498681783676147e-01
5.006176829338073730e-01 3.048090040683746338e-01 3.568593859672546387e-01 1.035958290100097656e+00 1.607509851455688477e-01
-7.797639966011047363e-01 -2.043534040451049805e+00 1.738365650177001953e+00 -3.761720955371856689e-01 5.464034676551818848e-01
-8.726641535758972168e-01 3.381286561489105225e-01 1.836602836847305298e-01 4.901904761791229248e-01 -5.676900148391723633e-01
1.283133864402770996e+00 2.180961966514587402e-01 -1.261833459138870239e-01 7.022969424724578857e-02 -2.046537399291992188e+00
4.334842860698699951e-01 -1.523780584335327148e+00 -3.579448461532592773e-01 4.132547378540039062e-01 -1.825456917285919189e-01
1.656753659248352051e+00 1.324434727430343628e-01 -2.523454129695892334e-01 -7.183039784431457520e-01 4.106541574001312256e-01
-2.401672124862670898e+00 3.067225515842437744e-01 2.020356208086013794e-01 2.411868125200271606e-01 1.242093205451965332e+00
3.712239563465118408e-01 -4.127700030803680420e-01 1.739369034767150879e-01 5.894657969474792480e-01 -2.947497069835662842e-01
-1.829371094703674316e+00 7.916104048490524292e-02 -7.668721079826354980e-01 2.758101522922515869e-01 8.262755870819091797e-01
1.111420989036560059e+00 6.910622715950012207e-01 -8.014298081398010254e-01 -1.979188919067382812e+00 -9.650348424911499023e-01
-3.675821702927350998e-03 -1.021292328834533691e+00 3.689137995243072510e-01 -1.120168805122375488e+00 1.118965983390808105e+00
2.093429416418075562e-01 8.560999035835266113e-01 -5.269343852996826172e-01 -9.654389619827270508e-01 -1.392675489187240601e-01
6.423523426055908203e-01 1.182605922222137451e-01 -1.977685242891311646e-01 1.235545516014099121e+00 -4.672805778682231903e-03
4.909937679767608643e-01 -2.657971680164337158e-01 4.021899998188018799e-01 -4.808187782764434814e-01 -2.582956552505493164e-01
-1.970756649971008301e-01 7.826209068298339844e-01 4.738379418849945068e-01 -1.425699472427368164e+00 8.212475478649139404e-02
-5.837545990943908691e-01 7.125814557075500488e-01 2.558681070804595947e-01 -6.352851390838623047e-01 3.112764842808246613e-02
-9.607043266296386719e-01 -1.993897110223770142e-01 2.134623676538467407e-01 -4.170632660388946533e-01 4.274097084999084473e-01
-2.108824968338012695e+00 5.731069445610046387e-01 -1.752936840057373047e-01 6.197436898946762085e-02 6.251681447029113770e-01
-9.544101357460021973e-01 -8.974084258079528809e-02 -1.083785533905029297e+00 -3.101393878459930420e-01 2.204862087965011597e-01
-8.643156290054321289e-01 1.389357447624206543e+00 -2.585268206894397736e-02 2.419001609086990356e-01 -7.633625268936157227e-01
-6.397922039031982422e-01 9.572309255599975586e-02 6.715527772903442383e-01 4.026180505752563477e-02 -1.655570268630981445e-01
-9.892811775207519531e-01 1.371570348739624023e+00 4.158985614776611328e-01 -7.370212674140930176e-01 -2.096547037363052368e-01
-7.889037132263183594e-01 -2.407792806625366211e-01 9.107024967670440674e-02 -6.250656247138977051e-01 4.600515961647033691e-01
7.868647575378417969e-02 -4.141205549240112305e-01 3.336469531059265137e-01 -1.813170671463012695e+00 6.690872311592102051e-01
6.573874503374099731e-02 -7.574329972267150879e-01 7.201775908470153809e-01 7.115042209625244141e-01 1.175435304641723633e+00
-1.115380451083183289e-01 2.726743817329406738e-01 7.949003577232360840e-01 2.677016854286193848e-01 -1.247043386101722717e-01
1.372556209564208984e+00 -1.568269729614257812e+00 -2.911593019962310791e-01 9.658293128013610840e-01 -1.936620622873306274e-01
4.116498231887817383e-01 -7.101672887802124023e-02 1.431441903114318848e+00 4.085279405117034912e-01 -7.117416262626647949e-01
5.454483628273010254e-01 3.368872404098510742e-01 -1.077042341232299805e+00 -1.016101956367492676e+00 3.662898838520050049e-01
-9.324213266372680664e-01 -4.078925549983978271e-01 -7.864129543304443359e-01 -1.180523931980133057e-01 -3.617348670959472656e-01
3.952303230762481689e-01 -2.507677078247070312e-01 -6.740941405296325684e-01 1.575948476791381836e+00 -9.511023014783859253e-02
4.687767941504716873e-03 4.403558373451232910e-01 6.719790697097778320e-01 -7.598911523818969727e-01 -7.922338247299194336e-01
2.243226626887917519e-04 4.719353616237640381e-01 6.510878801345825195e-01 -7.567709088325500488e-01 -8.080767989158630371e-01
-4.019575566053390503e-02 1.085217595100402832e+00 2.582589387893676758e-01 -6.776496767997741699e-01 -1.118400096893310547e+00
2.443455010652542114e-01 1.610425114631652832e-01 7.692306041717529297e-01 -1.010440468788146973e+00 -6.750238537788391113e-01
2.406341582536697388e-01 2.239672988653182983e-01 7.335627675056457520e-01 -1.001697063446044922e+00 -7.068822383880615234e-01
-1.794652640819549561e-01 2.831791341304779053e-02 1.318109035491943359e+00 -1.056109070777893066e+00 -3.100622892379760742e-01
-1.396392136812210083e-01 7.611956596374511719e-01 8.125923275947570801e-01 -1.018406867980957031e+00 -7.096788287162780762e-01
-5.871098637580871582e-01 8.900796622037887573e-02 1.490145564079284668e+00 -7.629958540201187134e-02 -9.431937932968139648e-01
1.669550538063049316e-01 1.283019781112670898e-01 1.474726438522338867e+00 -3.013836145401000977e-01 -1.513831496238708496e+00
2.548140525817871094e+00 -5.177713036537170410e-01 8.128416538238525391e-01 -8.378965258598327637e-01 3.463744819164276123e-01
1.407776236534118652e+00 -9.404197931289672852e-01 2.218061387538909912e-01 -9.265282750129699707e-02 3.291680812835693359e-01
1.844294369220733643e-01 4.419913291931152344e-01 1.015507578849792480e+00 -1.642042517662048340e+00 -3.367170393466949463e-01
-8.994431495666503906e-01 7.221961021423339844e-01 1.137853622436523438e+00 -1.035100102424621582e+00 -1.190915796905755997e-02
4.813393056392669678e-01 -7.251917719841003418e-01 2.062618494033813477e+00 -8.839262127876281738e-01 -8.083232641220092773e-01
2.141162008047103882e-02 -1.283755004405975342e-01 1.667194843292236328e+00 -7.506169080734252930e-01 -7.303645014762878418e-01
2.910959906876087189e-02 -4.849596023559570312e-01 1.921952486038208008e+00 -1.738664150238037109e+00 4.441534280776977539e-01
-5.419348552823066711e-02 1.011404633522033691e+00 9.537754654884338379e-01 -1.540941953659057617e+00 -3.129898905754089355e-01
3.126082569360733032e-02 1.070706605911254883e+00 1.149612218141555786e-01 -6.319823861122131348e-01 -1.146468758583068848e+00
-6.610729098320007324e-01 2.412141859531402588e-01 6.694468855857849121e-01 -4.583945572376251221e-01 -2.440923452377319336e-01
8.621320724487304688e-01 5.979181528091430664e-01 1.030689954757690430e+00 -2.223283290863037109e+00 -4.437167644500732422e-01
-6.832265853881835938e-01 8.916645050048828125e-01 5.829389095306396484e-01 -1.529258251190185547e+00 1.643036454916000366e-01
-5.755234360694885254e-01 2.494143135845661163e-02 1.283041238784790039e+00 -1.620839118957519531e+00 8.899890184402465820e-01
-5.631379485130310059e-01 -8.019145727157592773e-01 5.894119143486022949e-01 -3.821558952331542969e-01 2.634641528129577637e-01
-4.858035445213317871e-01 1.101184964179992676e+00 -6.345940828323364258e-01 -1.371242944151163101e-02 -9.939990043640136719e-01
4.545751810073852539e-01 1.237164378166198730e+00 -3.505621850490570068e-01 -6.723917722702026367e-01 -1.173851966857910156e+00
-1.494273662567138672e+00 1.416681110858917236e-01 1.123081326484680176e+00 -9.552062749862670898e-01 1.083434462547302246e+00
-7.102969884872436523e-01 1.235153675079345703e+00 3.365054726600646973e-01 -5.913646817207336426e-01 -6.523548960685729980e-01
-8.502896875143051147e-02 -2.583657801151275635e-01 1.308285236358642578e+00 -8.914399147033691406e-01 -3.198550641536712646e-01
3.170320689678192139e-01 1.211532950401306152e+00 1.519792914390563965e+00 -7.908477187156677246e-01 -2.030924111604690552e-01
4.028335679322481155e-03 -3.454476594924926758e-01 3.964329361915588379e-01 -1.029546499252319336e+00 5.748981833457946777e-01
-3.470698297023773193e-01 -1.331977844238281250e-01 7.391493916511535645e-01 -2.155835926532745361e-01 -1.795825920999050140e-02
6.799483299255371094e-01 1.662280082702636719e+00 8.084273934364318848e-01 -1.586389183998107910e+00 1.156896829605102539e+00
5.463259816169738770e-01 -5.591970086097717285e-01 9.000849723815917969e-01 -9.407408833503723145e-01 -5.937972068786621094e-01
6.163793802261352539e-01 1.043644547462463379e-01 5.051611065864562988e-01 -9.395299553871154785e-01 -8.503169417381286621e-01
7.348914742469787598e-01 -3.546604514122009277e-01 1.046282410621643066e+00 -5.993154644966125488e-01 -1.067444682121276855e+00
-2.333352565765380859e-01 8.060827255249023438e-01 3.402249217033386230e-01 -8.551077544689178467e-02 -1.110915780067443848e+00
-1.092992257326841354e-02 -5.470842719078063965e-01 1.114765524864196777e+00 -9.449965953826904297e-01 -3.058930635452270508e-01
7.699567079544067383e-02 2.913449704647064209e-01 5.599456429481506348e-01 -1.336465835571289062e+00 -3.739243745803833008e-01
8.994111418724060059e-01 -7.474383711814880371e-01 -2.802436053752899170e-01 -1.310641765594482422e+00 1.297109276056289673e-01
-7.556462883949279785e-01 -9.159314632415771484e-01 -1.850472018122673035e-02 3.498727977275848389e-01 4.504545032978057861e-01
-4.494813084602355957e-01 -9.601647257804870605e-01 1.330531597137451172e+00 -3.584701716899871826e-01 -6.239830255508422852e-01
3.354506194591522217e-01 -1.005425691604614258e+00 1.406188011169433594e+00 -2.737469077110290527e-01 -1.433943629264831543e+00
1.011683139950037003e-02 -1.603682935237884521e-01 2.616118192672729492e+00 -1.097610116004943848e+00 -7.202428579330444336e-01
-2.840619981288909912e-01 1.129250526428222656e+00 1.772607803344726562e+00 -8.938705921173095703e-01 -1.206154227256774902e+00
1.514022946357727051e-01 -2.114330083131790161e-01 1.190649986267089844e+00 -1.035051584243774414e+00 -3.922533094882965088e-01
1.373275518417358398e-01 3.776261508464813232e-01 8.099291324615478516e-01 -9.550899267196655273e-01 -7.094627618789672852e-01
5.591092109680175781e-01 -3.279720544815063477e-01 1.040577411651611328e+00 -9.050054550170898438e-01 -8.283522725105285645e-01
4.849082827568054199e-01 -1.098422706127166748e-01 9.046292304992675781e-01 -7.928046584129333496e-01 -9.378373622894287109e-01
4.990150779485702515e-02 1.049888968467712402e+00 6.401451826095581055e-01 -1.179989695549011230e+00 -9.642032384872436523e-01
1.710796803236007690e-01 5.509035587310791016e-01 9.798375964164733887e-01 -1.049818396568298340e+00 -9.134230017662048340e-01
-3.024353832006454468e-02 -7.186803221702575684e-02 1.589777350425720215e+00 -2.458098649978637695e+00 3.199772536754608154e-01
-2.370264194905757904e-02 1.401380896568298340e+00 -3.938580453395843506e-01 -1.009208321571350098e+00 -8.000552058219909668e-01
7.916357368230819702e-02 2.741193771362304688e-01 3.346229791641235352e-01 -1.172738313674926758e+00 -2.351609617471694946e-01
7.381343841552734375e-01 -1.015005826950073242e+00 8.148622512817382812e-01 -3.267463445663452148e-01 -8.715961575508117676e-01
2.557885646820068359e-01 2.694723382592201233e-02 1.723731011152267456e-01 -5.189101025462150574e-02 -1.125012874603271484e+00
-6.666039228439331055e-01 1.755082249641418457e+00 5.999656915664672852e-01 -1.682224631309509277e+00 -2.002546377480030060e-02
1.596807003021240234e+00 8.565781638026237488e-03 1.914221197366714478e-01 -1.375516414642333984e+00 -7.452484965324401855e-01
1.168689489364624023e+00 6.024926900863647461e-02 1.802940487861633301e+00 -7.843695282936096191e-01 -1.728905797004699707e+00
-1.259655714035034180e+00 3.015933334827423096e-01 8.032776713371276855e-01 9.848671555519104004e-01 -4.967509508132934570e-01
-1.617286950349807739e-01 5.934789180755615234e-01 4.415964186191558838e-01 -3.305934667587280273e-01 -9.673854708671569824e-01
-4.662285149097442627e-01 -3.779148459434509277e-01 2.299041986465454102e+00 -9.533626437187194824e-01 -4.647525772452354431e-02
-1.922334581613540649e-01 8.112265169620513916e-02 2.090464115142822266e+00 -8.115111589431762695e-01 -6.602786183357238770e-01
-4.213455915451049805e-01 -4.550907015800476074e-01 2.386510610580444336e+00 -9.672423601150512695e-01 -5.003222823143005371e-02
-2.680108249187469482e-01 -5.155239701271057129e-01 3.822500407695770264e-01 -1.519804954528808594e+00 2.934168279170989990e-01
-1.356305718421936035e+00 4.791623726487159729e-02 5.195590853691101074e-01 -1.255939722061157227e+00 9.407231807708740234e-01
-5.020744800567626953e-01 -1.869817078113555908e-01 8.060906827449798584e-02 -5.516573786735534668e-01 1.595354825258255005e-01
-2.936374545097351074e-01 5.772354006767272949e-01 1.015087962150573730e-01 -6.442373991012573242e-01 -3.914004564285278320e-01
-3.796577155590057373e-01 1.379322767257690430e+00 7.964729070663452148e-01 -3.515010178089141846e-01 -1.429548978805541992e+00
-1.871755719184875488e-01 -1.138588666915893555e+00 2.318065166473388672e+00 -7.153139114379882812e-01 -1.165925711393356323e-01
-5.519403219223022461e-01 5.600275397300720215e-01 1.139391779899597168e+00 -5.716346502304077148e-01 -6.347189545631408691e-01
-9.658637642860412598e-01 1.225418090820312500e+00 -7.403677701950073242e-02 -8.306365013122558594e-01 1.207760944962501526e-01
-2.533880807459354401e-02 3.544043898582458496e-01 2.806381583213806152e-01 -3.271194398403167725e-01 -8.927236199378967285e-01
-4.721300303936004639e-02 6.543260812759399414e-01 -2.679932713508605957e-01 8.314951509237289429e-02 -1.158495903015136719e+00
-7.852028310298919678e-02 -4.560085833072662354e-01 4.413518011569976807e-01 -2.516580745577812195e-02 -5.221857428550720215e-01
2.531113624572753906e-01 7.766781002283096313e-02 1.182642936706542969e+00 -5.201313644647598267e-02 -1.385614514350891113e+00
-5.124350786209106445e-01 -4.655717611312866211e-01 8.504658937454223633e-01 1.437049708329141140e-03 -2.423041462898254395e-01
-8.350862562656402588e-02 -6.389337182044982910e-01 -5.158673971891403198e-02 5.037315487861633301e-01 -6.599932909011840820e-01
-1.281868577003479004e+00 -3.350276052951812744e-01 2.105486989021301270e-01 -6.946748495101928711e-01 1.350415349006652832e+00
-2.043564468622207642e-01 5.081489086151123047e-01 8.022690415382385254e-01 -6.497431397438049316e-01 -7.074083089828491211e-01
4.512066766619682312e-02 1.409369230270385742e+00 2.240013629198074341e-01 -5.623558163642883301e-01 -1.429355859756469727e+00
3.408065438270568848e-01 -4.381499886512756348e-01 1.672417223453521729e-01 -1.592420041561126709e-01 -9.344225525856018066e-01
-7.756624817848205566e-01 6.377723813056945801e-01 5.481627583503723145e-01 -6.015534400939941406e-01 -7.340625673532485962e-02
-7.905110120773315430e-01 -1.199344754219055176e+00 2.081819325685501099e-01 -5.862483382225036621e-01 1.261698484420776367e+00
1.589745879173278809e-01 -3.730086088180541992e-01 4.957709312438964844e-01 2.829036116600036621e-01 9.972640872001647949e-01
-3.334813416004180908e-01 9.673896431922912598e-01 1.001299738883972168e+00 8.129735589027404785e-01 1.559158265590667725e-01
-1.067851930856704712e-01 2.072449177503585815e-01 2.204948216676712036e-01 5.971197485923767090e-01 4.161256849765777588e-01
-1.513583958148956299e-01 -3.376767933368682861e-01 8.060270547866821289e-01 -1.756150722503662109e-01 -1.600302934646606445e+00
-8.177040815353393555e-01 2.206962585449218750e+00 -9.892684817314147949e-01 -4.803759157657623291e-01 1.434991598129272461e+00
-1.945852041244506836e+00 1.824701309204101562e+00 -1.087636947631835938e-01 1.165699243545532227e+00 -1.126027703285217285e+00
-5.655501484870910645e-01 1.341589212417602539e+00 1.069715172052383423e-01 -5.106436610221862793e-01 -7.341297268867492676e-01
-4.331066012382507324e-01 -2.207379341125488281e-01 1.782553829252719879e-02 -8.452940732240676880e-03 -1.895820051431655884e-01
1.271917223930358887e-01 -5.635658502578735352e-01 1.781397163867950439e-01 -1.200925350189208984e+00 4.082092344760894775e-01
-4.665384590625762939e-01 5.105461478233337402e-01 8.184285759925842285e-01 -3.205300271511077881e-01 -7.124446034431457520e-01
-3.746183812618255615e-01 1.635534644126892090e+00 -9.378420114517211914e-01 -7.219300270080566406e-01 -2.030149661004543304e-02
1.196608662605285645e+00 1.532251000404357910e+00 7.758711576461791992e-01 1.582899093627929688e-01 2.869725823402404785e-01
-2.018938779830932617e+00 1.366542458534240723e+00 1.511636674404144287e-01 1.228062987327575684e+00 -8.961808681488037109e-01
-1.026638269424438477e+00 -1.539917886257171631e-01 4.082831442356109619e-01 -4.915085136890411377e-01 1.045205354690551758e+00
3.091747760772705078e-01 5.998918786644935608e-03 4.007781744003295898e-01 -7.526170611381530762e-01 -5.632180571556091309e-01
7.625375390052795410e-01 -3.997170031070709229e-01 -9.059138894081115723e-01 -4.305151104927062988e-01 1.942024827003479004e-01
2.567209899425506592e-01 -1.524059653282165527e+00 -1.223101392388343811e-01 6.776260584592819214e-02 -6.880029439926147461e-01
-2.022465705871582031e+00 5.125021934509277344e-01 8.797256350517272949e-01 1.317393183708190918e+00 -6.649470925331115723e-01
-2.126462697982788086e+00 1.567581295967102051e+00 1.880457699298858643e-01 1.413386344909667969e+00 -1.129152894020080566e+00
-7.930344343185424805e-02 8.404902815818786621e-01 9.832078814506530762e-01 3.121584355831146240e-01 5.583658814430236816e-01
3.444933891296386719e-01 -2.133332639932632446e-01 5.496028661727905273e-01 -4.366279542446136475e-01 -1.889847368001937866e-01
-1.280647277832031250e+00 3.937461599707603455e-02 2.194478511810302734e-01 -6.149590611457824707e-01 9.539821147918701172e-01
-4.023034274578094482e-01 7.014929652214050293e-01 -3.932322263717651367e-01 -8.429092168807983398e-02 -4.752198457717895508e-01
2.559519410133361816e-01 -7.248449921607971191e-01 -1.127662301063537598e+00 2.509191930294036865e-01 5.991931557655334473e-01
4.935875535011291504e-01 2.200551182031631470e-01 -7.410240173339843750e-01 -9.339355230331420898e-01 -8.762922286987304688e-01
1.556261181831359863e-01 -4.889771044254302979e-01 2.197164058685302734e+00 -8.772647380828857422e-01 -7.350504398345947266e-01
-3.191469982266426086e-02 2.379318326711654663e-01 1.724534511566162109e+00 -7.467768788337707520e-01 -9.851426482200622559e-01
-1.215485572814941406e+00 8.449992537498474121e-01 1.081463217735290527e+00 1.501586940139532089e-02 -9.248895645141601562e-01
-8.941798210144042969e-01 -2.447613924741744995e-01 1.767379522323608398e+00 9.109432995319366455e-02 -7.777386903762817383e-01
1.025051951408386230e+00 -2.284054040908813477e+00 9.797655344009399414e-01 -6.223596334457397461e-01 8.748099207878112793e-01
-4.694484174251556396e-01 -9.194913506507873535e-01 5.096201300621032715e-01 2.621004581451416016e-01 -9.960117340087890625e-01
-4.952586889266967773e-01 1.006490215659141541e-01 1.960586547851562500e+00 -5.815106630325317383e-01 -7.076455354690551758e-01
7.244442403316497803e-02 9.742058813571929932e-02 2.008486509323120117e+00 -5.577953457832336426e-01 -1.286270976066589355e+00
7.611221075057983398e-02 3.094757199287414551e-01 1.592164635658264160e+00 -1.093893527984619141e+00 -7.339348793029785156e-01
3.282799422740936279e-01 2.494087964296340942e-01 1.638355612754821777e+00 -1.140958189964294434e+00 -9.000502228736877441e-01
-1.034623026847839355e+00 2.158635109663009644e-01 2.658415436744689941e-01 6.529157161712646484e-01 -7.568053901195526123e-02
-7.180687189102172852e-01 3.129751607775688171e-02 -3.924959897994995117e-01 -6.477250456809997559e-01 -3.159773647785186768e-01
-1.665173918008804321e-01 1.221597194671630859e+00 7.817627787590026855e-01 -5.565045475959777832e-01 -1.286283254623413086e+00
-6.795952320098876953e-01 4.665807187557220459e-01 1.673451423645019531e+00 -2.219557017087936401e-01 -8.814318180084228516e-01
2.348512172698974609e+00 6.164181828498840332e-01 5.075655579566955566e-01 -1.963414669036865234e+00 -1.015991091728210449e+00
4.357400238513946533e-01 6.121574640274047852e-01 -7.944081723690032959e-02 -1.430914163589477539e+00 3.229307830333709717e-01
9.587399363517761230e-01 -7.427080869674682617e-01 -5.171331167221069336e-01 -3.878545463085174561e-01 -2.630880773067474365e-01
-1.040911197662353516e+00 -2.826547026634216309e-01 1.930327177047729492e+00 6.904216408729553223e-01 -6.178997159004211426e-01
-1.239795684814453125e+00 3.941089510917663574e-01 7.239874452352523804e-02 1.479768007993698120e-01 -5.969506502151489258e-01
-7.600070834159851074e-01 -1.408103555440902710e-01 5.058902502059936523e-01 -7.762579321861267090e-01 4.495411515235900879e-01
-6.925172358751296997e-02 -8.932496905326843262e-01 -1.399971842765808105e+00 -1.508277416229248047e+00 1.576067805290222168e+00
1.410991251468658447e-01 -6.234333515167236328e-01 -1.829618215560913086e+00 -1.688809037208557129e+00 1.472506284713745117e+00
-3.842748403549194336e-01 9.257872700691223145e-01 1.238751888275146484e+00 1.443527340888977051e-01 -2.197003662586212158e-01
7.660837769508361816e-01 -4.072925150394439697e-01 -1.177951216697692871e+00 8.868601918220520020e-01 1.265506505966186523e+00
-3.976652324199676514e-01 9.681619405746459961e-01 -6.799901127815246582e-01 1.782841563224792480e+00 5.815141275525093079e-02
-1.520375758409500122e-01 9.931544959545135498e-02 -1.850169181823730469e+00 7.566983103752136230e-01 -5.006036758422851562e-01
-2.187813073396682739e-02 -6.290786862373352051e-01 -8.782554864883422852e-01 -1.124724984169006348e+00 7.889842987060546875e-01
3.881131112575531006e-01 1.839643120765686035e-01 -1.841108500957489014e-01 -4.987626671791076660e-01 -5.352892279624938965e-01
-4.005202651023864746e-02 -7.987776994705200195e-01 -5.400341153144836426e-01 -2.027484327554702759e-01 -2.897356152534484863e-01
-1.056799888610839844e+00 -9.282190203666687012e-01 -1.517027497291564941e+00 -1.216971635818481445e+00 2.164010524749755859e+00
-4.110633730888366699e-01 -5.862705707550048828e-01 -2.130011081695556641e+00 -9.897479414939880371e-01 1.434817075729370117e+00
-6.710792779922485352e-01 -1.864481210708618164e+00 -1.344829201698303223e+00 -5.421452522277832031e-01 1.953338980674743652e+00
-1.690936684608459473e-01 4.148785471916198730e-01 -1.973567605018615723e+00 -1.109849572181701660e+00 5.258494615554809570e-01
1.144366264343261719e+00 1.212476015090942383e+00 -1.367340087890625000e+00 -9.265191555023193359e-01 -4.370898306369781494e-01
1.388774156570434570e+00 9.042298793792724609e-01 4.981167614459991455e-01 -8.889505267143249512e-01 -4.656849429011344910e-02
-3.467164933681488037e-02 -2.079162746667861938e-01 -3.721962869167327881e-01 -4.110383093357086182e-01 3.692991435527801514e-01
4.516059756278991699e-01 9.063924551010131836e-01 -2.624467909336090088e-01 -4.373124539852142334e-01 -1.214475750923156738e+00
1.386303782463073730e+00 -8.588116168975830078e-01 7.320824861526489258e-01 -3.999526798725128174e-01 7.192174792289733887e-01
2.916440367698669434e-01 -1.084028929471969604e-01 1.011447682976722717e-01 4.941461682319641113e-01 -8.957420587539672852e-01
-1.397968769073486328e+00 2.247640490531921387e-02 1.136672645807266235e-01 -5.876951217651367188e-01 -1.976567357778549194e-01
2.590105235576629639e-01 -8.658311367034912109e-01 4.169442057609558105e-01 8.117847442626953125e-01 1.087661385536193848e+00
-6.332278847694396973e-01 -5.618062615394592285e-02 -1.106668040156364441e-01 4.530906677246093750e-01 4.054056406021118164e-01
-1.316956400871276855e+00 2.268108129501342773e-01 -2.098957449197769165e-02 -1.995117664337158203e-01 8.984677791595458984e-01
4.799898564815521240e-01 3.968917131423950195e-01 -4.313644766807556152e-01 5.910794734954833984e-01 -3.564491271972656250e-01
1.012809157371520996e+00 -9.294642210006713867e-01 1.843559741973876953e-02 -6.355368345975875854e-02 1.886375695466995239e-01
1.257074177265167236e-01 -6.609836816787719727e-01 -1.531903743743896484e+00 -2.192043662071228027e-01 3.464337289333343506e-01
-8.903519511222839355e-01 -1.191465258598327637e+00 3.699209392070770264e-01 -2.200819700956344604e-01 6.074368357658386230e-01
7.313695549964904785e-01 1.181375011801719666e-01 -2.256867736577987671e-01 5.760052800178527832e-01 -9.569797515869140625e-01
1.161761432886123657e-01 -9.726345539093017578e-01 -1.026403188705444336e+00 3.353247940540313721e-01 -4.987565577030181885e-01
-1.866872906684875488e+00 2.451969385147094727e-01 -6.880504488945007324e-01 -6.627302169799804688e-01 1.971405744552612305e+00
-1.688685894012451172e+00 -2.447910457849502563e-01 -2.130591869354248047e-01 8.739443123340606689e-02 1.328039526939392090e+00
2.429195940494537354e-01 1.290738582611083984e+00 -6.294071078300476074e-01 -4.123025573790073395e-03 -8.463350534439086914e-01
6.302969157695770264e-02 -4.097020626068115234e-01 5.665892362594604492e-01 -1.033291459083557129e+00 -5.488167330622673035e-02
1.279488921165466309e+00 6.294925808906555176e-01 -6.884624361991882324e-01 -1.456041187047958374e-01 4.412595182657241821e-02
-7.589720934629440308e-02 -3.037102520465850830e-01 -1.265065521001815796e-01 -8.366984128952026367e-01 3.041099011898040771e-01
3.962007462978363037e-01 -2.608166635036468506e-01 -5.541439652442932129e-01 1.329993605613708496e+00 -5.671501159667968750e-01
1.947421133518218994e-01 -8.081710338592529297e-01 4.192871227860450745e-02 -4.535593688488006592e-01 -1.703986078500747681e-01
-8.064690232276916504e-01 4.705520272254943848e-01 3.452519476413726807e-01 -8.431675434112548828e-01 2.411894351243972778e-01
-7.863150835037231445e-01 2.922445833683013916e-01 4.668191671371459961e-01 -8.696038722991943359e-01 3.264370560646057129e-01
3.775030001997947693e-02 -1.126660227775573730e+00 6.351441144943237305e-01 -1.430712044239044189e-01 -4.138561785221099854e-01
4.886753559112548828e-01 7.109677791595458984e-01 4.131989777088165283e-01 3.237874209880828857e-01 -4.856793284416198730e-01
-1.506579875946044922e+00 2.491004317998886108e-01 1.134339198470115662e-01 -1.475760102272033691e+00 -4.759383499622344971e-01
-2.873247563838958740e-01 8.727104067802429199e-01 -1.564084649085998535e+00 1.506784677505493164e+00 -6.617019176483154297e-01
2.415390498936176300e-02 -8.489814996719360352e-01 5.944858863949775696e-02 1.918384075164794922e+00 -4.496371150016784668e-01
-7.359595298767089844e-01 -7.863389328122138977e-03 -7.069681286811828613e-01 -5.974235534667968750e-01 9.789276123046875000e-01
-6.431405246257781982e-02 -3.237161338329315186e-01 1.069723814725875854e-01 -4.293650090694427490e-01 5.407433509826660156e-01
-3.652091026306152344e-01 -1.088165044784545898e+00 6.369869112968444824e-01 -2.576928213238716125e-02 -1.518588364124298096e-01
-3.550924062728881836e-01 -6.191651225090026855e-01 -1.259275823831558228e-01 2.903778254985809326e-01 -3.401805758476257324e-01
-1.084896177053451538e-01 8.512087911367416382e-02 1.486421465873718262e+00 1.590412974357604980e+00 -2.350927352905273438e+00
-1.882410049438476562e-01 -9.472737312316894531e-01 7.428753972053527832e-01 -2.312870770692825317e-01 -4.786131680011749268e-01
-4.214395880699157715e-01 -1.123025417327880859e+00 -8.052689582109451294e-02 1.475695848464965820e+00 -1.126051187515258789e+00
-4.466566741466522217e-01 9.527252316474914551e-01 1.842395812273025513e-01 2.975382804870605469e-01 -1.872621297836303711e+00
5.277388691902160645e-01 5.987938642501831055e-01 6.457704305648803711e-02 -1.036537624895572662e-02 4.685314893722534180e-01
-6.613663434982299805e-01 -8.489283919334411621e-01 -1.681923985481262207e+00 1.033079504966735840e+00 -3.163817524909973145e-01
-8.079991936683654785e-01 -7.668776065111160278e-02 -1.246335268020629883e+00 -1.657456308603286743e-01 -1.353321671485900879e-01
-6.552077531814575195e-01 4.635580182075500488e-01 -5.135447382926940918e-01 -1.041924834251403809e+00 9.844143688678741455e-02
7.179075479507446289e-01 -1.663908481597900391e+00 4.497976303100585938e-01 -4.948535561561584473e-01 -4.808263480663299561e-01
-3.577735722064971924e-01 -6.371977925300598145e-01 6.034780740737915039e-01 -3.989511728286743164e-01 -3.238176703453063965e-01
-4.201717376708984375e-01 -1.155211806297302246e+00 -4.236391484737396240e-01 7.168203592300415039e-02 1.379361450672149658e-01
-1.252457141876220703e+00 -4.836155176162719727e-01 -2.550359964370727539e-01 1.325193881988525391e+00 -2.323271781206130981e-01
-9.608369469642639160e-01 2.767842113971710205e-01 -4.936555325984954834e-01 -1.226181238889694214e-01 2.402091622352600098e-01
-5.670608282089233398e-01 9.041288495063781738e-01 3.056728243827819824e-01 -1.413020044565200806e-01 -8.638331890106201172e-01
7.376942038536071777e-01 7.692684978246688843e-02 4.611672163009643555e-01 -1.094908952713012695e+00 -8.900274634361267090e-01
-5.681191086769104004e-01 1.189513921737670898e+00 6.765834689140319824e-01 -5.430467724800109863e-01 -1.149339199066162109e+00
2.330408543348312378e-01 -8.860462903976440430e-01 1.241936013102531433e-01 -1.591761708259582520e+00 6.308583617210388184e-01
-7.946660518646240234e-01 8.646664619445800781e-01 2.372000068426132202e-01 -4.868921339511871338e-01 -7.665559649467468262e-01
-1.030097484588623047e+00 -4.717417657375335693e-01 3.887417614459991455e-01 5.613077282905578613e-01 -6.315638870000839233e-02
-6.512879580259323120e-02 -1.861833333969116211e-01 -1.369671523571014404e-01 1.795497536659240723e+00 -1.656713128089904785e+00
4.088923931121826172e-01 2.597445249557495117e-01 -6.474430561065673828e-01 -9.504666328430175781e-01 -3.468468785285949707e-01
-4.014065563678741455e-01 -7.893560528755187988e-01 1.260598897933959961e-01 1.311951398849487305e+00 -8.331117630004882812e-01
1.500140726566314697e-01 -9.966255426406860352e-01 2.031976431608200073e-01 -8.579038381576538086e-01 -9.890224337577819824e-01
-1.226190552115440369e-01 -1.947916507720947266e+00 2.163074910640716553e-01 -2.675464451313018799e-01 6.096364855766296387e-01
2.528127431869506836e-01 -1.290836036205291748e-01 2.966810390353202820e-02 -1.346265435218811035e+00 -1.201295182108879089e-01
1.373667269945144653e-01 2.713690698146820068e-01 -9.525400400161743164e-01 -4.945233166217803955e-01 -6.384082604199647903e-03
7.478179335594177246e-01 6.169792264699935913e-02 -1.601766109466552734e+00 -9.946056008338928223e-01 1.489048302173614502e-01
-7.130283713340759277e-01 -1.122313380241394043e+00 5.423296689987182617e-01 -1.383148133754730225e-01 2.135019898414611816e-01
-3.761074542999267578e-01 -5.243747830390930176e-01 -3.510711789131164551e-01 -5.809607505798339844e-01 1.298321485519409180e-01
-1.768258094787597656e+00 -5.884701013565063477e-01 -1.009237647056579590e+00 -2.943870425224304199e-01 1.559720396995544434e+00
1.172981977462768555e+00 -1.610852360725402832e+00 -1.181047797203063965e+00 1.361564099788665771e-01 4.727282226085662842e-01
-3.923732042312622070e-01 2.408761084079742432e-01 -3.818692266941070557e-01 -3.548870682716369629e-01 -7.021884620189666748e-02
-3.617362976074218750e-01 3.720091581344604492e-01 4.551090300083160400e-01 2.111543565988540649e-01 -7.312754634767770767e-03
-8.051530122756958008e-01 8.923169970512390137e-01 3.136990666389465332e-01 -1.026023268699645996e+00 1.404505670070648193e-01
-6.422843933105468750e-01 6.669394969940185547e-01 4.593891799449920654e-01 -1.084361910820007324e+00 1.408921778202056885e-01
8.233301043510437012e-01 3.017230927944183350e-01 8.929101824760437012e-01 -2.277916669845581055e+00 2.361600659787654877e-02
-4.028680324554443359e-01 1.290376305580139160e+00 2.400350868701934814e-01 -1.904407382011413574e+00 4.287058115005493164e-01
-3.122280240058898926e-01 1.566693931818008423e-01 -3.116314709186553955e-01 -5.042883157730102539e-01 -1.927185952663421631e-01
-3.702824115753173828e-01 -6.988396644592285156e-01 -1.852342039346694946e-01 -9.455974102020263672e-01 7.418578863143920898e-01
-8.735051155090332031e-01 -4.649054706096649170e-01 -6.662943363189697266e-01 -5.164729952812194824e-01 7.654082179069519043e-01
-6.563545763492584229e-02 4.009696841239929199e-01 -3.286714255809783936e-01 -1.160045981407165527e+00 -4.187260568141937256e-01
-5.838884711265563965e-01 9.474745392799377441e-02 5.024703145027160645e-01 -1.137647628784179688e+00 4.338097274303436279e-01
-6.877772808074951172e-01 7.053043693304061890e-02 5.213871598243713379e-01 -1.114035964012145996e+00 5.151445865631103516e-01
-4.230796098709106445e-01 5.796955823898315430e-01 1.979554057121276855e+00 -6.562610864639282227e-01 -5.891456007957458496e-01
-3.952752947807312012e-01 3.514739274978637695e-01 2.064520120620727539e+00 -6.691866517066955566e-01 -5.260257124900817871e-01
-2.605931758880615234e-01 1.579930931329727173e-01 -8.391674607992172241e-02 -1.218491435050964355e+00 -2.547198235988616943e-01
-1.720900386571884155e-01 -4.664068520069122314e-01 -8.489265292882919312e-02 -5.975587964057922363e-01 -2.093548476696014404e-01
-2.769559621810913086e-01 4.191853106021881104e-01 3.601364791393280029e-01 -1.264812469482421875e+00 8.491297811269760132e-02
-2.781950235366821289e-01 7.778251767158508301e-01 5.887444019317626953e-01 -8.489454984664916992e-01 -5.919006466865539551e-01
-9.318296909332275391e-01 3.542528748512268066e-01 8.916978538036346436e-02 -4.694174230098724365e-01 1.466522365808486938e-01
-5.337646603584289551e-01 -1.899410486221313477e-01 -1.097888112068176270e+00 2.137691527605056763e-01 1.174166500568389893e-01
4.657950401306152344e-01 9.232254624366760254e-01 1.876536160707473755e-01 -8.260163664817810059e-01 -1.684953451156616211e+00
-3.133291304111480713e-01 -1.055175438523292542e-01 -4.938865900039672852e-01 -3.054730296134948730e-01 -1.582838296890258789e-01
-1.504494905471801758e+00 2.259682863950729370e-01 3.754783570766448975e-01 1.309804618358612061e-01 -4.706518948078155518e-01
-1.075715422630310059e+00 -1.391074433922767639e-02 -2.373575419187545776e-02 6.783275604248046875e-01 -4.948140382766723633e-01
-4.111797213554382324e-01 3.649978935718536377e-01 -8.136930875480175018e-03 3.067994415760040283e-01 8.334539830684661865e-02
3.975928425788879395e-01 -1.629468441009521484e+00 -6.920928359031677246e-01 2.155379205942153931e-01 6.204540729522705078e-01
5.736891031265258789e-01 -9.167381525039672852e-01 6.806644797325134277e-01 -2.029683738946914673e-01 -5.601724386215209961e-01
-2.606782019138336182e-01 1.052559375762939453e+00 5.879504084587097168e-01 1.010616302490234375e+00 3.507989943027496338e-01
-6.348623633384704590e-01 -7.741761207580566406e-01 -8.153862357139587402e-01 1.482695937156677246e+00 -7.891020178794860840e-01
-6.794595122337341309e-01 -9.309294223785400391e-01 -9.055270552635192871e-01 1.369557023048400879e+00 -4.996814429759979248e-01
2.539205849170684814e-01 -7.571957111358642578e-01 1.339704871177673340e+00 3.237003684043884277e-01 -1.108096361160278320e+00
-1.410734295845031738e+00 8.468940258026123047e-01 1.512091141194105148e-02 -2.647218108177185059e-01 3.380810022354125977e-01
4.307147115468978882e-02 -9.658218026161193848e-01 1.461837291717529297e+00 -8.353005051612854004e-01 -2.287018448114395142e-01
4.403627812862396240e-01 8.554835617542266846e-02 9.278412461280822754e-01 -4.584954082965850830e-01 -1.462373137474060059e+00
-1.210036396980285645e+00 6.637683510780334473e-01 9.201446175575256348e-01 3.749656081199645996e-01 -8.872767090797424316e-01
-1.163620948791503906e+00 1.362634420394897461e+00 -1.012131810188293457e+00 -2.189604341983795166e-01 -2.941523194313049316e-01
-1.529408097267150879e+00 7.383210062980651855e-01 1.705811619758605957e-01 1.416386663913726807e-01 -1.665725558996200562e-01
-1.378170609474182129e+00 4.733623564243316650e-01 6.863079071044921875e-01 -4.116650521755218506e-01 3.481579720973968506e-01
-5.480877161026000977e-01 -3.485206514596939087e-02 -1.111240267753601074e+00 -9.202398657798767090e-01 1.018516302108764648e+00
-1.312339901924133301e+00 6.348206400871276855e-01 -2.903342247009277344e-01 -3.501504659652709961e-01 2.163194715976715088e-01
-1.622885018587112427e-01 7.521415948867797852e-01 -2.715189009904861450e-03 -3.844367563724517822e-01 -8.190973997116088867e-01
-6.004804372787475586e-01 -7.227732539176940918e-01 7.468814849853515625e-01 2.255795598030090332e-01 -5.668957158923149109e-02
1.384189844131469727e+00 -9.730731844902038574e-01 9.074636697769165039e-01 -4.798147678375244141e-01 1.186658889055252075e-01
2.356880754232406616e-01 -3.788769841194152832e-01 1.260624676942825317e-01 -6.460654735565185547e-02 -5.915189385414123535e-01
-5.014783143997192383e-01 -1.268145292997360229e-01 1.197082996368408203e+00 -4.959386587142944336e-01 -3.340243995189666748e-01
6.198732852935791016e-01 1.350978851318359375e+00 3.935252428054809570e-01 -7.290235161781311035e-01 -1.967535495758056641e+00
-6.406096220016479492e-01 -5.424907803535461426e-01 1.054286837577819824e+00 -1.640754461288452148e+00 1.173147559165954590e+00
-3.903273642063140869e-01 -4.021765291690826416e-02 2.583945095539093018e-01 -4.981510639190673828e-01 -1.856180280447006226e-01
-1.497372865676879883e+00 6.734307408332824707e-01 2.252650558948516846e-01 8.177977800369262695e-01 -7.276281714439392090e-01
-5.207238197326660156e-01 -6.244804263114929199e-01 7.664428353309631348e-01 -3.979786038398742676e-01 2.452183961868286133e-01
-7.243589758872985840e-01 6.929311752319335938e-01 -9.249421209096908569e-02 -9.742196798324584961e-01 3.133280873298645020e-01
-1.392172455787658691e+00 1.604999899864196777e+00 -5.789538025856018066e-01 3.856435120105743408e-01 -1.072891712188720703e+00
-5.328556299209594727e-01 3.231197968125343323e-02 1.067514419555664062e+00 4.548247754573822021e-01 -1.223048806190490723e+00
1.232238411903381348e+00 -7.712081540375947952e-03 -5.327921733260154724e-02 -7.428958415985107422e-01 -1.577283382415771484e+00
-7.795410752296447754e-01 -1.132769107818603516e+00 1.533582210540771484e+00 3.898908197879791260e-01 -3.879989981651306152e-01
-3.908336460590362549e-01 6.516277790069580078e-01 5.059126019477844238e-01 -1.856211781501770020e+00 -4.406611025333404541e-01
-1.604899205267429352e-02 -1.241058230400085449e+00 9.775000810623168945e-02 -8.335126042366027832e-01 5.340201854705810547e-01
3.413398563861846924e-01 -5.580358505249023438e-01 5.748998522758483887e-01 -1.166317835450172424e-01 -7.787917256355285645e-01
7.694273442029953003e-02 1.238956093788146973e+00 1.300003528594970703e+00 -2.271357297897338867e+00 3.593146204948425293e-01
3.486205041408538818e-01 -1.915897607803344727e+00 1.505894422531127930e+00 -6.774531304836273193e-02 -5.696673393249511719e-01
-4.032253026962280273e-01 -5.889278054237365723e-01 8.498559594154357910e-01 -3.075522780418395996e-01 -3.689693212509155273e-01
-7.636938095092773438e-01 8.538653850555419922e-01 -7.577727437019348145e-01 4.448431730270385742e-01 -7.651018500328063965e-01
-8.634345531463623047e-01 -7.385028600692749023e-01 -4.553408324718475342e-01 -3.173687756061553955e-01 3.386433720588684082e-01
5.893133953213691711e-02 -9.755200892686843872e-02 4.952645301818847656e-01 4.336012303829193115e-01 -1.496448636054992676e+00
1.234278321266174316e+00 1.055346250534057617e+00 3.487200736999511719e-01 -5.460784435272216797e-01 -1.648217141628265381e-01
5.437980294227600098e-01 7.818251252174377441e-01 -2.661481797695159912e-01 -2.165639214217662811e-02 -2.054777145385742188e+00
-4.258251786231994629e-01 -6.344321966171264648e-01 1.186418414115905762e+00 -6.541828513145446777e-01 -1.233381852507591248e-01
-2.532752454280853271e-01 -3.089761435985565186e-01 -1.722154974937438965e+00 1.226871967315673828e+00 1.241770744323730469e+00
2.035530358552932739e-01 -2.128668785095214844e+00 -7.577912211418151855e-01 -8.620139956474304199e-01 -1.166429877281188965e+00
-1.038763761520385742e+00 -1.298060268163681030e-01 1.039648532867431641e+00 -3.688213974237442017e-02 -3.140044510364532471e-01
-1.040442705154418945e+00 2.339520901441574097e-01 4.326739162206649780e-02 4.029186815023422241e-02 -2.407222241163253784e-01
-3.512033820152282715e-01 -3.765872120857238770e-02 1.565952748060226440e-01 -8.441122770309448242e-01 1.591842472553253174e-01
-4.698254540562629700e-02 -1.869827508926391602e-01 1.509794145822525024e-01 -1.031412243843078613e+00 2.201279699802398682e-01
3.837796747684478760e-01 -1.115295767784118652e+00 7.319424748420715332e-01 -1.756451964378356934e+00 4.018738865852355957e-01
-1.058337371796369553e-02 9.720555543899536133e-01 2.544300258159637451e-01 2.368102818727493286e-01 7.090673446655273438e-01
-3.856185078620910645e-01 9.433110356330871582e-01 -3.133552372455596924e-01 -7.373437285423278809e-01 -2.901805043220520020e-01
4.739839434623718262e-01 1.427028298377990723e+00 -1.390076875686645508e-01 7.904963195323944092e-02 -2.030813217163085938e+00
-8.109491467475891113e-01 3.799406886100769043e-01 6.980969905853271484e-01 -2.057791352272033691e-01 -1.693139821290969849e-01
-3.361930549144744873e-01 5.558314323425292969e-01 -3.197215795516967773e-01 -9.399603009223937988e-01 1.392651200294494629e-01
-2.307715862989425659e-01 5.566099286079406738e-01 -3.265159130096435547e-01 -9.604461193084716797e-01 5.751885473728179932e-02
1.689117550849914551e-01 -5.098755955696105957e-01 1.386129736900329590e+00 -6.623839139938354492e-01 -7.040219902992248535e-01
-5.022071003913879395e-01 -7.465722560882568359e-01 1.548617601394653320e+00 -5.199844241142272949e-01 -7.399784773588180542e-02
-8.778975605964660645e-01 5.911309719085693359e-01 3.391240537166595459e-01 -1.647630631923675537e-01 -3.655689954757690430e-01
-7.904866337776184082e-01 6.943770051002502441e-01 5.313541889190673828e-01 -1.191260814666748047e+00 3.172392025589942932e-02
3.394282162189483643e-01 -5.188935399055480957e-01 1.299552321434020996e+00 -1.571946501731872559e+00 -1.526395082473754883e-01
-2.228366613388061523e+00 2.355425506830215454e-01 1.607817530632019043e+00 1.135879755020141602e+00 -1.158965945243835449e+00
-8.190315365791320801e-01 6.193555593490600586e-01 -3.477742969989776611e-01 -8.911700248718261719e-01 -1.649048775434494019e-01
2.129597216844558716e-01 -1.398709058761596680e+00 6.800153255462646484e-01 -1.418841958045959473e+00 3.456290960311889648e-01
-8.044602274894714355e-01 -6.882687211036682129e-01 1.066735982894897461e+00 -1.078806281089782715e+00 3.092102110385894775e-01
-8.370375633239746094e-01 7.453054785728454590e-01 4.449197947978973389e-01 -1.421988844871520996e+00 3.280920982360839844e-01
1.379568457603454590e+00 -4.198611080646514893e-01 -1.018073439598083496e+00 1.458397805690765381e-01 -8.795416951179504395e-01
6.819108128547668457e-01 -1.050353765487670898e+00 -5.572172403335571289e-01 2.564617395401000977e-01 -7.288433611392974854e-02
1.964486241340637207e+00 -2.853291630744934082e-01 -4.759193658828735352e-01 -1.066343784332275391e+00 -3.490533828735351562e-01
6.206254363059997559e-01 -1.695538043975830078e+00 1.616741776466369629e+00 3.269429132342338562e-02 1.390879273414611816e+00
5.044341087341308594e-01 -2.967004179954528809e-01 -1.001004695892333984e+00 3.424034714698791504e-01 -3.041786849498748779e-01
8.961014151573181152e-01 -2.402167208492755890e-02 -3.617711365222930908e-01 1.714261621236801147e-01 -2.952218949794769287e-01
-6.335551142692565918e-01 8.507333695888519287e-03 8.972190618515014648e-01 2.082927376031875610e-01 3.488106727600097656e-01
1.081598281860351562e+00 4.332041442394256592e-01 -6.996991634368896484e-01 2.351632267236709595e-01 1.007140874862670898e+00
-7.655298709869384766e-01 1.125090271234512329e-01 9.476216435432434082e-01 -1.109785556793212891e+00 5.331966280937194824e-01
4.835716784000396729e-01 2.565387785434722900e-01 9.218629002571105957e-01 -7.942537665367126465e-01 -1.000267028808593750e+00
-7.300248146057128906e-01 -1.711619198322296143e-01 1.668208122253417969e+00 2.557865381240844727e-01 -1.455772161483764648e+00
-8.492130041122436523e-01 -4.392241239547729492e-01 -1.346872895956039429e-01 1.147185087203979492e+00 -5.883547067642211914e-01
5.401992797851562500e-01 -2.011837624013423920e-02 3.946584761142730713e-01 -1.601887583732604980e+00 -7.799149155616760254e-01
-7.656537890434265137e-01 9.806898832321166992e-01 2.763715982437133789e-01 -1.101430296897888184e+00 2.047298103570938110e-01
-6.845437884330749512e-01 -4.295280948281288147e-02 9.462617635726928711e-01 -1.245804309844970703e+00 7.010899186134338379e-01
-5.152677893638610840e-01 5.465819835662841797e-01 4.750263988971710205e-01 -1.158215045928955078e+00 2.534616887569427490e-01
-5.711821913719177246e-01 1.034214138984680176e+00 6.874127984046936035e-01 -1.255915641784667969e+00 -6.420993711799383163e-03
-7.574700117111206055e-01 1.005967020988464355e+00 4.587663710117340088e-01 -1.274804830551147461e+00 2.121833562850952148e-01
-1.772710382938385010e-01 9.060013890266418457e-01 -1.439649611711502075e-01 2.457809895277023315e-01 -1.025411367416381836e+00
4.370543062686920166e-01 -1.097829639911651611e-02 -1.194160804152488708e-01 -1.054415106773376465e+00 3.146356344223022461e-01
-7.193309068679809570e-01 8.395620435476303101e-02 2.186405807733535767e-01 1.129978060722351074e+00 -7.773088812828063965e-01
4.437958300113677979e-01 -1.178643703460693359e+00 5.564534664154052734e-01 9.065533876419067383e-01 -3.212660551071166992e-01
-9.599021077156066895e-01 1.426029801368713379e+00 9.325940012931823730e-01 -4.866824150085449219e-01 -6.023209691047668457e-01
-6.764025986194610596e-02 7.962737679481506348e-01 1.401610493659973145e+00 7.884974032640457153e-02 7.763258814811706543e-01
4.886492788791656494e-01 -1.073490977287292480e-01 -1.649175733327865601e-01 -1.174448132514953613e+00 -8.509566634893417358e-02
-9.118927121162414551e-01 1.078011751174926758e+00 4.856354594230651855e-01 -5.859930515289306641e-01 -1.238494142889976501e-01
4.023270010948181152e-01 5.945893749594688416e-02 1.537856221199035645e+00 -8.720647692680358887e-01 -8.114491105079650879e-01
3.284946084022521973e-01 -5.511875152587890625e-01 2.063356876373291016e+00 -1.314034461975097656e+00 -6.942949891090393066e-01
1.828781962394714355e-01 -1.166218876838684082e+00 1.071750402450561523e+00 -8.459334373474121094e-01 -1.361956447362899780e-01
-3.539842069149017334e-01 -1.925581395626068115e-01 9.868137240409851074e-01 4.154322147369384766e-01 -7.084791660308837891e-01
5.569546818733215332e-01 1.051494121551513672e+00 8.088130950927734375e-01 -1.698348760604858398e+00 -7.958360314369201660e-01
-5.055412650108337402e-01 -4.666293561458587646e-01 1.443139314651489258e+00 -4.931638538837432861e-01 -1.180299893021583557e-01
-3.291295468807220459e-01 1.740523815155029297e+00 -6.485784053802490234e-01 -4.948537349700927734e-01 -1.078512191772460938e+00
-8.948658704757690430e-01 1.554457992315292358e-01 1.265744566917419434e+00 -8.123981356620788574e-01 1.476750820875167847e-01
-3.545238375663757324e-01 -4.349977672100067139e-01 -1.004334241151809692e-01 1.417973399162292480e+00 5.247637629508972168e-01
-8.261482119560241699e-01 1.623452454805374146e-02 -2.335495203733444214e-01 -1.342949643731117249e-02 -4.607134461402893066e-01
-5.935502648353576660e-01 -9.949229657649993896e-02 1.423385858535766602e+00 -8.922678232192993164e-01 5.030868202447891235e-02
7.849496603012084961e-02 -7.700095772743225098e-01 1.067877292633056641e+00 -1.243268847465515137e+00 3.776548802852630615e-01
2.754884213209152222e-02 1.067128539085388184e+00 -5.861034393310546875e-01 -1.114830255508422852e+00 -3.090571463108062744e-01
6.908792257308959961e-01 -1.863815337419509888e-01 3.063651360571384430e-02 -1.424719095230102539e+00 -3.773613274097442627e-02
-1.953136473894119263e-01 -4.240913689136505127e-01 4.835747182369232178e-01 -1.146617159247398376e-01 2.000604197382926941e-02
2.310847193002700806e-01 -2.096323251724243164e+00 2.949558794498443604e-01 -1.531446725130081177e-01 2.812328636646270752e-01
1.460462927818298340e+00 2.908850312232971191e-01 -6.408516168594360352e-01 -2.750179171562194824e-01 -6.261009573936462402e-01
4.310270845890045166e-01 -2.905436754226684570e-01 6.282917261123657227e-01 1.150804981589317322e-01 -1.207863450050354004e+00
-5.273768901824951172e-01 -1.621219068765640259e-01 -9.128337353467941284e-02 -5.460982322692871094e-01 5.105616450309753418e-01
-8.736026883125305176e-01 1.288391113281250000e+00 -7.356645464897155762e-01 -7.357906699180603027e-01 2.336073666810989380e-01
-5.677846670150756836e-01 7.554425001144409180e-01 8.729825615882873535e-01 3.564471900463104248e-01 4.371954798698425293e-01
1.867761015892028809e-01 7.106778621673583984e-01 -7.198181152343750000e-01 2.386113107204437256e-01 6.995334476232528687e-02
9.925673902034759521e-02 -5.748984217643737793e-01 5.471428632736206055e-01 -2.476041465997695923e-01 -1.450557559728622437e-01
-6.292240321636199951e-02 -4.754172563552856445e-01 7.587978243827819824e-01 -1.609596908092498779e-01 -8.019050955772399902e-01
2.025326192378997803e-01 -4.531923234462738037e-01 -1.007183670997619629e+00 -5.917713046073913574e-01 9.796268939971923828e-01
-1.756180226802825928e-01 3.246551752090454102e-01 -7.674392461776733398e-01 -1.569131612777709961e-01 -6.407717466354370117e-01
-8.479046225547790527e-01 -1.755771279335021973e+00 -3.562691211700439453e-01 -5.369144305586814880e-02 7.349396347999572754e-01
3.901598453521728516e-01 7.622078061103820801e-01 1.225428938865661621e+00 6.600322723388671875e-01 -1.318528890609741211e+00
2.618324458599090576e-01 5.152227282524108887e-01 1.017553091049194336e+00 -1.274975657463073730e+00 -6.694360375404357910e-01
-1.368278861045837402e+00 2.273611873388290405e-01 5.445747375488281250e-01 1.524698883295059204e-01 -4.354065060615539551e-01
1.070955246686935425e-01 -1.070831298828125000e+00 1.575371026992797852e+00 -8.213046193122863770e-01 -8.375245928764343262e-01
1.142403125762939453e+00 2.724507451057434082e-01 -4.105553925037384033e-01 -9.613790512084960938e-01 5.123185515403747559e-01
-1.910455971956253052e-01 1.334476828575134277e+00 1.912000775337219238e-01 -1.215727090835571289e+00 -5.213192105293273926e-01
1.136160254478454590e+00 -8.257699757814407349e-02 6.927545070648193359e-01 3.637990355491638184e-02 -3.401190042495727539e-01
-1.708825118839740753e-02 -6.086485385894775391e-01 -5.983470678329467773e-01 -4.860747158527374268e-01 8.924219608306884766e-01
-3.225657939910888672e-01 -3.782143816351890564e-02 -2.701116800308227539e-01 -7.757251262664794922e-01 -5.935564637184143066e-01
7.824914455413818359e-01 1.250961124897003174e-01 5.058048758655786514e-03 -7.490890026092529297e-01 -2.573886811733245850e-01
-8.080407381057739258e-01 -3.048339188098907471e-01 2.470775693655014038e-01 9.858234524726867676e-01 5.959509015083312988e-01
-4.756526350975036621e-01 -7.687733173370361328e-01 1.800566017627716064e-01 -3.648075759410858154e-01 -1.271771341562271118e-01
-6.314349770545959473e-01 1.692927032709121704e-01 1.544355273246765137e+00 1.112428545951843262e+00 4.894964993000030518e-01
4.367744028568267822e-01 -7.647970914840698242e-01 6.978544592857360840e-01 1.715970486402511597e-01 1.618957072496414185e-01
-5.568733811378479004e-01 -8.631056547164916992e-01 1.489175558090209961e-01 5.905647873878479004e-01 -5.195714831352233887e-01
-7.326442599296569824e-01 -5.156123638153076172e-01 -7.988829910755157471e-02 4.894927740097045898e-01 -4.309422075748443604e-01
-1.163518428802490234e+00 -6.981831789016723633e-01 1.573238253593444824e+00 7.225961307995021343e-04 -4.404560625553131104e-01
-1.016961216926574707e+00 -3.609195947647094727e-01 -3.685955405235290527e-01 1.037930488586425781e+00 -9.125436544418334961e-01
-6.816090345382690430e-01 -1.419154167175292969e+00 2.026830434799194336e+00 -1.995794773101806641e-01 -5.679211616516113281e-01
-9.403885602951049805e-01 -6.990722417831420898e-01 1.350814342498779297e+00 -1.250670552253723145e+00 -9.968269616365432739e-02
-4.964668750762939453e-01 3.178372606635093689e-02 -1.196589395403862000e-01 -6.319583058357238770e-01 -8.740364909172058105e-01
-2.075751870870590210e-01 -7.826458215713500977e-01 1.669020891189575195e+00 -1.035884141921997070e+00 -5.634666085243225098e-01
-1.620509773492813110e-01 -5.585934519767761230e-01 1.324946403503417969e+00 -1.804728955030441284e-01 -3.442510366439819336e-01
6.763074398040771484e-01 -5.046106576919555664e-01 1.771274328231811523e+00 -8.505592346191406250e-01 -8.901413679122924805e-01
-1.181357204914093018e-01 8.612658381462097168e-01 5.465761423110961914e-01 -6.177276968955993652e-01 -7.760006189346313477e-01
-3.676508665084838867e-01 -8.732275366783142090e-01 -3.811461627483367920e-01 8.472393751144409180e-01 -5.432956218719482422e-01
-1.137252807617187500e+00 2.332173138856887817e-01 3.718462586402893066e-01 -5.058658719062805176e-01 1.164847612380981445e-01
-1.049322247505187988e+00 3.573971092700958252e-01 2.995851337909698486e-01 -5.183283090591430664e-01 -1.778162457048892975e-02
-8.168550729751586914e-01 1.847863383591175079e-02 5.404291152954101562e-01 -4.518087208271026611e-01 -1.314637362957000732e-01
-1.567618727684020996e+00 7.546465992927551270e-01 6.889744997024536133e-01 1.027088165283203125e+00 -7.718595862388610840e-01
-7.261971831321716309e-01 -5.557774901390075684e-01 3.083359003067016602e-01 5.564200878143310547e-01 2.828438282012939453e-01
9.708146750926971436e-02 -4.436883926391601562e-01 -1.954135596752166748e-01 4.052103683352470398e-02 -8.697383999824523926e-01
-9.345191717147827148e-02 -1.459277749061584473e+00 7.445832490921020508e-01 -4.033418595790863037e-01 4.484333992004394531e-01
1.076433956623077393e-01 -2.014991268515586853e-02 1.726866699755191803e-03 -9.839261174201965332e-01 4.577122330665588379e-01
-1.387206435203552246e+00 -4.513540565967559814e-01 8.244614303112030029e-02 -7.587010860443115234e-01 3.489713370800018311e-01
1.103558063507080078e+00 6.174582242965698242e-01 -2.447673231363296509e-01 -9.502997398376464844e-01 -5.832369327545166016e-01
-6.591466069221496582e-01 4.672246575355529785e-01 3.340633213520050049e-02 -8.872894048690795898e-01 2.366418540477752686e-01
-5.005347132682800293e-01 -1.391162037849426270e+00 -9.027007818222045898e-01 1.738885998725891113e+00 -5.049433708190917969e-01
6.132673472166061401e-02 -6.739463806152343750e-01 -7.369025051593780518e-02 -3.902337551116943359e-01 4.109280407428741455e-01
-1.782518625259399414e-01 -7.042294144630432129e-01 1.066323742270469666e-01 -7.423700690269470215e-01 3.336794972419738770e-01
6.287243366241455078e-01 -4.096227288246154785e-01 -1.888004899024963379e+00 6.352404356002807617e-01 -3.989032804965972900e-01
-6.341448426246643066e-01 -5.332161784172058105e-01 -3.735645711421966553e-01 3.186227381229400635e-01 5.718543529510498047e-01
-3.548388481140136719e-01 -1.520045280456542969e+00 -1.183910727500915527e+00 2.227793455123901367e+00 -9.528491497039794922e-01
-2.322027683258056641e-01 -1.901658535003662109e+00 -9.329724907875061035e-01 2.483967781066894531e+00 -1.087059617042541504e+00
-2.211765795946121216e-01 -1.497370600700378418e+00 -4.253710806369781494e-01 6.820960044860839844e-01 2.679606676101684570e-01
-1.939465254545211792e-01 -1.260728240013122559e+00 9.047905802726745605e-01 5.112490430474281311e-02 -8.072625994682312012e-01
-5.244349241256713867e-01 -9.715503454208374023e-01 -1.408902049064636230e+00 2.381490468978881836e-01 1.016870960593223572e-01
3.814321458339691162e-01 2.999070584774017334e-01 -1.985342025756835938e+00 -8.708972334861755371e-01 -6.869117021560668945e-01
-4.676351249217987061e-01 -2.078432321548461914e+00 3.864007070660591125e-02 1.412428498268127441e+00 -6.594794392585754395e-01
-6.650235652923583984e-01 -3.752364814281463623e-01 -1.877580642700195312e+00 3.151353001594543457e-01 -5.518587306141853333e-02
-3.367739021778106689e-01 -1.507029652595520020e+00 -1.485628485679626465e+00 1.028545856475830078e+00 -1.583347171545028687e-01
-9.121599793434143066e-01 -4.549534320831298828e-01 -1.292936921119689941e+00 1.035219281911849976e-01 2.789257839322090149e-02
-3.115966320037841797e-01 -9.704411625862121582e-01 -8.103778958320617676e-01 -2.327202409505844116e-01 7.209223508834838867e-01
-8.986790180206298828e-01 -9.808801859617233276e-02 5.945048928260803223e-01 -2.813463807106018066e-01 8.268740028142929077e-02
-4.737749397754669189e-01 1.650828003883361816e+00 -5.787461996078491211e-01 -6.299862861633300781e-01 -8.505546450614929199e-01
7.401095032691955566e-01 -1.658206284046173096e-01 -3.573925793170928955e-01 -1.644342422485351562e+00 2.037088721990585327e-01
-3.951758146286010742e-01 -5.207372903823852539e-01 1.490110903978347778e-01 1.142589747905731201e-01 -3.385339379310607910e-01
5.998659133911132812e-01 6.344004869461059570e-01 -5.855429172515869141e-01 -7.360122799873352051e-01 -1.133637070655822754e+00
-1.403871059417724609e+00 -6.871811151504516602e-01 1.324999332427978516e+00 -4.167441129684448242e-01 5.932695269584655762e-01
-6.477004289627075195e-01 3.838606476783752441e-01 6.359286308288574219e-01 -2.373110502958297729e-02 -1.268976688385009766e+00
-4.380181729793548584e-01 -1.594050168991088867e+00 1.473307728767395020e+00 -7.885278463363647461e-01 1.094187974929809570e+00
-1.733243465423583984e+00 -1.295731216669082642e-02 -1.945177555084228516e+00 5.532132983207702637e-01 -1.569554209709167480e-01
-8.842082023620605469e-01 7.210255861282348633e-01 1.791639566421508789e+00 -1.162913516163825989e-01 -7.922185063362121582e-01
6.885283589363098145e-01 -1.219987511634826660e+00 1.261369943618774414e+00 -9.468898773193359375e-01 -3.169732987880706787e-01
-2.096904993057250977e+00 5.359689891338348389e-02 1.513737142086029053e-01 -1.781112551689147949e-01 9.308497905731201172e-01
-6.127402186393737793e-01 6.638020277023315430e-01 -7.438879609107971191e-01 -9.534682035446166992e-01 9.103006720542907715e-01
1.885850191116333008e+00 -2.995478212833404541e-01 1.284733116626739502e-01 -7.494809031486511230e-01 -2.250088214874267578e+00
-5.151744484901428223e-01 -1.008031740784645081e-01 4.585718512535095215e-01 5.141278356313705444e-02 -4.002317488193511963e-01
-5.488766431808471680e-01 1.041308604180812836e-02 2.016650587320327759e-01 -8.205776214599609375e-01 2.256009876728057861e-01
-7.114011794328689575e-02 8.860470354557037354e-02 3.002940118312835693e-01 -5.102148652076721191e-01 -4.671533107757568359e-01
-5.375706031918525696e-02 1.001049160957336426e+00 -1.229043006896972656e+00 3.525487482547760010e-01 -1.158491492271423340e+00
-1.165046334266662598e+00 1.422180891036987305e+00 -2.709305286407470703e-01 -5.466728210449218750e-01 -3.155606985092163086e-01
9.471459388732910156e-01 1.510507613420486450e-01 1.326346397399902344e-01 -4.149974584579467773e-01 -1.202389448881149292e-01
-1.356299668550491333e-01 7.569352630525827408e-03 4.274190366268157959e-01 5.211613774299621582e-01 -6.310169100761413574e-01
-1.221107006072998047e+00 9.415533542633056641e-01 7.819104194641113281e-01 3.445587158203125000e-01 -1.286343693733215332e+00
-1.367982149124145508e+00 5.155330896377563477e-01 1.299618840217590332e+00 4.704484045505523682e-01 -1.128669142723083496e+00
-7.883425354957580566e-01 1.248285531997680664e+00 5.137932300567626953e-01 -2.994256326928734779e-03 -1.542722105979919434e+00
-2.180835008621215820e+00 5.666410923004150391e-01 2.691944837570190430e-01 -4.933359920978546143e-01 7.466902136802673340e-01
-1.179167389869689941e+00 5.406983569264411926e-02 3.722539246082305908e-01 -2.726268470287322998e-01 1.238150638528168201e-03
3.779244422912597656e-01 -5.195834040641784668e-01 1.354624629020690918e+00 -2.300136804580688477e+00 -4.050303101539611816e-01
-7.381634116172790527e-01 3.695395886898040771e-01 1.414924561977386475e-01 2.087674736976623535e-01 -1.295047760009765625e+00
-1.665326714515686035e+00 4.260145127773284912e-02 1.250170171260833740e-01 -1.266375303268432617e+00 1.394991993904113770e+00
2.238023281097412109e+00 1.297359704971313477e+00 -8.098316788673400879e-01 7.131295204162597656e-01 -5.819370150566101074e-01
-6.169614791870117188e-01 -6.706608831882476807e-02 2.974651753902435303e-02 -1.405450701713562012e+00 -1.423939466476440430e-01
-1.845155954360961914e+00 -9.488137960433959961e-01 3.706732094287872314e-01 5.950393676757812500e-01 4.703989624977111816e-01
-1.149879574775695801e+00 -1.056013777852058411e-01 1.035405874252319336e+00 2.227385193109512329e-01 -7.273288965225219727e-01
7.825830578804016113e-01 -7.839524000883102417e-02 -5.985243320465087891e-01 3.195498883724212646e-01 4.138602316379547119e-02
-3.501546084880828857e-01 -4.543622732162475586e-01 -1.962527185678482056e-01 1.416163086891174316e+00 -4.915685355663299561e-01
-7.105267047882080078e-01 8.384523540735244751e-02 -4.404472708702087402e-01 3.663561344146728516e-01 7.133168578147888184e-01
-5.030972361564636230e-01 4.336746335029602051e-01 1.177322771400213242e-02 3.373625278472900391e-01 -1.050817131996154785e+00
1.680896803736686707e-02 -8.043744564056396484e-01 -1.446394443511962891e+00 -2.347318977117538452e-01 6.024265289306640625e-01
-3.204506337642669678e-01 3.203806877136230469e-01 -2.263773918151855469e+00 -2.186585515737533569e-01 2.466544508934020996e-01
-3.167575895786285400e-01 4.471042752265930176e-01 -2.342589139938354492e+00 -2.173501849174499512e-01 1.839996278285980225e-01
-2.572204768657684326e-01 3.271858692169189453e-01 2.180387973785400391e-01 9.475115686655044556e-02 -1.400405287742614746e+00
-1.833051323890686035e+00 -1.538422346115112305e+00 -6.279310584068298340e-02 1.617872834205627441e+00 1.650203168392181396e-01
6.075307354331016541e-02 6.765975058078765869e-02 -5.322807282209396362e-02 -4.746630489826202393e-01 -1.229246139526367188e+00
-2.227456271648406982e-01 3.235566318035125732e-01 -1.813222050666809082e+00 1.460400503128767014e-02 -1.704805940389633179e-01
-9.037927985191345215e-01 4.189695417881011963e-01 -7.817926406860351562e-01 2.783913910388946533e-01 6.873252987861633301e-02
-1.261455178260803223e+00 -5.508908629417419434e-01 2.351992577314376831e-02 3.074082136154174805e-01 -1.793750822544097900e-01
-1.033232331275939941e+00 9.981061816215515137e-01 -8.046770095825195312e-01 2.001995779573917389e-02 -7.871650457382202148e-01
-2.214021682739257812e-01 -7.972549200057983398e-01 -1.265954971313476562e+00 2.756224572658538818e-01 2.184843569993972778e-01
-3.769365549087524414e-01 1.663002967834472656e-01 -1.868184089660644531e+00 3.667556047439575195e-01 -1.540026068687438965e-01
4.510317742824554443e-01 -2.470024079084396362e-01 -1.685271263122558594e+00 3.117219805717468262e-01 -6.430869698524475098e-01
2.541937232017517090e-01 1.015627861022949219e+00 -9.945253729820251465e-01 5.082007646560668945e-01 -4.036315977573394775e-01
9.677439332008361816e-01 -1.068250298500061035e+00 -2.240247726440429688e+00 -1.782884120941162109e+00 1.228793740272521973e+00
-1.184409379959106445e+00 -6.266670301556587219e-03 -1.518640041351318359e+00 -4.830156266689300537e-01 -9.058606810867786407e-03
1.171113178133964539e-01 -1.264892339706420898e+00 3.699343204498291016e-01 -1.112817168235778809e+00 8.604179620742797852e-01
1.065607666969299316e+00 -4.219883680343627930e-01 -2.627923965454101562e+00 -1.666711211204528809e+00 7.536199092864990234e-01
-1.523375213146209717e-01 -1.788341104984283447e-01 -2.629214286804199219e+00 -1.403467416763305664e+00 1.511234164237976074e+00
-3.412629961967468262e-01 -7.869721055030822754e-01 -3.364767134189605713e-02 4.600853323936462402e-01 1.512871086597442627e-01
1.004570841789245605e+00 4.519877135753631592e-01 6.341520547866821289e-01 -8.858779072761535645e-01 -1.427608877420425415e-01
3.843035399913787842e-01 1.385470479726791382e-01 3.937089741230010986e-01 1.177641391754150391e+00 -1.011891365051269531e+00
-5.058363676071166992e-01 -7.019033432006835938e-01 -1.156548738479614258e+00 -7.300116419792175293e-01 1.071829795837402344e+00
4.869661927223205566e-01 -3.833041787147521973e-01 2.044919580221176147e-01 -8.297768235206604004e-01 -3.153944015502929688e-01
-2.663180045783519745e-02 -3.740671873092651367e-01 1.351544976234436035e+00 6.555037498474121094e-01 -1.914813041687011719e+00
-1.799244284629821777e-01 -1.451728105545043945e+00 -1.279126524925231934e+00 -2.451045252382755280e-02 7.915701270103454590e-01
-5.712142586708068848e-01 -7.055042982101440430e-01 -2.092543363571166992e+00 -1.013257861137390137e+00 1.611498594284057617e+00
1.112190604209899902e+00 -1.664183855056762695e+00 -1.339352369308471680e+00 -1.974859237670898438e-01 -9.035983681678771973e-02
9.076634049415588379e-01 -4.430903494358062744e-01 -7.310321927070617676e-01 -1.679469197988510132e-01 3.960481286048889160e-01
5.833374857902526855e-01 -1.302296757698059082e+00 -1.804830282926559448e-01 4.375052824616432190e-02 8.482593297958374023e-01
7.461063265800476074e-01 -2.695811092853546143e-01 5.350374579429626465e-01 3.402088284492492676e-01 -7.392516136169433594e-01
7.199591994285583496e-01 -4.719272553920745850e-01 -4.157691299915313721e-01 -8.582392930984497070e-01 -5.016813874244689941e-01
5.467456579208374023e-01 -1.363864541053771973e+00 -1.322287917137145996e-01 -5.207655578851699829e-02 9.831351637840270996e-01
4.554779231548309326e-01 -3.423660695552825928e-01 -7.846037745475769043e-01 7.825250029563903809e-01 9.710820764303207397e-02
6.712319850921630859e-01 -8.752777576446533203e-01 -4.509466886520385742e-01 -6.121689453721046448e-03 6.831630468368530273e-01
2.186533808708190918e-01 8.915027976036071777e-01 2.986777126789093018e-01 1.028084605932235718e-01 -2.231483012437820435e-01
-8.556849956512451172e-01 6.728155612945556641e-01 -3.715867400169372559e-01 -3.371527791023254395e-01 4.984631389379501343e-02
1.796859949827194214e-01 3.314799368381500244e-01 -6.880732178688049316e-01 -7.769205421209335327e-02 6.779298782348632812e-01
7.391048669815063477e-01 -7.562482357025146484e-01 -3.944133818149566650e-01 1.271672964096069336e+00 9.441437721252441406e-01
-6.880291700363159180e-01 -7.673939317464828491e-02 2.043140888214111328e+00 4.003072679042816162e-01 -1.164735674858093262e+00
-9.966873526573181152e-01 1.365394115447998047e+00 1.135398864746093750e+00 4.395477175712585449e-01 -1.586115002632141113e+00
-2.971265614032745361e-01 -5.618702173233032227e-01 2.376260280609130859e+00 9.253463149070739746e-02 -1.059047460556030273e+00
-1.394264459609985352e+00 3.185550570487976074e-01 1.763722300529479980e+00 6.528501510620117188e-01 -8.636723756790161133e-01
-6.306644082069396973e-01 -5.591049790382385254e-01 2.361898183822631836e+00 5.171310901641845703e-01 -1.079812765121459961e+00
-9.764097332954406738e-01 -6.361929327249526978e-02 2.018832683563232422e+00 6.393173336982727051e-01 -1.073163747787475586e+00
-1.416249871253967285e+00 -4.300076961517333984e-01 2.192816257476806641e+00 -1.751399040222167969e-02 5.104439705610275269e-02
-6.883798167109489441e-03 1.034605622291564941e+00 1.071406659320928156e-04 4.260934889316558838e-01 -9.580048322677612305e-01
5.376932621002197266e-01 -1.296020001173019409e-01 3.741525709629058838e-01 -3.605479300022125244e-01 -4.020848572254180908e-01
1.678617954254150391e+00 1.043596267700195312e+00 1.018757939338684082e+00 2.143629044294357300e-01 1.762396693229675293e-01
3.354998826980590820e-01 4.913010895252227783e-01 -6.439762115478515625e-01 -7.338358759880065918e-01 -2.147438749670982361e-02
-1.458394527435302734e+00 6.061106920242309570e-01 -1.162968993186950684e+00 -3.992941081523895264e-01 -3.577437400817871094e-01
-1.867769658565521240e-01 7.074592709541320801e-01 -1.463653087615966797e+00 6.964145898818969727e-01 -6.166157126426696777e-01
-1.169403791427612305e-01 -2.888001799583435059e-01 -8.010759949684143066e-01 8.068523406982421875e-01 -3.160983920097351074e-01
6.949925422668457031e-02 5.328848361968994141e-01 -1.332674264907836914e+00 1.063576936721801758e+00 -1.059026122093200684e+00
5.350819230079650879e-01 -6.860785484313964844e-01 -7.097777128219604492e-01 4.386409521102905273e-01 -3.927676677703857422e-01
-3.508985936641693115e-01 8.394420892000198364e-02 -1.100332021713256836e+00 1.308050870895385742e+00 -5.673665404319763184e-01
8.350419253110885620e-02 -2.961599230766296387e-01 -9.255673289299011230e-01 1.136971712112426758e+00 -5.636113882064819336e-01
-3.869113922119140625e-01 -7.811849713325500488e-01 -5.644068121910095215e-01 1.863073110580444336e+00 -4.603030085563659668e-01
-1.195002079010009766e+00 -1.666189879179000854e-01 -8.854093551635742188e-01 4.054930508136749268e-01 8.256624341011047363e-01
-1.200534403324127197e-02 -4.131829738616943359e-01 3.307889699935913086e-01 -6.006491780281066895e-01 -1.097011938691139221e-01
-6.331727653741836548e-02 -1.298764705657958984e+00 7.177600264549255371e-01 -1.040293350815773010e-01 -1.978773027658462524e-01
1.859485626220703125e+00 2.734565138816833496e-01 -8.469799160957336426e-01 -1.458023935556411743e-01 -4.671862423419952393e-01
1.042538732290267944e-01 3.925000727176666260e-01 1.177775263786315918e+00 -4.177075996994972229e-02 4.263198077678680420e-01
2.955984771251678467e-01 1.521065592765808105e+00 -1.407852210104465485e-02 1.664071693085134029e-03 -5.484879016876220703e-01
