-3.861079216003417969e-01 -8.542104959487915039e-01 6.692013740539550781e-01 -3.137119114398956299e-01 2.205079346895217896e-01
5.817608237266540527e-01 3.310849070549011230e-01 1.215827614068984985e-01 4.189712703227996826e-01 -1.237192302942276001e-01
1.487611234188079834e-01 3.986441195011138916e-01 8.831959366798400879e-01 4.374466538429260254e-01 -9.446797966957092285e-01
-3.592225015163421631e-01 -4.265572726726531982e-01 -3.869282901287078857e-01 1.243482470512390137e+00 1.909805893898010254e+00
4.539981484413146973e-01 9.203764051198959351e-02 -6.102383732795715332e-01 1.028563007712364197e-01 6.862333416938781738e-02
1.771771162748336792e-01 -2.669926285743713379e-01 5.180240273475646973e-01 3.510134518146514893e-01 -1.437293410301208496e+00
-8.882322907447814941e-01 5.664594769477844238e-01 -5.940569639205932617e-01 1.035731315612792969e+00 4.388846158981323242e-01
-7.778287399560213089e-03 1.549937278032302856e-01 -2.012563496828079224e-01 -2.089782953262329102e-01 8.138455152511596680e-01
6.711835861206054688e-01 -8.281215429306030273e-01 -2.302960455417633057e-01 7.082060575485229492e-01 8.353504538536071777e-01
-3.713256120681762695e-01 1.003128290176391602e+00 3.755563795566558838e-01 -2.091470658779144287e-01 -1.300152540206909180e-01
-1.270494222640991211e+00 6.620164513587951660e-01 1.116057753562927246e+00 3.152717053890228271e-01 -1.320784725248813629e-02
-1.360720634460449219e+00 8.125348091125488281e-01 1.102937459945678711e+00 5.162250995635986328e-01 -5.298448354005813599e-02
-4.489064216613769531e-01 -4.234724044799804688e-01 1.305282235145568848e+00 -1.949959874153137207e+00 9.165186285972595215e-01
3.285106420516967773e-01 -4.481390863656997681e-02 8.955084681510925293e-01 4.087058901786804199e-01 1.663632839918136597e-01
-8.484760522842407227e-01 4.796860516071319580e-01 6.328669190406799316e-02 -2.175038754940032959e-01 9.513713121414184570e-01
-8.861906528472900391e-01 1.555441878736019135e-02 -5.073603987693786621e-01 -4.483291804790496826e-01 -1.810135319828987122e-02
-5.668366327881813049e-02 -5.371613502502441406e-01 6.154068186879158020e-02 -8.461397290229797363e-01 -1.766954421997070312e+00
-1.090976119041442871e+00 -5.456903576850891113e-01 1.740626335144042969e+00 -1.718484282493591309e+00 9.966694116592407227e-01
-1.165375709533691406e+00 -6.518114805221557617e-01 8.905356526374816895e-01 -1.625467300415039062e+00 1.135913968086242676e+00
-2.852374613285064697e-01 -2.615118324756622314e-01 -4.580025076866149902e-01 -9.077933430671691895e-02 -3.510973975062370300e-02
-3.879380524158477783e-01 2.302210927009582520e-01 7.899152040481567383e-01 -2.940706014633178711e-01 -3.807705342769622803e-01
-5.367483943700790405e-02 2.537788152694702148e-01 -4.316101670265197754e-01 1.044866561889648438e+00 -8.443602174520492554e-02
-9.813769459724426270e-01 7.183099389076232910e-01 9.008842706680297852e-01 5.558506250381469727e-01 -3.991647660732269287e-01
-1.017877936363220215e+00 9.968870282173156738e-01 6.546139121055603027e-01 7.567051053047180176e-01 -3.722537457942962646e-01
-1.507347106933593750e+00 9.115295410156250000e-01 5.954720377922058105e-01 1.152687072753906250e+00 -4.162233769893646240e-01
-1.532011985778808594e+00 1.508858680725097656e+00 -3.257132172584533691e-01 1.144266843795776367e+00 2.411184608936309814e-01
-1.199998974800109863e+00 9.361307621002197266e-01 2.771886438131332397e-02 3.613444268703460693e-01 3.628562092781066895e-01
-7.953149080276489258e-01 1.309461355209350586e+00 -9.838738441467285156e-01 8.242598772048950195e-01 1.068253040313720703e+00
7.507641911506652832e-01 6.634424626827239990e-02 3.006090521812438965e-01 1.689274162054061890e-01 -6.672167032957077026e-02
-7.719680070877075195e-01 4.704440832138061523e-01 5.704901218414306641e-01 3.625008165836334229e-01 -8.602774143218994141e-01
4.938386008143424988e-02 1.441796064376831055e+00 1.060958266258239746e+00 2.003969848155975342e-01 -7.266647815704345703e-01
2.922531664371490479e-01 -1.085008233785629272e-01 -1.100871920585632324e+00 1.438981175422668457e+00 1.171439051628112793e+00
-1.655632138252258301e+00 3.333396092057228088e-02 3.002741187810897827e-02 9.949588179588317871e-01 -4.624263197183609009e-02
-2.383926808834075928e-01 -8.507235050201416016e-01 1.521889925003051758e+00 5.349541902542114258e-01 -7.517753243446350098e-01
-6.350660324096679688e-01 2.779104746878147125e-02 5.949528887867927551e-02 -2.060351818799972534e-01 -5.725141167640686035e-01
-5.458669662475585938e-01 2.494878768920898438e-01 1.718857407569885254e+00 5.701517462730407715e-01 -8.001385331153869629e-01
6.639553308486938477e-01 -1.914139688014984131e-01 -5.105955004692077637e-01 -2.403674870729446411e-01 -6.429454088211059570e-01
-8.319172859191894531e-01 1.132126808166503906e+00 4.929118454456329346e-01 7.238945960998535156e-01 -4.286315739154815674e-01
-1.526591897010803223e+00 6.238508820533752441e-01 2.114720195531845093e-01 8.812838196754455566e-01 -2.448124736547470093e-01
-3.925316035747528076e-01 3.479578197002410889e-01 5.180070400238037109e-01 -9.360979199409484863e-01 -5.966279506683349609e-01
-3.711611330509185791e-01 -1.560701429843902588e-01 -5.483483076095581055e-01 -5.846100449562072754e-01 1.050794363021850586e+00
-1.148931384086608887e+00 1.003388643264770508e+00 3.699954152107238770e-01 1.304163485765457153e-01 3.123823404312133789e-01
-1.170269966125488281e+00 3.583831712603569031e-02 2.642259895801544189e-01 -1.446658223867416382e-01 7.274137437343597412e-02
-6.765638291835784912e-02 5.358282923698425293e-01 4.930985569953918457e-01 5.183511972427368164e-01 -5.950519442558288574e-01
-8.655869364738464355e-01 -7.116851806640625000e-01 -1.005161851644515991e-01 -1.557487726211547852e+00 2.976903915405273438e-01
-1.509169042110443115e-01 -3.168926537036895752e-01 -3.314500153064727783e-01 1.115027546882629395e+00 -4.939927458763122559e-01
-3.745736777782440186e-01 -1.576595544815063477e+00 9.467931389808654785e-01 -9.650460481643676758e-01 -6.301473379135131836e-01
2.648370265960693359e-01 1.074109748005867004e-01 -2.332656681537628174e-01 -7.175847887992858887e-01 -4.387466311454772949e-01
-4.315113127231597900e-01 -5.628855824470520020e-01 1.861801296472549438e-01 -2.989148497581481934e-01 -4.809189438819885254e-01
6.654253602027893066e-02 6.333707571029663086e-01 3.475280702114105225e-01 -3.042752854526042938e-02 -4.142208397388458252e-02
-5.235618352890014648e-01 6.051477789878845215e-01 7.242255806922912598e-01 -6.680755019187927246e-01 9.181175827980041504e-01
-5.763311386108398438e-01 -9.342589378356933594e-01 5.380030721426010132e-02 2.420183122158050537e-01 8.078029379248619080e-03
-3.587762713432312012e-01 9.492281079292297363e-01 -3.708504736423492432e-01 3.593710958957672119e-01 2.327596694231033325e-01
1.381090402603149414e+00 -1.255249977111816406e-01 -9.642979502677917480e-01 -2.866935133934020996e-01 -6.487131118774414062e-02
4.525827169418334961e-01 2.544301748275756836e-01 -4.416563212871551514e-01 2.797268331050872803e-01 8.310437947511672974e-02
1.811905950307846069e-01 -4.802294373512268066e-01 9.211122989654541016e-02 8.257565498352050781e-01 2.182295359671115875e-02
-9.567049145698547363e-01 -3.365217447280883789e-01 -1.423284644261002541e-03 -4.698702692985534668e-01 -4.748763144016265869e-01
-5.359991788864135742e-01 -6.372080445289611816e-01 -2.937985360622406006e-01 9.444722533226013184e-01 -8.551709651947021484e-01
-3.003288507461547852e-01 7.449961304664611816e-01 4.581219255924224854e-01 -6.995348930358886719e-01 3.400963917374610901e-02
-2.983834743499755859e-01 7.380486726760864258e-01 4.537831842899322510e-01 -6.920891404151916504e-01 3.177409619092941284e-02
-3.047556579113006592e-01 7.446266412734985352e-01 4.586831331253051758e-01 -6.974713802337646484e-01 3.245669603347778320e-02
-2.928502559661865234e-01 7.273924946784973145e-01 3.701877295970916748e-01 -7.306967377662658691e-01 2.105655148625373840e-02
-2.924262583255767822e-01 7.267864346504211426e-01 3.684416115283966064e-01 -7.305899858474731445e-01 1.735148392617702484e-02
-4.164328277111053467e-01 9.993596076965332031e-01 1.495931893587112427e-01 -6.107414960861206055e-01 2.333554774522781372e-01
-4.468582570552825928e-01 1.133616209030151367e+00 9.614288806915283203e-02 -5.005726814270019531e-01 2.432096451520919800e-01
-3.960654735565185547e-01 1.528409123420715332e+00 1.246082067489624023e+00 -1.446972340345382690e-01 -1.602253764867782593e-01
-1.190066039562225342e-01 1.384356021881103516e+00 1.482432961463928223e+00 -4.998456835746765137e-01 -1.930576860904693604e-01
-9.656170010566711426e-01 5.920565672568045557e-05 7.976053953170776367e-01 -3.565977811813354492e-01 -1.666990637779235840e+00
-1.703498512506484985e-01 -2.002096325159072876e-01 -6.181672215461730957e-01 -7.022913098335266113e-01 -3.470290005207061768e-01
-6.994140744209289551e-01 1.136238098144531250e+00 1.294819831848144531e+00 -9.802149236202239990e-02 -4.735269546508789062e-01
-5.654056072235107422e-01 1.131906032562255859e+00 5.421470999717712402e-01 -9.635031223297119141e-01 6.748254299163818359e-01
-5.039831399917602539e-01 8.693322539329528809e-01 9.602417945861816406e-01 -1.170719146728515625e+00 4.718227684497833252e-01
-7.970311641693115234e-01 9.225041270256042480e-01 9.836414456367492676e-01 -9.848318099975585938e-01 5.829917788505554199e-01
-7.873817682266235352e-01 6.777844429016113281e-01 7.481468468904495239e-02 -1.082604527473449707e+00 5.105154514312744141e-01
-1.084865927696228027e+00 6.800423264503479004e-01 -3.677337989211082458e-02 -8.818567991256713867e-01 6.093000769615173340e-01
-8.332176208496093750e-01 -5.014015361666679382e-02 1.134435415267944336e+00 -5.472182631492614746e-01 -1.230634003877639771e-01
-9.401664733886718750e-01 1.576705127954483032e-01 1.272331833839416504e+00 -1.825929880142211914e-01 -3.233794569969177246e-01
-1.133581519126892090e+00 1.137129187583923340e+00 1.882690340280532837e-01 -6.172008514404296875e-01 3.095848560333251953e-01
-3.523945212364196777e-01 9.917946159839630127e-02 4.888963103294372559e-01 -2.277106046676635742e+00 5.602782368659973145e-01
-1.793303966522216797e+00 3.212161958217620850e-01 -3.640685081481933594e-01 -2.141517549753189087e-01 8.270762860774993896e-02
-3.608352541923522949e-01 1.359388351440429688e+00 1.825616478919982910e+00 4.240495264530181885e-01 -8.225666284561157227e-01
-1.586694121360778809e-01 1.258749961853027344e+00 1.903596282005310059e+00 1.948986649513244629e-01 -8.416545391082763672e-01
2.241830155253410339e-02 -2.961475849151611328e-01 -1.085786104202270508e+00 -1.155728816986083984e+00 2.912280261516571045e-01
-5.908839106559753418e-01 5.342514067888259888e-02 -9.542230367660522461e-01 -3.426322638988494873e-01 -4.515660703182220459e-01
-7.454879283905029297e-01 8.568567037582397461e-01 1.682750940322875977e+00 -4.611553624272346497e-02 -1.967349350452423096e-01
-7.494997382164001465e-01 8.080242276191711426e-01 1.624200224876403809e+00 -7.701687514781951904e-02 -1.739237457513809204e-01
2.368982315063476562e+00 -1.446406483650207520e+00 -9.421538114547729492e-01 -1.496837586164474487e-01 -3.983485102653503418e-01
-5.359543561935424805e-01 3.972424864768981934e-01 -2.431663274765014648e+00 -8.413468301296234131e-02 -2.570659853518009186e-02
-1.563281416893005371e+00 1.022926688194274902e+00 1.697596788406372070e+00 2.506293058395385742e-01 -1.160939693450927734e+00
2.629600763320922852e-01 7.224840521812438965e-01 2.255743443965911865e-01 9.809965491294860840e-01 -1.937165111303329468e-01
7.937316782772541046e-03 6.735693216323852539e-01 3.386516869068145752e-01 -1.046528220176696777e+00 -8.796183764934539795e-02
-4.410577416419982910e-01 5.883441567420959473e-01 1.879268437623977661e-01 -6.937469244003295898e-01 -1.294045150279998779e-01
-7.626587152481079102e-01 9.483060836791992188e-01 -1.507492363452911377e-01 -3.715828359127044678e-01 -9.517295658588409424e-02
-7.306513786315917969e-01 4.998441934585571289e-01 8.711203932762145996e-01 -8.292374610900878906e-01 -2.791112065315246582e-01
-6.257328391075134277e-01 5.289996266365051270e-01 -1.177960872650146484e+00 -9.449434280395507812e-01 6.383819580078125000e-01
-3.845936357975006104e-01 4.997182488441467285e-01 2.504471130669116974e-02 -8.635044693946838379e-01 4.775171726942062378e-02
9.249538928270339966e-02 -2.812263667583465576e-01 3.343572318553924561e-01 -6.361228823661804199e-01 -1.467641741037368774e-01
3.346604108810424805e-01 -3.502942919731140137e-01 7.784746289253234863e-01 -8.127909898757934570e-01 -2.858052849769592285e-01
1.351093530654907227e+00 1.173526644706726074e+00 9.477413296699523926e-01 -2.079202890396118164e+00 3.771856129169464111e-01
1.267270565032958984e+00 1.196119189262390137e+00 6.814346909523010254e-01 -2.036874771118164062e+00 4.964334666728973389e-01
-2.890096008777618408e-01 -2.608658671379089355e-01 -8.845891952514648438e-01 -1.931284070014953613e-01 -2.768224477767944336e-01
-3.673826754093170166e-01 -1.616622358560562134e-01 -1.066931128501892090e+00 -1.245392411947250366e-01 -1.941385567188262939e-01
-8.128743767738342285e-01 2.987500727176666260e-01 1.777917146682739258e-01 -1.932014226913452148e-01 -1.248778700828552246e-01
-9.039113521575927734e-01 3.994815647602081299e-01 1.407104432582855225e-01 -2.008376829326152802e-02 -1.481279879808425903e-01
-3.961151838302612305e-01 1.420845150947570801e+00 5.486531257629394531e-01 -4.914350211620330811e-01 1.492405682802200317e-01
-4.720048904418945312e-01 1.585458874702453613e+00 6.458798646926879883e-01 -2.336156070232391357e-01 -6.477905437350273132e-03
-5.178921818733215332e-01 9.441397786140441895e-01 6.937748193740844727e-01 -6.152985692024230957e-01 1.115876734256744385e-01
-7.030106186866760254e-01 9.461746215820312500e-01 7.467004060745239258e-01 -5.668684840202331543e-01 1.554468274116516113e-01
2.909165322780609131e-01 8.802637457847595215e-01 1.080229401588439941e+00 -9.755654335021972656e-01 -3.195986151695251465e-02
-5.196729302406311035e-01 1.320389866828918457e+00 1.878617256879806519e-01 -1.466816514730453491e-01 2.491529099643230438e-02
-5.541577935218811035e-01 1.287590384483337402e+00 1.658746898174285889e-01 -1.545702219009399414e-01 4.406390339136123657e-02
-6.526275873184204102e-01 1.677917718887329102e+00 8.208501935005187988e-01 4.765323698520660400e-01 -2.550389468669891357e-01
-3.340606987476348877e-01 1.036823272705078125e+00 1.326611876487731934e+00 -4.389823973178863525e-02 -4.941284656524658203e-01
5.695776939392089844e-01 3.657027184963226318e-01 1.619301289319992065e-01 -9.968548417091369629e-01 -2.589005827903747559e-01
-1.181070089340209961e+00 8.287779688835144043e-01 -5.939949750900268555e-01 3.616874814033508301e-01 2.720284163951873779e-01
1.095425367355346680e+00 -2.106298208236694336e-01 1.108947992324829102e+00 -1.227825403213500977e+00 -8.704090118408203125e-01
-1.595717668533325195e-01 4.366833269596099854e-01 -1.962515413761138916e-01 3.234466016292572021e-01 -6.476920247077941895e-01
-4.629398882389068604e-01 8.039206862449645996e-01 4.959464371204376221e-01 -2.751755714416503906e-01 -1.507156193256378174e-01
-1.110133647918701172e+00 7.601972222328186035e-01 9.270127415657043457e-01 -5.421451330184936523e-01 5.936475396156311035e-01
-7.307984232902526855e-01 1.012396574020385742e+00 3.106634914875030518e-01 -4.328250885009765625e-01 5.073837041854858398e-01
-6.581010818481445312e-01 8.949121236801147461e-01 4.746019244194030762e-01 -5.720129609107971191e-01 4.889246821403503418e-01
-5.284278392791748047e-01 1.033609271049499512e+00 -9.433044791221618652e-01 3.762834072113037109e-01 3.809628635644912720e-02
-4.252089187502861023e-02 6.172833442687988281e-01 2.874158918857574463e-01 9.191711246967315674e-02 1.482001543045043945e+00
-9.200423955917358398e-01 1.830410510301589966e-01 -8.819187879562377930e-01 5.214777588844299316e-01 1.107807993888854980e+00
-7.728012800216674805e-01 1.727058887481689453e+00 1.116761922836303711e+00 6.626756787300109863e-01 -1.250204592943191528e-01
-1.761739850044250488e-01 6.224985122680664062e-01 3.650634884834289551e-01 -9.181134700775146484e-01 4.628005325794219971e-01
-6.711462736129760742e-01 9.717738628387451172e-01 2.147126197814941406e-01 -6.850793957710266113e-02 2.181505411863327026e-01
-4.138919115066528320e-01 5.818340182304382324e-01 6.236082911491394043e-01 -4.921386539936065674e-01 7.309111952781677246e-02
-3.797268271446228027e-01 1.702797412872314453e-01 6.941896677017211914e-02 4.012308120727539062e-01 -2.562408149242401123e-01
-3.869377672672271729e-01 5.952320694923400879e-01 5.498012304306030273e-01 -3.624650537967681885e-01 -3.346316516399383545e-01
-5.303344130516052246e-02 1.967068910598754883e-01 1.085425972938537598e+00 -5.866976976394653320e-01 -5.964348316192626953e-01
-5.037533640861511230e-01 8.287258148193359375e-01 7.818090319633483887e-01 2.335450500249862671e-01 -6.079936623573303223e-01
4.517778456211090088e-01 5.729615688323974609e-01 -6.751968264579772949e-01 -1.445016115903854370e-01 4.442097246646881104e-01
2.335237711668014526e-01 -2.543240785598754883e-01 1.669721722602844238e+00 -2.513864278793334961e+00 6.235104799270629883e-01
-8.996585607528686523e-01 7.160075902938842773e-01 -1.382153630256652832e+00 -3.712066411972045898e-01 6.041682958602905273e-01
-7.361267227679491043e-03 5.543600916862487793e-01 -7.805777341127395630e-02 -2.068623453378677368e-01 -9.393959045410156250e-01
-5.415667891502380371e-01 1.390091031789779663e-01 1.740587651729583740e-01 -6.954429149627685547e-01 -1.627314649522304535e-02
-7.973076105117797852e-01 5.413724780082702637e-01 -4.704779759049415588e-02 -2.407059222459793091e-01 1.283373311161994934e-02
6.328884512186050415e-02 7.071340084075927734e-01 1.295364379882812500e+00 -4.685086607933044434e-01 -7.015897631645202637e-01
-4.367283582687377930e-01 1.245698034763336182e-01 -5.582745075225830078e-01 7.788574695587158203e-01 -4.817577004432678223e-01
6.324880719184875488e-01 5.136317610740661621e-01 6.453478932380676270e-01 -1.045201793313026428e-01 4.965593218803405762e-01
1.013713479042053223e+00 -9.585076570510864258e-01 2.623183839023113251e-02 -9.251220822334289551e-01 7.177536487579345703e-01
-2.128931432962417603e-01 -8.504155278205871582e-01 -2.205217331647872925e-01 5.684052705764770508e-01 -5.997584015130996704e-02
1.684187412261962891e+00 -1.011514902114868164e+00 -1.178185045719146729e-01 4.618391990661621094e-01 4.425298571586608887e-01
7.992174029350280762e-01 3.807339966297149658e-01 9.232656359672546387e-01 -4.891740381717681885e-01 3.660193383693695068e-01
9.306043386459350586e-01 1.458250731229782104e-01 1.255638152360916138e-01 -1.371195819228887558e-02 -8.322011232376098633e-01
-1.039152264595031738e+00 1.304958105087280273e+00 3.561124086380004883e+00 -1.171781048178672791e-01 -3.715290427207946777e-01
-8.826613426208496094e-01 8.566383719444274902e-01 4.107913970947265625e-01 -6.808545440435409546e-02 -4.365946948528289795e-01
-5.658978223800659180e-01 -6.496459245681762695e-02 7.169531583786010742e-01 8.319618552923202515e-02 -2.080903053283691406e-01
-1.313259363174438477e+00 1.084913253784179688e+00 7.029104232788085938e-02 7.639375925064086914e-01 -9.449999928474426270e-01
-1.148321390151977539e+00 -8.371943235397338867e-02 3.897317349910736084e-01 -5.716627836227416992e-01 -2.989452481269836426e-01
9.297478944063186646e-03 1.750187635421752930e+00 6.018115878105163574e-01 -4.435199499130249023e-01 -4.624854028224945068e-01
3.771921694278717041e-01 -4.345498085021972656e-01 7.610598802566528320e-01 1.825096726417541504e+00 1.549915194511413574e+00
-9.255033731460571289e-01 1.119607090950012207e+00 3.663127660751342773e+00 -2.428419739007949829e-01 -4.355873167514801025e-01
-6.914028525352478027e-01 -1.616090893745422363e+00 2.901798784732818604e-01 -1.187829971313476562e-01 -3.057515621185302734e-02
-1.304402947425842285e+00 1.964257061481475830e-01 1.613502025604248047e+00 -1.551085233688354492e+00 -8.276788145303726196e-02
-3.231510519981384277e-01 -1.731680989265441895e+00 -5.098096728324890137e-01 -7.459372878074645996e-01 1.083582758903503418e+00
-8.094962239265441895e-01 6.753980517387390137e-01 -1.720676898956298828e+00 6.984209418296813965e-01 -1.295390009880065918e+00
-1.024237990379333496e+00 5.626639127731323242e-01 3.448508024215698242e+00 -3.669047653675079346e-01 -5.108277201652526855e-01
-1.053511977195739746e+00 5.996893048286437988e-01 3.458622932434082031e+00 -3.202945291996002197e-01 -5.138682126998901367e-01
-1.420922279357910156e+00 -5.443508028984069824e-01 7.089082002639770508e-01 -4.248616695404052734e-01 2.205226570367813110e-01
-2.447621345520019531e+00 -1.458364963531494141e+00 3.082545660436153412e-02 -8.469170331954956055e-01 -7.695047259330749512e-01
-1.327890992164611816e+00 1.917465403676033020e-02 1.874618768692016602e+00 -1.014520749449729919e-01 -3.243562281131744385e-01
-1.475932002067565918e+00 -1.274640262126922607e-01 1.289079427719116211e+00 5.779751227237284184e-04 -2.192605137825012207e-01
1.751720786094665527e+00 -9.945265650749206543e-01 -1.966461837291717529e-01 3.892577588558197021e-01 -1.264202713966369629e+00
-1.015576124191284180e+00 -3.958135843276977539e-01 2.762186527252197266e-01 -6.275473833084106445e-01 -1.211967132985591888e-02
-3.429399430751800537e-01 1.029461383819580078e+00 6.977510452270507812e-02 -5.221586227416992188e-01 3.190338015556335449e-01
-3.555514216423034668e-01 1.016557097434997559e+00 5.469552427530288696e-02 -5.276841521263122559e-01 3.218616843223571777e-01
-4.444124996662139893e-01 5.507933497428894043e-01 1.144979670643806458e-01 -4.752038419246673584e-01 2.631124854087829590e-01
-2.329673618078231812e-01 2.184389531612396240e-01 3.066553771495819092e-01 -7.159401178359985352e-01 7.722927629947662354e-02
-5.512896776199340820e-01 1.261178970336914062e+00 -1.127138614654541016e+00 4.505638480186462402e-01 1.307299137115478516e-01
-2.637378126382827759e-02 -6.070502847433090210e-02 -3.754851818084716797e-01 -2.184193283319473267e-01 -1.086072087287902832e+00
-2.289195209741592407e-01 1.343553900718688965e+00 7.778224945068359375e-01 -6.965289115905761719e-01 3.849705159664154053e-01
-3.044669032096862793e-01 1.224990367889404297e+00 5.699393749237060547e-01 -7.350804805755615234e-01 4.787035584449768066e-01
-6.657016873359680176e-01 1.067140698432922363e+00 -1.750192940235137939e-01 -1.892037540674209595e-01 2.801799178123474121e-01
-5.782683491706848145e-01 8.856862187385559082e-01 -1.435329616069793701e-01 -4.007139801979064941e-01 3.185794353485107422e-01
5.195603147149085999e-02 5.034940242767333984e-01 1.067893862724304199e+00 1.831470727920532227e+00 8.495553731918334961e-01
3.033694326877593994e-01 -8.672133088111877441e-01 -3.894023895263671875e-01 -9.633025527000427246e-01 -4.612091481685638428e-01
2.456727474927902222e-01 8.429962396621704102e-01 7.946321368217468262e-01 -5.953227281570434570e-01 -2.712121903896331787e-01
-5.170946717262268066e-01 9.196736812591552734e-01 8.566722273826599121e-02 1.919535249471664429e-01 -1.978816092014312744e-01
-3.916140794754028320e-01 9.659850597381591797e-01 -5.046198889613151550e-02 6.038856506347656250e-01 -5.840893983840942383e-01
-4.171586930751800537e-01 -5.420013666152954102e-01 7.585245966911315918e-01 -1.748752832412719727e+00 4.099830687046051025e-01
-9.097819328308105469e-01 -1.161163449287414551e+00 2.454732805490493774e-01 -3.855911493301391602e-01 -1.802021414041519165e-01
1.950450539588928223e-01 2.206767648458480835e-01 1.076758980751037598e+00 -5.971642732620239258e-01 -1.428907960653305054e-01
4.497730731964111328e-01 5.462068319320678711e-01 8.299385309219360352e-01 -2.223591804504394531e+00 9.691010117530822754e-01
-6.428644657135009766e-01 1.502575874328613281e+00 4.372051358222961426e-01 4.677507877349853516e-01 -2.190418094396591187e-01
7.540099620819091797e-01 -2.178765386343002319e-01 1.245889306068420410e+00 5.799306035041809082e-01 -1.929877042770385742e+00
6.170988678932189941e-01 8.698974549770355225e-02 8.682615756988525391e-01 7.851923108100891113e-01 -1.778153896331787109e+00
1.322716474533081055e+00 -1.771639585494995117e+00 -1.291500926017761230e+00 -7.236139178276062012e-01 7.313733547925949097e-02
1.868536472320556641e-01 -4.552577435970306396e-01 -5.982666611671447754e-01 1.414460837841033936e-01 9.196224212646484375e-01
-1.242640495300292969e+00 4.727794528007507324e-01 4.464040100574493408e-01 7.319059371948242188e-01 3.737442791461944580e-01
1.476555347442626953e+00 -1.003471136093139648e+00 1.390370130538940430e+00 -1.883395314216613770e+00 3.572338223457336426e-01
6.235181093215942383e-01 9.373773634433746338e-02 6.525417566299438477e-01 4.799712449312210083e-02 -3.661231100559234619e-01
-4.218820035457611084e-01 -5.696792155504226685e-02 5.975171923637390137e-03 -9.848085641860961914e-01 -4.319222867488861084e-01
-1.762739270925521851e-01 5.930945277214050293e-01 2.665051817893981934e-01 7.362781763076782227e-01 1.293515443801879883e+00
1.884802281856536865e-01 3.043415546417236328e-01 1.913005113601684570e+00 1.708029508590698242e+00 -2.301776170730590820e+00
3.429522514343261719e-01 1.898846030235290527e-01 1.416544914245605469e+00 1.604491591453552246e+00 -2.251926183700561523e+00
2.622587680816650391e-01 3.652667701244354248e-01 1.450967907905578613e+00 1.451853394508361816e+00 -1.577234506607055664e+00
2.485524564981460571e-01 5.777644515037536621e-01 9.189645051956176758e-01 1.850952148437500000e+00 -2.106441020965576172e+00
-2.970898747444152832e-01 -1.532821357250213623e-01 5.202892422676086426e-01 -1.114768981933593750e+00 -7.050459980964660645e-01
8.907021880149841309e-01 -1.175340712070465088e-01 -1.512617349624633789e+00 -1.506837368011474609e+00 -3.559254109859466553e-01
8.538312911987304688e-01 5.067167878150939941e-01 1.442334055900573730e+00 -6.404674053192138672e-01 -5.377560853958129883e-01
-1.914142668247222900e-01 9.490104317665100098e-01 2.600263655185699463e-01 -8.671339750289916992e-01 9.860997796058654785e-01
3.922795876860618591e-02 1.616857528686523438e+00 4.516543745994567871e-01 -4.801588058471679688e-01 -4.430356621742248535e-01
-1.126971125602722168e+00 -5.359497070312500000e-01 -7.938313484191894531e-01 3.602153360843658447e-01 -4.354917109012603760e-01
-4.881121516227722168e-01 -5.002765655517578125e-01 9.687836766242980957e-01 -1.770530492067337036e-01 -4.471432566642761230e-01
-1.004457831382751465e+00 4.285248517990112305e-01 2.126844227313995361e-01 7.495163381099700928e-02 3.856680989265441895e-01
-5.806872844696044922e-01 -7.311720848083496094e-01 -8.037158846855163574e-01 7.166426181793212891e-01 9.919434785842895508e-02
-8.001914620399475098e-01 -5.333438515663146973e-02 7.464799284934997559e-01 3.398679792881011963e-01 -1.005727291107177734e+00
4.114118218421936035e-01 6.790855526924133301e-02 -5.967426896095275879e-01 8.654664754867553711e-01 -1.008295193314552307e-01
3.267553746700286865e-01 -1.465430483222007751e-02 -5.105053186416625977e-01 -1.587567031383514404e-01 9.665523767471313477e-01
-4.294722676277160645e-01 -3.748721182346343994e-01 -4.327247440814971924e-01 -1.680572390556335449e+00 3.150337338447570801e-01
-1.102491974830627441e+00 1.123315930366516113e+00 5.137445926666259766e-01 6.710395216941833496e-01 1.443296670913696289e-01
8.557700514793395996e-01 2.952292859554290771e-01 -8.819029927253723145e-01 -1.244500875473022461e+00 1.642774939537048340e+00
-5.982794165611267090e-01 1.787210255861282349e-01 5.409616976976394653e-02 4.694891571998596191e-01 -4.982250034809112549e-01
2.254678457975387573e-01 -3.167578577995300293e-01 -7.098177820444107056e-02 3.148943185806274414e-02 -1.410922050476074219e+00
2.199591159820556641e+00 -7.275475561618804932e-02 -1.923591196537017822e-01 -2.777867615222930908e-01 -1.110921502113342285e+00
-1.916585803031921387e+00 4.876062870025634766e-01 2.167502231895923615e-02 2.112845420837402344e+00 -1.716912269592285156e+00
-1.089351400732994080e-01 -5.240928530693054199e-01 -2.623371183872222900e-01 5.160259827971458435e-02 -6.858424544334411621e-01
1.044665932655334473e+00 1.509106755256652832e-01 -1.344121098518371582e+00 -1.098928570747375488e+00 6.838531494140625000e-01
3.570225536823272705e-01 -7.974077016115188599e-02 -8.964383602142333984e-01 -9.639129638671875000e-01 -6.414876319468021393e-03
3.317065238952636719e-01 8.669901639223098755e-02 2.594759464263916016e-01 -8.778463006019592285e-01 1.440162062644958496e-01
3.086140453815460205e-01 1.822961449623107910e+00 -7.748311758041381836e-02 1.142763614654541016e+00 1.320056438446044922e+00
-8.279141187667846680e-01 1.486934065818786621e+00 3.761454224586486816e-01 4.644577801227569580e-01 -6.637134402990341187e-02
-8.275856971740722656e-01 1.488806486129760742e+00 3.706162273883819580e-01 4.629074931144714355e-01 -6.652242690324783325e-02
2.685985565185546875e-01 7.057833075523376465e-01 6.409381628036499023e-01 -2.349193394184112549e-01 -7.807422280311584473e-01
2.242206782102584839e-01 -2.265230938792228699e-02 -3.299864828586578369e-01 1.112270593643188477e+00 5.744376182556152344e-01
2.050360292196273804e-02 -1.812598586082458496e+00 1.678186058998107910e-01 -1.746917217969894409e-01 -1.180722936987876892e-01
-1.345249652862548828e+00 5.238910317420959473e-01 2.967204749584197998e-01 -6.283597350120544434e-01 -3.182781040668487549e-01
4.959488213062286377e-01 1.255659937858581543e+00 -6.426186561584472656e-01 5.630512237548828125e-01 -5.376948118209838867e-01
1.205841302871704102e+00 5.863013863563537598e-01 -1.347627043724060059e+00 -3.789811134338378906e-01 3.268224895000457764e-01
6.856634616851806641e-01 -1.677192091941833496e+00 1.044036746025085449e+00 1.370400309562683105e+00 -8.353503942489624023e-01
8.123314380645751953e-02 1.210692286491394043e+00 7.278577685356140137e-01 3.004304468631744385e-01 -9.006012082099914551e-01
7.774547934532165527e-01 1.604978561401367188e+00 1.336623430252075195e-01 -3.423531055450439453e-01 9.382280707359313965e-01
-3.912607580423355103e-02 1.218255758285522461e-01 4.908408522605895996e-01 6.751124858856201172e-01 -5.610405206680297852e-01
9.868971258401870728e-02 1.153031706809997559e+00 1.694370210170745850e-01 8.402996510267257690e-02 -4.945676922798156738e-01
4.314032495021820068e-01 3.171437382698059082e-01 -1.326701879501342773e+00 -2.793137133121490479e-01 -6.921863555908203125e-01
-1.599779427051544189e-01 2.659085392951965332e-01 -2.802789211273193359e-02 -4.884593486785888672e-01 -3.394261300563812256e-01
3.739651441574096680e-01 -1.134623527526855469e+00 1.112565100193023682e-01 -1.158995509147644043e+00 -6.086185574531555176e-01
-1.269191145896911621e+00 -1.037820577621459961e+00 4.677053093910217285e-01 4.715862870216369629e-02 -1.246264576911926270e+00
-3.840525820851325989e-02 1.258468270301818848e+00 -6.203015446662902832e-01 1.442763924598693848e+00 -1.499825239181518555e+00
1.014979481697082520e+00 1.317716360092163086e+00 1.135886669158935547e+00 -5.758281946182250977e-01 -8.189549446105957031e-01
-7.187995910644531250e-01 2.016732692718505859e-01 -3.394207954406738281e-01 7.102608084678649902e-01 -1.013586521148681641e+00
-8.265258073806762695e-01 6.732506155967712402e-01 -1.475314199924468994e-01 6.296507120132446289e-01 2.515349686145782471e-01
7.940431237220764160e-01 2.962732911109924316e-01 -8.090314865112304688e-01 -3.754819631576538086e-01 -1.198576807975769043e+00
-2.384782955050468445e-02 5.655272006988525391e-01 -5.739349126815795898e-02 -2.565180137753486633e-02 -1.027961850166320801e+00
-1.606896400451660156e+00 -1.003657430410385132e-01 3.067930042743682861e-01 7.143340110778808594e-01 -8.787541389465332031e-01
-6.665101051330566406e-01 -2.748543024063110352e-01 1.501795351505279541e-01 -3.822431340813636780e-02 -8.714486360549926758e-01
-1.860339641571044922e+00 4.200833439826965332e-01 4.749260246753692627e-01 5.541129112243652344e-01 -3.598815202713012695e-01
2.971043288707733154e-01 1.538754224777221680e+00 5.319619774818420410e-01 7.983461022377014160e-02 -8.722398877143859863e-01
1.866958886384963989e-01 -8.037250638008117676e-01 -1.009590983390808105e+00 8.988963365554809570e-01 -8.810222744941711426e-01
6.343697905540466309e-01 -2.759633660316467285e-01 4.282651841640472412e-01 1.164041996002197266e+00 -1.753328919410705566e+00
1.458716511726379395e+00 8.511847257614135742e-01 -4.915998578071594238e-01 -1.092062234878540039e+00 7.583472132682800293e-02
-5.817234516143798828e-01 1.406533241271972656e+00 -2.471892684698104858e-01 8.789399266242980957e-02 -2.533271312713623047e-01
8.519621491432189941e-01 1.160284042358398438e+00 5.592156201601028442e-03 -7.074653506278991699e-01 -2.506516873836517334e-01
-1.855167031288146973e+00 4.553437978029251099e-02 -5.977838486433029175e-02 2.691704332828521729e-01 3.356649875640869141e-01
-2.943916916847229004e-01 -2.177467823028564453e+00 -9.630202651023864746e-01 4.468379914760589600e-01 2.235254049301147461e-01
-1.707429736852645874e-01 6.058470606803894043e-01 5.205967426300048828e-01 -2.596467435359954834e-01 -6.475239992141723633e-01
2.088693827390670776e-01 -9.338656067848205566e-01 2.947749011218547821e-02 -9.227681756019592285e-01 -3.086752891540527344e-01
1.076430082321166992e-01 3.599998354911804199e-01 -7.907730937004089355e-01 8.206418156623840332e-02 -7.174465805292129517e-02
-6.923708915710449219e-01 2.029443085193634033e-01 -1.387008726596832275e-01 -6.700218915939331055e-01 1.133369684219360352e+00
9.105341434478759766e-01 7.203425168991088867e-01 3.435977697372436523e-01 -9.550449252128601074e-01 -5.758373737335205078e-01
-4.051063060760498047e-01 -6.945906877517700195e-01 1.149412751197814941e+00 -9.570294022560119629e-01 -7.147299051284790039e-01
-1.031557798385620117e+00 4.111443758010864258e-01 3.336825370788574219e-01 -5.731166005134582520e-01 4.179080426692962646e-01
-8.942596316337585449e-01 2.202351242303848267e-01 -1.022186517715454102e+00 4.994410276412963867e-01 3.323908150196075439e-02
-9.529480338096618652e-02 -3.096188306808471680e-01 -1.126920223236083984e+00 1.372428890317678452e-02 6.943957209587097168e-01
8.695094585418701172e-01 9.118717908859252930e-02 -5.969951674342155457e-02 -2.500409781932830811e-01 -7.192558795213699341e-02
-9.094911813735961914e-01 1.300673723220825195e+00 3.265340924263000488e-01 3.203671872615814209e-01 8.281196467578411102e-03
-9.352695941925048828e-01 1.312362790107727051e+00 3.264610469341278076e-01 3.436075747013092041e-01 7.521827239543199539e-03
-4.384217262268066406e-01 1.421256303787231445e+00 3.239800035953521729e-01 -2.632670998573303223e-01 7.468668371438980103e-02
-7.379149198532104492e-01 1.522187709808349609e+00 5.331864953041076660e-01 2.246203124523162842e-01 -1.984272748231887817e-01
1.008718371391296387e+00 -4.275256022810935974e-02 7.035320401191711426e-01 -8.524429798126220703e-01 -1.033537149429321289e+00
2.822933904826641083e-02 -8.111667633056640625e-02 -3.422158956527709961e-01 -8.238798975944519043e-01 -8.189966902136802673e-03
-1.585813611745834351e-02 5.201113224029541016e-01 -3.160127699375152588e-01 -1.185958147048950195e+00 4.224358201026916504e-01
8.666735887527465820e-01 -4.224370699375867844e-03 -1.139386892318725586e-01 3.375409841537475586e-01 -1.006317734718322754e+00
-9.146342873573303223e-01 1.207663536071777344e+00 6.145552396774291992e-01 4.308937191963195801e-01 -2.162738889455795288e-01
-8.737879395484924316e-01 1.167195796966552734e+00 6.313953995704650879e-01 3.675586581230163574e-01 -2.088323235511779785e-01
-9.025754332542419434e-01 1.405334472656250000e+00 -1.767228841781616211e-01 8.684241026639938354e-02 4.903024137020111084e-01
-1.031958103179931641e+00 9.604876041412353516e-01 -1.741323322057723999e-01 -6.540443748235702515e-03 3.663828074932098389e-01
-9.486184120178222656e-01 -1.362535595893859863e+00 3.184131383895874023e-01 -1.117709636688232422e+00 -4.171650707721710205e-01
4.455681443214416504e-01 7.880144119262695312e-01 -4.838291108608245850e-01 4.491046965122222900e-01 -1.071891427040100098e+00
-3.994188606739044189e-01 1.899382621049880981e-01 4.038268327713012695e-01 -5.806365013122558594e-01 2.083552628755569458e-01
-2.200017720460891724e-01 1.483736932277679443e-01 6.732213497161865234e-02 -5.674996376037597656e-01 1.070161163806915283e-01
-7.351715564727783203e-01 1.875674605369567871e+00 7.577424049377441406e-01 7.840766906738281250e-01 -2.799567878246307373e-01
-2.812393605709075928e-01 8.117325305938720703e-01 -1.191455602645874023e+00 3.456594422459602356e-02 -1.806398630142211914e-01
-2.016415596008300781e-01 5.209627747535705566e-01 5.803701877593994141e-01 -8.204512000083923340e-01 -3.087372183799743652e-01
-2.400263100862503052e-01 3.131271600723266602e-01 -2.591618299484252930e-01 -8.917507529258728027e-01 9.808473587036132812e-01
1.419489860534667969e+00 9.929617643356323242e-01 2.200271189212799072e-01 -6.397584676742553711e-01 -3.106549382209777832e-01
4.824408516287803650e-02 1.207198977470397949e+00 9.440796375274658203e-01 3.989020884037017822e-01 -8.828878998756408691e-01
7.929470539093017578e-01 3.271896839141845703e-01 5.831005573272705078e-01 7.667153328657150269e-02 1.649837851524353027e+00
8.880227208137512207e-01 -1.882229931652545929e-02 7.450195550918579102e-01 -6.909030675888061523e-02 5.403189659118652344e-01
5.946566462516784668e-01 9.645237326622009277e-01 4.063456505537033081e-02 1.741993124596774578e-03 -1.032262325286865234e+00
3.318792283535003662e-01 6.638606190681457520e-01 -1.881576895713806152e+00 1.059581190347671509e-01 4.676977694034576416e-01
5.766021609306335449e-01 1.130897760391235352e+00 1.171708703041076660e+00 3.458099663257598877e-01 -1.502501606941223145e+00
9.566919803619384766e-01 7.781780362129211426e-01 1.444455027580261230e+00 -1.238706931471824646e-01 -1.632152676582336426e+00
-9.061111211776733398e-01 1.570048630237579346e-01 3.775845468044281006e-01 2.047055214643478394e-02 -2.044519335031509399e-01
-1.815447211265563965e-01 1.713273048400878906e+00 -8.831879496574401855e-01 3.090886771678924561e-01 2.114953696727752686e-01
-1.576835662126541138e-02 1.416546463966369629e+00 7.634882926940917969e-01 -3.802904486656188965e-02 -1.821869760751724243e-01
-4.494921565055847168e-01 4.461510181427001953e-01 4.974550604820251465e-01 -3.059813976287841797e-01 -4.104739427566528320e-02
-2.552126348018646240e-01 2.192161381244659424e-01 -1.431972682476043701e-01 1.498906314373016357e-01 -3.626823425292968750e-01
-3.268132209777832031e-01 -3.256442546844482422e-01 -2.809054590761661530e-02 6.325795054435729980e-01 -7.770718336105346680e-01
-4.302847012877464294e-02 -1.147619411349296570e-01 1.884634375572204590e+00 1.968629956245422363e-01 -1.035699009895324707e+00
-5.007839798927307129e-01 1.668226838111877441e+00 5.129391551017761230e-01 1.651759594678878784e-01 6.771767139434814453e-01
2.701824188232421875e+00 -7.481904625892639160e-01 -2.136676758527755737e-01 -1.611478686332702637e+00 -2.743166387081146240e-01
-2.990928888320922852e-01 1.352159261703491211e+00 7.511789798736572266e-01 -3.470470905303955078e-01 1.893040180206298828e+00
-5.774688124656677246e-01 1.200141310691833496e+00 -7.335772514343261719e-01 5.949479341506958008e-01 -1.662253141403198242e-01
-1.920265913009643555e+00 1.510999679565429688e+00 3.228219747543334961e-01 2.006831407546997070e+00 -8.613918423652648926e-01
-6.850241422653198242e-01 -1.195853669196367264e-02 9.413491189479827881e-02 1.496272385120391846e-01 -5.596854090690612793e-01
-5.550910234451293945e-01 7.251811027526855469e-01 -5.114702582359313965e-01 5.439988970756530762e-01 -4.852678775787353516e-01
-1.823542416095733643e-01 4.127897620201110840e-01 2.007982254028320312e+00 -4.507252871990203857e-01 -7.691779732704162598e-02
-1.615525722503662109e+00 2.139834165573120117e+00 1.232069730758666992e+00 1.607145905494689941e+00 1.749351024627685547e-01
-6.426875591278076172e-01 7.064067125320434570e-01 -1.368046104907989502e-01 1.598987281322479248e-01 6.030108779668807983e-02
-1.184153318405151367e+00 -7.073672115802764893e-02 -9.927275776863098145e-01 3.603396005928516388e-03 2.605425715446472168e-01
-7.135360240936279297e-01 1.262479112483561039e-03 1.295251727104187012e+00 -7.604046911001205444e-02 -9.071891903877258301e-01
-1.074299216270446777e+00 1.523001074790954590e+00 3.859485685825347900e-01 1.151547908782958984e+00 -3.261270523071289062e-01
-6.397159695625305176e-01 8.463632464408874512e-01 -2.301144599914550781e-01 3.093176484107971191e-01 2.261894568800926208e-02
-8.647788763046264648e-01 7.202901244163513184e-01 -5.280494093894958496e-01 -1.475250124931335449e-01 -1.801339387893676758e+00
1.144042462110519409e-01 1.003864884376525879e+00 1.634481787681579590e+00 -4.201062321662902832e-01 -2.498596012592315674e-01
3.579645231366157532e-02 1.502513051033020020e+00 4.653252661228179932e-01 -1.261439472436904907e-01 3.856810927391052246e-01
5.824337601661682129e-01 5.492668747901916504e-01 3.608931601047515869e-01 -1.094515800476074219e+00 4.139223992824554443e-01
8.489222526550292969e-01 -5.098499655723571777e-01 2.653746306896209717e-01 -9.264024496078491211e-01 -9.950038194656372070e-01
3.974049091339111328e-01 -2.317896187305450439e-01 -1.159181237220764160e+00 -3.941444754600524902e-01 5.026639103889465332e-01
-9.496903419494628906e-01 -1.591919958591461182e-01 -1.398146301507949829e-01 6.937782168388366699e-01 -1.835215806961059570e+00
-5.223268866539001465e-01 2.693900167942047119e-01 -8.486258238554000854e-02 -6.134331822395324707e-01 4.251052141189575195e-01
-4.962855279445648193e-01 5.314281582832336426e-01 1.056394577026367188e+00 -1.597319692373275757e-01 -1.620788723230361938e-01
8.758163452148437500e-01 8.418498039245605469e-01 -3.207887411117553711e-01 -7.991729974746704102e-01 -5.613094195723533630e-02
-1.166187405586242676e+00 -1.325797289609909058e-01 8.750975131988525391e-01 3.893547356128692627e-01 -7.216007709503173828e-01
1.217897415161132812e+00 7.939844131469726562e-01 -2.452911287546157837e-01 3.455564379692077637e-01 -3.292550146579742432e-01
3.799532353878021240e-01 -5.404354929924011230e-01 2.499689906835556030e-01 8.692886233329772949e-01 -2.489675432443618774e-01
3.820368647575378418e-01 1.105414628982543945e-01 -9.263423085212707520e-01 5.225507020950317383e-01 -1.018265008926391602e+00
1.019471168518066406e+00 7.295014858245849609e-01 -7.810040712356567383e-01 1.673008322715759277e+00 -2.777483761310577393e-01
-3.426041901111602783e-01 8.820725679397583008e-01 -8.780577182769775391e-01 1.681532502174377441e+00 -1.094324737787246704e-01
9.918245077133178711e-01 9.513272047042846680e-01 7.106628417968750000e-01 -3.187286853790283203e-01 -5.235817432403564453e-01
6.117292046546936035e-01 2.228751629590988159e-01 1.135216653347015381e-01 -7.441900372505187988e-01 4.029847383499145508e-01
-3.874977231025695801e-01 7.222411036491394043e-01 8.312404155731201172e-01 5.908292531967163086e-01 -1.518858194351196289e+00
4.453587234020233154e-01 3.429930806159973145e-01 4.575229585170745850e-01 -1.059344530105590820e+00 -2.549156248569488525e-01
-5.625723600387573242e-01 -7.786458730697631836e-01 1.844674706459045410e+00 -1.277606606483459473e+00 -5.410666465759277344e-01
-1.531323343515396118e-01 5.088403820991516113e-01 -1.246139407157897949e+00 -1.145718544721603394e-01 -2.288832664489746094e-01
2.765691280364990234e-01 -9.385627508163452148e-01 4.829785823822021484e-01 5.222537741065025330e-02 -4.355379045009613037e-01
6.231225728988647461e-01 1.420994043350219727e+00 1.659062862396240234e+00 -1.450937271118164062e+00 1.700031995773315430e+00
-1.099305152893066406e+00 1.885830760002136230e+00 9.444835186004638672e-01 6.754634976387023926e-01 -5.222879350185394287e-02
-3.430752158164978027e-01 1.081047654151916504e+00 2.327905595302581787e-01 -1.832170337438583374e-01 -1.977133303880691528e-01
-1.059710979461669922e+00 6.694228649139404297e-01 -1.301067173480987549e-01 2.712155878543853760e-01 -2.125530242919921875e-01
-1.348295331001281738e+00 1.993210554122924805e+00 7.890872955322265625e-01 9.504216909408569336e-01 -6.743176281452178955e-02
-1.309971094131469727e+00 1.914374113082885742e+00 7.281786203384399414e-01 8.558849692344665527e-01 -2.280488051474094391e-02
-3.770855963230133057e-01 1.368826508522033691e+00 1.669058799743652344e+00 1.541368663311004639e-01 -3.438053131103515625e-01
-4.283926486968994141e-01 1.376557826995849609e+00 1.233013868331909180e+00 1.984632015228271484e-01 -1.953447610139846802e-01
-1.008746504783630371e+00 3.718160390853881836e-01 4.085748791694641113e-01 -4.179318249225616455e-01 6.875920891761779785e-01
-3.381581902503967285e-01 1.308324456214904785e+00 4.458978474140167236e-01 -3.578384220600128174e-01 4.612439870834350586e-02
-4.186648428440093994e-01 1.228596210479736328e+00 5.759563446044921875e-01 -4.357848763465881348e-01 1.113549619913101196e-01
3.221842348575592041e-01 1.397670507431030273e+00 2.485608011484146118e-01 2.617289423942565918e-01 -9.344772100448608398e-01
-3.708629608154296875e+00 3.601802289485931396e-01 1.168985128402709961e+00 9.979764372110366821e-02 9.038785696029663086e-01
-8.289535045623779297e-01 -8.725730180740356445e-01 9.612224102020263672e-01 -5.685442090034484863e-01 -5.592941641807556152e-01
-1.649709105491638184e+00 -1.138410925865173340e+00 6.716827303171157837e-02 -1.003303766250610352e+00 5.384636521339416504e-01
-3.360276222229003906e-01 1.120130658149719238e+00 2.955220937728881836e-01 -4.894795715808868408e-01 5.800583213567733765e-02
-1.540371417999267578e+00 -9.826280921697616577e-02 6.728394627571105957e-01 7.000508308410644531e-01 -3.640268445014953613e-01
-1.658958315849304199e+00 1.597237437963485718e-01 1.089580535888671875e+00 1.061210274696350098e+00 -5.897552967071533203e-01
-5.878220796585083008e-01 2.192542999982833862e-01 6.654042005538940430e-01 6.240213513374328613e-01 4.163511395454406738e-01
-7.590325474739074707e-01 2.451564371585845947e-01 -8.773190379142761230e-01 -1.789997965097427368e-01 9.518338441848754883e-01
-1.885437846183776855e+00 2.653183043003082275e-01 1.539964318275451660e+00 1.287360906600952148e+00 -6.881312131881713867e-01
8.487722277641296387e-02 8.832926750183105469e-01 -2.524696886539459229e-01 1.057560682296752930e+00 -1.700416922569274902e+00
9.331889152526855469e-01 -1.678184792399406433e-02 -4.787129163742065430e-01 5.492041110992431641e-01 1.357830286026000977e+00
1.868940293788909912e-01 9.060932695865631104e-02 6.296771168708801270e-01 6.107478141784667969e-01 3.573337569832801819e-02
-9.450965523719787598e-01 1.447162508964538574e+00 3.862712979316711426e-01 4.021530449390411377e-01 8.334263414144515991e-02
-2.402092516422271729e-01 -2.105765491724014282e-01 -9.273936748504638672e-01 -4.657745957374572754e-01 -2.499520927667617798e-01
7.840452790260314941e-01 -7.687234878540039062e-02 -5.624228715896606445e-01 -1.479543447494506836e+00 -1.030696034431457520e+00
3.543911874294281006e-01 2.048207521438598633e+00 6.195602938532829285e-02 -2.262224555015563965e-01 -4.975520074367523193e-02
4.084220826625823975e-01 -7.187846302986145020e-01 -3.612754642963409424e-01 -1.266004204750061035e+00 1.019009649753570557e-01
-1.093696713447570801e+00 1.459689259529113770e+00 5.052391886711120605e-01 4.450014829635620117e-01 7.422649860382080078e-02
-1.095327854156494141e+00 1.469003200531005859e+00 5.029235482215881348e-01 4.506438374519348145e-01 7.509976625442504883e-02
-1.000867366790771484e+00 1.422937512397766113e+00 4.044274985790252686e-01 3.781871199607849121e-01 8.682508021593093872e-02
-1.132500529289245605e+00 8.085212111473083496e-01 6.696222424507141113e-01 9.826877713203430176e-02 1.513451337814331055e-01
-1.320371270179748535e+00 1.460705280303955078e+00 7.480167746543884277e-01 7.212681770324707031e-01 -4.245020821690559387e-02
-3.391824066638946533e-01 4.615969657897949219e-01 1.857199192047119141e+00 -7.347999811172485352e-01 -6.231292486190795898e-01
2.427239120006561279e-01 3.371201157569885254e-01 -5.890973657369613647e-02 -1.215347796678543091e-01 -1.202240467071533203e+00
-5.479757785797119141e-01 1.498136639595031738e+00 -4.272048473358154297e-01 2.413978278636932373e-01 6.146807670593261719e-01
4.758034348487854004e-01 7.571908235549926758e-01 -1.583562791347503662e-01 -4.567415714263916016e-01 -8.204098939895629883e-01
-4.081400334835052490e-01 1.547356367111206055e+00 2.322011813521385193e-02 6.543490886688232422e-01 -5.451637506484985352e-02
-4.897463023662567139e-01 4.315861761569976807e-01 -9.246066808700561523e-01 -5.045006275177001953e-01 2.417934983968734741e-01
4.025572240352630615e-01 -9.020572900772094727e-01 -1.207888364791870117e+00 1.004742860794067383e+00 -3.344866335391998291e-01
-3.197319805622100830e-01 1.390138983726501465e+00 3.158772587776184082e-01 5.678488612174987793e-01 -2.603173851966857910e-01
-6.784757226705551147e-02 1.158578872680664062e+00 2.291312813758850098e-01 5.220536142587661743e-02 -2.359254751354455948e-03
-1.952940411865711212e-02 -9.971592575311660767e-02 3.083806633949279785e-01 -1.116039156913757324e+00 3.427606523036956787e-01
-1.770096302032470703e+00 7.941515445709228516e-01 -8.521564006805419922e-01 4.877917170524597168e-01 1.059044361114501953e+00
1.343028068542480469e+00 1.026323914527893066e+00 6.905119419097900391e-01 -1.034714579582214355e+00 -3.925276994705200195e-01
-6.012693643569946289e-01 -1.090714216232299805e+00 4.346334040164947510e-01 -5.191328525543212891e-01 -6.696055531501770020e-01
-1.342804282903671265e-01 1.666249871253967285e+00 2.478825002908706665e-01 4.070618748664855957e-01 -9.919171035289764404e-02
-4.975129291415214539e-02 6.470451354980468750e-01 7.929380536079406738e-01 -5.231578946113586426e-01 1.292577832937240601e-01
-5.267871618270874023e-01 1.485672116279602051e+00 6.626886725425720215e-01 1.958509534597396851e-01 5.757492035627365112e-02
-1.281951546669006348e+00 1.050436735153198242e+00 -7.653862237930297852e-01 5.307307839393615723e-01 -7.963173985481262207e-01
-1.104831814765930176e+00 8.948709964752197266e-01 -1.502794384956359863e+00 -1.104070395231246948e-01 4.650382697582244873e-01
-5.372102856636047363e-01 1.505003690719604492e+00 6.426761746406555176e-01 2.346752732992172241e-01 5.958548560738563538e-02
-1.015752553939819336e+00 -4.468888416886329651e-02 7.681743502616882324e-01 2.794062793254852295e-01 -7.360690236091613770e-01
-1.166363835334777832e+00 -5.251211524009704590e-01 5.479720830917358398e-01 1.502560675144195557e-01 -7.124261856079101562e-01
-9.426494240760803223e-01 1.271253347396850586e+00 -1.017519310116767883e-01 4.536529481410980225e-01 1.653934419155120850e-01
1.148042440414428711e+00 -1.941301226615905762e+00 -4.680486321449279785e-01 -1.799595713615417480e+00 -7.586307525634765625e-01
-1.296042442321777344e+00 -2.201976478099822998e-01 8.058980107307434082e-01 -1.300840526819229126e-01 4.494343996047973633e-01
1.350895881652832031e+00 4.670039415359497070e-01 1.938582062721252441e-01 -1.133123755455017090e+00 -5.110807344317436218e-02
-5.072560906410217285e-02 9.838541746139526367e-01 1.677571833133697510e-01 -5.111771225929260254e-01 6.274484395980834961e-01
-8.021119236946105957e-01 -2.382380813360214233e-01 -9.789985418319702148e-02 2.906762063503265381e-02 -5.554797053337097168e-01
-7.943311333656311035e-01 1.220703363418579102e+00 5.905858874320983887e-01 6.003943085670471191e-01 -2.170451730489730835e-01
-2.387817054986953735e-01 -9.537941217422485352e-02 -1.183575466275215149e-01 1.131502270698547363e+00 4.730545878410339355e-01
1.115545988082885742e+00 -5.047969818115234375e-01 -1.136110901832580566e+00 -8.987189531326293945e-01 -8.395047783851623535e-01
-3.756453394889831543e-01 5.799689292907714844e-01 4.955999255180358887e-01 1.766137629747390747e-01 8.471675962209701538e-02
-1.070341467857360840e+00 -1.259370088577270508e+00 8.602235317230224609e-01 5.876062512397766113e-01 -1.173728585243225098e+00
-5.290905237197875977e-01 2.153013497591018677e-01 -8.662530183792114258e-01 -2.737740240991115570e-02 -1.122065111994743347e-01
1.161997318267822266e+00 8.848920464515686035e-01 3.991674482822418213e-01 -1.088573694229125977e+00 -8.413699865341186523e-01
-6.378099322319030762e-01 -6.317221559584140778e-03 2.964508831501007080e-01 9.795761108398437500e-02 -4.494994580745697021e-01
-2.485286146402359009e-01 4.782099127769470215e-01 3.298707902431488037e-01 6.199049353599548340e-01 -1.572324708104133606e-02
-5.338786840438842773e-01 2.967467904090881348e-01 3.955084085464477539e-01 8.884228467941284180e-01 -5.815337300300598145e-01
6.291580200195312500e-01 -2.915990114212036133e+00 -3.587569892406463623e-01 -4.586941003799438477e-01 9.837629795074462891e-01
-8.299353122711181641e-01 -3.662477135658264160e-01 -9.424199461936950684e-01 1.700645834207534790e-01 -8.124613761901855469e-01
3.449994623661041260e-01 9.849912524223327637e-01 -2.411371707916259766e+00 -7.057517170906066895e-01 2.352721840143203735e-01
-8.330652117729187012e-02 7.462236285209655762e-01 5.199533104896545410e-01 3.269894421100616455e-01 -8.885219097137451172e-01
-2.506652474403381348e-01 1.529177308082580566e+00 4.485039114952087402e-01 2.107027173042297363e-01 2.243872731924057007e-01
1.928425282239913940e-01 7.155941724777221680e-01 4.981496036052703857e-01 -7.773182392120361328e-01 -2.195766419172286987e-01
-5.317921042442321777e-01 1.120871663093566895e+00 -8.620695471763610840e-01 1.497514545917510986e-01 9.300467967987060547e-01
2.708579301834106445e-01 2.448131591081619263e-01 7.953788638114929199e-01 -1.715538203716278076e-01 4.870181679725646973e-01
5.439548492431640625e-01 3.218976259231567383e-01 2.073698043823242188e-01 -3.660390079021453857e-01 -8.154926300048828125e-01
-6.262005567550659180e-01 -9.780783057212829590e-01 -1.855615228414535522e-01 9.284586906433105469e-01 1.073758959770202637e+00
-6.964327096939086914e-01 -1.669614948332309723e-02 -4.241238832473754883e-01 1.358246207237243652e+00 -1.682645201683044434e+00
-3.493471443653106689e-01 -9.945162534713745117e-01 -1.708158016204833984e+00 1.380813598632812500e+00 1.122014410793781281e-02
5.425226688385009766e-01 1.548801779747009277e+00 1.196100473403930664e+00 2.758770287036895752e-01 -1.113501906394958496e+00
5.255110859870910645e-01 1.559470534324645996e+00 1.213145852088928223e+00 2.952757775783538818e-01 -1.131612300872802734e+00
1.228293895721435547e+00 8.784512281417846680e-01 1.456660389900207520e+00 -9.798339605331420898e-01 -8.175351619720458984e-01
9.996394515037536621e-01 1.723675370216369629e+00 -6.954141259193420410e-01 -8.873369097709655762e-01 3.464004397392272949e-01
1.683934450149536133e+00 1.471655368804931641e+00 1.150648713111877441e+00 -1.020042538642883301e+00 -8.896508216857910156e-01
1.806496381759643555e+00 1.216733336448669434e+00 -1.403271257877349854e-01 -1.323177814483642578e+00 -6.973994374275207520e-01
-3.123450577259063721e-01 8.003326654434204102e-01 -9.886921383440494537e-03 5.625535845756530762e-01 -1.252419829368591309e+00
1.195371866226196289e+00 1.693950653076171875e+00 3.550488948822021484e-01 -5.886756777763366699e-01 -6.133224368095397949e-01
-2.036379098892211914e+00 9.197489619255065918e-01 -7.582828998565673828e-01 1.227966666221618652e+00 5.004667043685913086e-01
-1.572205662727355957e+00 9.908934831619262695e-01 1.022602796554565430e+00 1.311610460281372070e+00 -5.433238148689270020e-01
-1.257580995559692383e+00 1.678295284509658813e-01 7.404910922050476074e-01 5.736233666539192200e-02 1.986219733953475952e-01
-8.366464637219905853e-03 1.776457548141479492e+00 1.109397053718566895e+00 9.630358815193176270e-01 -1.270116090774536133e+00
-6.365780718624591827e-03 1.546135783195495605e+00 7.248408794403076172e-01 1.921285092830657959e-01 -3.324062228202819824e-01
2.692551910877227783e-02 1.745070815086364746e+00 7.415055036544799805e-01 2.811252772808074951e-01 -3.496756553649902344e-01
-1.236013695597648621e-02 1.589220881462097168e+00 8.751383423805236816e-01 2.481368184089660645e-01 -3.939170539379119873e-01
-9.714571386575698853e-02 8.520290851593017578e-01 -1.461661100387573242e+00 -3.898308575153350830e-01 6.116201877593994141e-01
-6.543163061141967773e-01 7.974373698234558105e-01 7.884837388992309570e-01 -6.666035056114196777e-01 5.922777652740478516e-01
-3.263634145259857178e-01 -4.921326339244842529e-01 -1.083573177456855774e-01 -6.311199665069580078e-01 -5.747820734977722168e-01
3.929219543933868408e-01 -2.503295838832855225e-01 7.377314567565917969e-01 -4.342195391654968262e-01 -9.356206655502319336e-02
2.679049074649810791e-01 -1.132415309548377991e-01 -4.084057807922363281e-01 -2.407501786947250366e-01 -9.872634410858154297e-01
-3.484132289886474609e-01 -2.965936660766601562e-01 5.694918632507324219e-01 -8.930401504039764404e-02 -1.469614267349243164e+00
-7.653234153985977173e-02 -6.274530291557312012e-01 -4.108616113662719727e-01 2.805387973785400391e-01 5.637117624282836914e-01
-1.101071000099182129e+00 -4.757823944091796875e-01 1.069461345672607422e+00 7.904356122016906738e-01 3.534979224205017090e-01
2.700370550155639648e-01 1.406499028205871582e+00 1.225116014480590820e+00 9.911212921142578125e-01 -1.890567183494567871e+00
5.807338953018188477e-01 3.988068401813507080e-01 -5.780196189880371094e-01 -2.304497659206390381e-01 -5.644853711128234863e-01
-1.720801442861557007e-01 1.845363140106201172e+00 -1.404224336147308350e-01 -4.948399364948272705e-01 1.312500238418579102e+00
1.470295637845993042e-01 7.261305302381515503e-02 -3.075189292430877686e-01 -1.233161836862564087e-01 -5.661440491676330566e-01
-4.601935446262359619e-01 -6.433225870132446289e-01 9.233332276344299316e-01 1.269025206565856934e-01 -9.593982696533203125e-01
9.621049761772155762e-01 1.718810796737670898e+00 6.602084040641784668e-01 9.172127842903137207e-01 -2.101345062255859375e+00
6.361817121505737305e-01 1.414606809616088867e+00 1.431582212448120117e+00 1.002567291259765625e+00 -2.322664022445678711e+00
-8.776082396507263184e-01 4.187677800655364990e-01 8.753095865249633789e-01 6.561428904533386230e-01 -8.880059123039245605e-01
1.030697822570800781e+00 -7.827305197715759277e-01 -9.700017571449279785e-01 7.802145928144454956e-02 -2.230059623718261719e+00
1.152657985687255859e+00 -2.757467627525329590e-01 -3.742022067308425903e-02 -2.000891715288162231e-01 -6.233995556831359863e-01
4.816302955150604248e-01 6.030258536338806152e-01 -2.173059880733489990e-01 1.039969801902770996e+00 -2.111720800399780273e+00
1.198315858840942383e+00 4.143670499324798584e-01 5.215084180235862732e-02 -3.630092442035675049e-01 1.311633735895156860e-01
-4.374732822179794312e-02 7.755786776542663574e-01 -1.559558749198913574e+00 6.995944380760192871e-01 -6.779505610466003418e-01
5.417302250862121582e-01 7.721599936485290527e-01 -3.759245947003364563e-02 1.084632277488708496e+00 -2.015127897262573242e+00
8.914155364036560059e-01 -2.740611135959625244e-01 -7.514040470123291016e-01 -5.311562418937683105e-01 -7.479227781295776367e-01
3.265011310577392578e-01 7.900812029838562012e-01 3.665464818477630615e-01 8.140855431556701660e-01 -1.420741438865661621e+00
-4.519163668155670166e-01 6.938136219978332520e-01 1.352792024612426758e+00 -1.684659868478775024e-01 -4.730197489261627197e-01
-6.234399676322937012e-01 1.075894236564636230e+00 1.508367776870727539e+00 1.886545270681381226e-01 -5.232673883438110352e-01
-6.852160096168518066e-01 3.147238194942474365e-01 1.615301251411437988e+00 1.026204824447631836e-01 -1.022734045982360840e+00
-8.146630525588989258e-01 -1.481865406036376953e+00 -3.889888525009155273e-01 -7.783529758453369141e-01 -3.822371959686279297e-01
-6.234901547431945801e-01 -3.696739375591278076e-01 -4.241293370723724365e-01 -2.676032781600952148e-01 -7.881299406290054321e-02
4.450155496597290039e-01 1.305430829524993896e-01 -1.806728914380073547e-02 -1.247653722763061523e+00 7.701278198510408401e-03
-9.906795620918273926e-01 -1.597853779792785645e+00 5.662513971328735352e-01 -3.409419953823089600e-02 -5.278779864311218262e-01
8.857938647270202637e-01 3.127006292343139648e-01 -1.235481977462768555e+00 -1.374228358268737793e+00 1.222848653793334961e+00
-1.827621459960937500e+00 -2.392157018184661865e-01 4.443789720535278320e-01 -3.682899773120880127e-01 1.183700084686279297e+00
7.939040660858154297e-01 -5.322265028953552246e-01 8.585392236709594727e-01 -2.780945003032684326e-01 -2.701326608657836914e-01
-8.407890200614929199e-01 1.014350771903991699e+00 1.190834760665893555e+00 2.639610171318054199e-01 -4.150685667991638184e-01
-3.118501976132392883e-02 6.420643925666809082e-01 7.819658517837524414e-01 -1.653353869915008545e-01 -8.773103356361389160e-01
-1.072539567947387695e+00 7.086735963821411133e-01 -3.046869039535522461e-01 -4.967157244682312012e-01 9.660462141036987305e-01
3.344470858573913574e-01 6.569400429725646973e-01 3.442210853099822998e-01 -1.347034811973571777e+00 3.536119461059570312e-01
-1.017577886581420898e+00 8.211356401443481445e-01 8.966305255889892578e-01 -1.269691288471221924e-01 -1.015706220641732216e-03
-3.225953876972198486e-01 7.376663684844970703e-01 5.156329274177551270e-01 1.750253140926361084e-01 -6.531822085380554199e-01
-7.466299533843994141e-01 5.646733641624450684e-01 1.095326066017150879e+00 -1.875155866146087646e-01 -3.953983187675476074e-01
-9.130939245223999023e-01 4.909724593162536621e-01 2.216719388961791992e+00 2.959577739238739014e-01 -1.295037388801574707e+00
-9.513404369354248047e-01 9.119071364402770996e-01 2.960473597049713135e-01 7.192197442054748535e-01 -8.690627217292785645e-01
-3.643871843814849854e-01 -6.797282397747039795e-02 3.412767946720123291e-01 -6.689371466636657715e-01 1.983703672885894775e-01
-8.266136646270751953e-01 -2.458795756101608276e-01 2.085051774978637695e+00 -3.181988000869750977e-01 -8.690570294857025146e-02
-5.566614270210266113e-01 1.093968272209167480e+00 8.737887144088745117e-01 3.505529165267944336e-01 -1.487364619970321655e-01
3.348036110401153564e-01 1.042856216430664062e+00 1.321139335632324219e+00 -3.477335274219512939e-01 -3.315071463584899902e-01
-2.738539874553680420e-01 1.435266137123107910e+00 1.263997793197631836e+00 2.237911969423294067e-01 -1.890299320220947266e-01
-4.559171944856643677e-02 1.208968997001647949e+00 5.222712159156799316e-01 9.783940389752388000e-03 -2.393702566623687744e-01
-3.670026063919067383e-01 1.244910001754760742e+00 -3.121529147028923035e-02 1.858739741146564484e-02 1.860605031251907349e-01
-2.079303711652755737e-01 6.785776019096374512e-01 7.599433660507202148e-01 1.139037311077117920e-01 -5.134453773498535156e-01
1.024844422936439514e-01 -2.159080207347869873e-01 3.782452642917633057e-01 -9.532054662704467773e-01 -3.795418739318847656e-01
1.228805303573608398e+00 2.462002635002136230e-01 1.156029224395751953e+00 -1.001108765602111816e+00 -1.654328554868698120e-01
-2.531245350837707520e-01 4.455456733703613281e-01 -5.155520439147949219e-01 1.555092725902795792e-02 -3.544256687164306641e-01
-1.846659332513809204e-01 -1.125988006591796875e+00 -2.133179455995559692e-02 8.508355617523193359e-01 2.399248123168945312e+00
3.891699910163879395e-01 9.613202214241027832e-01 -3.541461229324340820e-01 -4.427967071533203125e-01 4.761863350868225098e-01
6.626351922750473022e-02 6.220353841781616211e-01 -1.387755274772644043e+00 -5.740187168121337891e-01 1.329021215438842773e+00
2.580079734325408936e-01 2.046873569488525391e-01 -2.319983541965484619e-01 1.144109386950731277e-02 -4.994316995143890381e-01
-4.768992364406585693e-01 -5.668908953666687012e-01 6.208493709564208984e-01 -1.037531256675720215e+00 -2.490662932395935059e-01
-1.203690528869628906e+00 -7.769287824630737305e-01 5.718704462051391602e-01 6.424394249916076660e-01 -2.572690248489379883e-01
8.032103627920150757e-02 3.994544595479965210e-02 -2.262234240770339966e-01 4.829487949609756470e-02 -9.998955065384507179e-04
5.424494147300720215e-01 5.492112040519714355e-01 2.492054551839828491e-01 9.441787004470825195e-01 -1.755503654479980469e+00
4.820787310600280762e-01 1.153614521026611328e+00 3.898086026310920715e-02 1.404429197311401367e+00 -1.761516690254211426e+00
5.038697123527526855e-01 1.106347680091857910e+00 4.186379164457321167e-02 1.380805373191833496e+00 -1.763828516006469727e+00
2.380335330963134766e-02 1.511845588684082031e+00 3.209997415542602539e-01 1.195158481597900391e+00 -4.357284605503082275e-01
9.033295512199401855e-01 4.021720588207244873e-01 -1.753262132406234741e-01 -1.098436951637268066e+00 -4.063551500439643860e-02
-3.235372006893157959e-01 9.524839115329086781e-04 -7.620497345924377441e-01 -3.651643991470336914e-01 -7.407471537590026855e-01
3.750072121620178223e-01 5.577835836447775364e-04 -1.807424426078796387e-01 -8.313710093498229980e-01 -8.268474340438842773e-01
-5.567287206649780273e-01 1.785730600357055664e+00 7.441172003746032715e-02 -4.689657688140869141e-02 1.226905703544616699e+00
-2.752910852432250977e-01 8.010173439979553223e-01 6.981902569532394409e-02 -1.536393642425537109e+00 -1.071358919143676758e+00
1.642822027206420898e+00 4.553394019603729248e-01 -3.938441276550292969e-01 -5.616665482521057129e-01 1.296833064407110214e-02
6.076009273529052734e-01 1.225564599037170410e+00 -2.411486506462097168e-01 1.106837034225463867e+00 -1.429646015167236328e+00
6.264965534210205078e-01 8.601231575012207031e-01 -2.056700140237808228e-01 8.970459103584289551e-01 -1.432526230812072754e+00
8.000221252441406250e-01 9.826756119728088379e-01 -5.702489241957664490e-02 8.483964204788208008e-01 -1.473954916000366211e+00
7.074349373579025269e-02 -1.377470970153808594e+00 4.462155401706695557e-01 -4.635455012321472168e-01 -1.780204176902770996e+00
5.404882431030273438e-01 6.239126920700073242e-01 1.661217331886291504e+00 1.657885670661926270e+00 -2.604822635650634766e+00
-1.903967261314392090e-01 1.197312474250793457e+00 -1.712331533432006836e+00 1.503328800201416016e+00 1.503663361072540283e-01
1.228085517883300781e+00 -1.991722345352172852e+00 -2.284646928310394287e-01 -5.134297534823417664e-02 -1.062555313110351562e+00
7.528688907623291016e-01 4.256636202335357666e-01 1.848341226577758789e+00 1.376535534858703613e+00 -2.609984636306762695e+00
6.638450622558593750e-01 4.546671211719512939e-01 1.742025017738342285e+00 1.489324808120727539e+00 -2.622883319854736328e+00
-2.202669382095336914e-01 9.196869283914566040e-02 2.053712308406829834e-01 -3.705550134181976318e-01 9.826366901397705078e-01
-1.500577807426452637e+00 -5.359647870063781738e-01 -1.379748225212097168e+00 5.652282238006591797e-01 1.177965879440307617e+00
-1.259616494178771973e+00 1.561305880546569824e+00 -1.391483247280120850e-01 3.334371149539947510e-01 -8.882730454206466675e-02
-1.660007610917091370e-02 -1.205537199974060059e+00 -1.759922206401824951e-01 -6.253578662872314453e-01 -1.064821958541870117e+00
8.917373418807983398e-01 7.629696726799011230e-01 -3.207757472991943359e-01 -2.330320701003074646e-02 -4.692748188972473145e-01
-1.279442071914672852e+00 2.253764495253562927e-02 -2.201464325189590454e-01 -4.388780891895294189e-01 -2.401011466979980469e+00
1.562046885490417480e+00 5.426452159881591797e-01 1.100865527987480164e-01 -5.036646500229835510e-02 -1.447673320770263672e+00
3.110318183898925781e-01 8.042331039905548096e-02 1.068591475486755371e+00 1.430228471755981445e+00 -2.341737270355224609e+00
6.797924637794494629e-01 6.898747757077217102e-03 1.645904183387756348e+00 1.753874421119689941e-01 -1.219633579254150391e+00
1.379896998405456543e-01 -8.410438895225524902e-01 1.117963939905166626e-01 1.208781264722347260e-02 -1.502521514892578125e+00
-2.639137208461761475e-01 -8.562009334564208984e-01 -1.117007508873939514e-01 3.119843006134033203e-01 -1.474660158157348633e+00
-6.680772900581359863e-01 4.230371117591857910e-01 -5.927182435989379883e-01 3.045060634613037109e-01 -6.396602988243103027e-01
-1.332143247127532959e-01 -8.108366131782531738e-01 1.381354629993438721e-01 2.181893289089202881e-01 1.261322200298309326e-01
2.969178259372711182e-01 -7.054655551910400391e-01 8.583808690309524536e-02 -8.048637211322784424e-02 -1.424412846565246582e+00
-6.406614184379577637e-02 -6.988118290901184082e-01 4.385397955775260925e-02 3.033125996589660645e-01 -1.534182548522949219e+00
8.043795078992843628e-02 -1.973072588443756104e-01 -1.911739706993103027e-01 3.651297390460968018e-01 -1.361077308654785156e+00
1.052369177341461182e-01 -4.814882278442382812e-01 1.501138567924499512e+00 4.449662566184997559e-01 1.044762372970581055e+00
2.753633598331362009e-04 -6.137275099754333496e-01 -3.542217314243316650e-01 -8.822511434555053711e-01 4.601016640663146973e-01
1.543750911951065063e-01 -1.008070230484008789e+00 2.052970647811889648e+00 1.436814814805984497e-01 5.697352886199951172e-01
1.078991368412971497e-01 3.073359429836273193e-01 2.378727644681930542e-01 -1.065185666084289551e+00 8.147155642509460449e-01
-3.087334334850311279e-01 1.286698281764984131e-01 -4.495132267475128174e-01 7.021982222795486450e-02 -2.599915862083435059e-01
-4.428003728389739990e-01 -1.029612645506858826e-01 -3.014950752258300781e-01 1.087616235017776489e-01 -3.394838273525238037e-01
-4.039383828639984131e-01 -5.740402936935424805e-01 -1.517741829156875610e-01 -2.243952602148056030e-01 -3.366827666759490967e-01
-3.727807104587554932e-02 -1.097183525562286377e-01 -2.615591585636138916e-01 -3.433722555637359619e-01 -2.319640070199966431e-01
-3.588188886642456055e-01 -4.480104148387908936e-01 -2.164942622184753418e-01 -2.305508553981781006e-01 -2.911515831947326660e-01
-2.251854836940765381e-01 -2.348909527063369751e-01 -3.078871071338653564e-01 -2.128270119428634644e-01 -2.709396481513977051e-01
2.600034698843955994e-03 -5.531914234161376953e-01 5.137518048286437988e-02 -5.777673721313476562e-01 -3.302607238292694092e-01
-5.171228051185607910e-01 -1.566476941108703613e+00 -8.115838170051574707e-01 8.244811892509460449e-01 -2.183723598718643188e-01
4.660643637180328369e-02 -8.435384035110473633e-01 -5.458930879831314087e-02 5.677620768547058105e-01 2.691067457199096680e-01
1.755025982856750488e+00 -4.286971390247344971e-01 -1.349457740783691406e+00 5.151405930519104004e-01 3.900213912129402161e-02
8.724970221519470215e-01 1.024407371878623962e-01 2.956553399562835693e-01 -9.557979106903076172e-01 -4.782176017761230469e-01
-4.336663782596588135e-01 -1.466079831123352051e+00 8.043867349624633789e-01 -6.592567563056945801e-01 -5.929544568061828613e-01
-1.086723446846008301e+00 -1.279249191284179688e+00 2.376680135726928711e+00 3.223403394222259521e-01 -1.758586645126342773e+00
-9.570510983467102051e-01 -1.055436372756958008e+00 2.694876194000244141e+00 3.170947134494781494e-01 -1.830330967903137207e+00
-1.067246198654174805e+00 -1.194767355918884277e+00 3.080844163894653320e+00 3.428136110305786133e-01 -2.074236392974853516e+00
-2.076041698455810547e+00 -7.144180536270141602e-01 1.423929214477539062e+00 1.703049421310424805e+00 -1.844690918922424316e+00
-9.374008178710937500e-01 -1.003014326095581055e+00 2.254512786865234375e+00 3.139630258083343506e-01 -1.649209141731262207e+00
-1.696427702903747559e+00 -9.753976464271545410e-01 9.601954221725463867e-01 9.435853958129882812e-01 -1.345721244812011719e+00
-1.384396076202392578e+00 -1.298111438751220703e+00 2.331923961639404297e+00 6.167506575584411621e-01 -1.983502984046936035e+00
-1.084357142448425293e+00 -6.026836633682250977e-01 1.857400089502334595e-01 -7.290963828563690186e-02 -4.063368588685989380e-02
1.958745718002319336e+00 1.456910490989685059e+00 8.691594004631042480e-01 7.939786314964294434e-01 -9.664920717477798462e-02
2.653921544551849365e-01 5.781991481781005859e-01 2.372198253870010376e-01 -2.135895788669586182e-01 9.807639122009277344e-01
1.532301545143127441e+00 -6.418480724096298218e-02 3.916158378124237061e-01 7.266338467597961426e-01 3.434094488620758057e-01
1.920053809881210327e-01 -5.627467632293701172e-01 -9.302744865417480469e-01 1.815824508666992188e-01 -4.812730550765991211e-01
-8.736020922660827637e-01 -5.822252947837114334e-03 -1.464453220367431641e+00 -4.970560371875762939e-01 5.621550083160400391e-01
