-5.010799765586853027e-01 2.664572298526763916e-01 5.829825997352600098e-01 -5.443378165364265442e-02 -4.547782540321350098e-01
2.594218969345092773e+00 2.127485722303390503e-01 8.733475953340530396e-02 1.189004898071289062e+00 -4.447949826717376709e-01
2.421239763498306274e-01 -8.238937854766845703e-01 -1.495958417654037476e-01 6.567569077014923096e-02 -1.108294844627380371e+00
-9.227575659751892090e-01 -4.641630947589874268e-01 -6.096951961517333984e-01 -1.908784151077270508e+00 9.137542843818664551e-01
-6.921109557151794434e-01 -8.714259862899780273e-01 -5.017812550067901611e-02 -1.553503572940826416e-01 -5.871455073356628418e-01
1.882834881544113159e-01 -1.509453892707824707e+00 -5.614590644836425781e-01 -3.226272761821746826e-01 8.250463008880615234e-01
2.962104678153991699e-01 -4.522700309753417969e-01 2.342864871025085449e-01 -8.141022324562072754e-01 -4.802417159080505371e-01
-9.440402388572692871e-01 -1.599591732025146484e+00 3.984079360961914062e-01 -2.495997697114944458e-01 8.539096713066101074e-01
4.490281641483306885e-01 -7.742393016815185547e-01 3.165067136287689209e-01 1.990171074867248535e-01 4.027950167655944824e-01
2.352837324142456055e-01 -7.146910429000854492e-01 -8.441878557205200195e-01 -3.474856019020080566e-01 -5.298613905906677246e-01
-6.170500516891479492e-01 -2.972902059555053711e+00 -2.923716008663177490e-01 2.513193786144256592e-01 -2.270165681838989258e+00
-7.313948273658752441e-01 -2.403930902481079102e+00 -3.635486662387847900e-01 -1.832272410392761230e-01 -2.541314125061035156e+00
-9.387525916099548340e-01 -2.310369014739990234e+00 6.446303725242614746e-01 5.792444348335266113e-01 -1.525640964508056641e+00
6.020409464836120605e-01 -3.540373742580413818e-01 -1.676795184612274170e-01 -2.731760442256927490e-01 1.162696033716201782e-01
1.311547398567199707e+00 -1.852433204650878906e+00 3.963445127010345459e-01 -4.184418320655822754e-01 5.168622136116027832e-01
-3.666496872901916504e-01 -1.143465638160705566e+00 -2.046566247940063477e+00 1.735613703727722168e+00 -5.954200625419616699e-01
-1.351204276084899902e+00 3.362444341182708740e-01 -3.303930759429931641e-01 -6.743928194046020508e-01 -6.638056635856628418e-01
2.003698348999023438e-01 -9.910677671432495117e-01 -2.272191792726516724e-01 -4.424755275249481201e-02 -2.094246864318847656e+00
-3.578012287616729736e-01 -2.029998064041137695e+00 6.558032631874084473e-01 6.805609464645385742e-01 -1.911718249320983887e+00
1.326706886291503906e+00 -7.200121134519577026e-02 6.647921800613403320e-01 -5.239979028701782227e-01 2.374299466609954834e-01
5.617001652717590332e-01 1.363865494728088379e+00 3.785144984722137451e-01 -2.702880203723907471e-01 1.350505053997039795e-01
4.381279945373535156e-01 -8.783074617385864258e-01 -9.971881508827209473e-01 1.507168054580688477e+00 -9.387476444244384766e-01
1.569833159446716309e-01 -1.967137575149536133e+00 -6.531139016151428223e-01 7.280676811933517456e-02 -1.848097562789916992e+00
4.363197684288024902e-01 -1.708376884460449219e+00 -8.901959657669067383e-01 -1.518006026744842529e-01 -2.136149168014526367e+00
-4.794459640979766846e-01 -2.195306301116943359e+00 -4.771749675273895264e-01 -2.255956381559371948e-01 -2.456113815307617188e+00
-6.696397662162780762e-01 -1.676351666450500488e+00 -2.685977518558502197e-01 4.468830674886703491e-02 -9.589394927024841309e-01
8.578668832778930664e-01 -1.023378133773803711e+00 -9.851114153861999512e-01 1.650873720645904541e-01 -7.362365126609802246e-01
-1.958904415369033813e-01 8.183402419090270996e-01 4.381440281867980957e-01 2.226285040378570557e-01 8.803887367248535156e-01
8.531099557876586914e-01 2.713956534862518311e-01 1.619498878717422485e-01 -8.974688649177551270e-01 4.664314538240432739e-02
2.602061629295349121e-01 -4.606506228446960449e-02 -5.248849987983703613e-01 -1.086162701249122620e-01 -2.878224663436412811e-02
-1.499673366546630859e+00 -1.177881658077239990e-01 -5.322793722152709961e-01 -1.290356636047363281e+00 -2.093697071075439453e+00
4.900259375572204590e-01 -7.287067174911499023e-01 6.845873594284057617e-01 6.673221588134765625e-01 -9.374687075614929199e-01
-6.257344484329223633e-01 -1.340394258499145508e+00 4.349781572818756104e-02 -1.095408439636230469e+00 1.186052322387695312e+00
-3.162841498851776123e-01 -1.277156472206115723e+00 1.091474890708923340e+00 5.233479738235473633e-01 -3.073441684246063232e-01
-1.838036030530929565e-01 -3.151249513030052185e-02 -1.691233158111572266e+00 4.422059655189514160e-01 -3.199502229690551758e-01
-5.004712939262390137e-01 -1.199953556060791016e+00 -1.247577555477619171e-02 2.903047576546669006e-02 -8.439975380897521973e-01
-1.411197185516357422e+00 -6.756337881088256836e-01 9.337701834738254547e-03 -4.106424152851104736e-01 -1.749412268400192261e-01
2.652438282966613770e-01 -1.888524413108825684e+00 3.383559733629226685e-02 7.768080830574035645e-01 -8.416140079498291016e-01
-6.353820562362670898e-01 -2.162020206451416016e+00 4.061954915523529053e-01 4.312075376510620117e-01 -1.593019485473632812e+00
-1.592932790517807007e-01 1.312795639038085938e+00 -6.858423352241516113e-01 -9.007594585418701172e-01 -1.066776156425476074e+00
6.987094283103942871e-01 7.509921491146087646e-02 -9.147784709930419922e-01 7.631182074546813965e-01 -3.391313925385475159e-02
3.028673231601715088e-01 -7.503226995468139648e-01 -2.113117873668670654e-01 -8.457049727439880371e-02 -1.336357116699218750e+00
-9.823641926050186157e-02 -6.038473248481750488e-01 -5.021518468856811523e-01 -3.451545238494873047e-01 -9.616182446479797363e-01
4.458828270435333252e-01 -7.486975789070129395e-01 1.401294112205505371e+00 1.312920004129409790e-01 -8.995337784290313721e-02
-2.248185873031616211e-01 6.283404827117919922e-01 -1.496786594390869141e+00 -5.446560978889465332e-01 -7.937944531440734863e-01
-6.478570699691772461e-01 -5.502051115036010742e-01 -9.209140539169311523e-01 -3.692021369934082031e-01 1.223046779632568359e+00
3.095284700393676758e-01 3.801676630973815918e-01 -7.286701202392578125e-01 -1.191004753112792969e+00 -1.073697090148925781e+00
1.317806601524353027e+00 -2.771964073181152344e-01 -6.490966677665710449e-01 5.167766287922859192e-02 -9.336152076721191406e-01
5.833643954247236252e-03 -6.269355416297912598e-01 -6.347528845071792603e-02 -1.113279163837432861e-01 -5.037121176719665527e-01
-1.712681800127029419e-01 -1.062300562858581543e+00 7.508736848831176758e-01 8.399727940559387207e-01 -9.071682691574096680e-01
9.401638507843017578e-01 -2.356090098619461060e-01 1.372156023979187012e+00 1.501878499984741211e+00 7.794927805662155151e-02
-2.628804445266723633e-01 7.386664748191833496e-01 -1.705823063850402832e+00 1.059861421585083008e+00 6.762674450874328613e-01
-3.638871014118194580e-01 -6.097534894943237305e-01 -1.044265925884246826e-01 -6.195795536041259766e-01 1.018770813941955566e+00
2.945666909217834473e-01 -1.080674752593040466e-01 -1.353892207145690918e+00 -1.096958041191101074e+00 2.145700305700302124e-01
-6.343772262334823608e-02 -1.423425793647766113e+00 -2.767321169376373291e-01 1.024722814559936523e+00 3.539671301841735840e-01
-1.260332107543945312e+00 -1.540640473365783691e+00 5.627643465995788574e-01 5.178678631782531738e-01 -4.596447646617889404e-01
6.199491024017333984e-01 -5.964238569140434265e-02 -1.702833414077758789e+00 -1.243372559547424316e+00 8.271758444607257843e-03
2.352931261062622070e+00 -4.814189076423645020e-01 -4.242856502532958984e-01 1.480439603328704834e-01 -2.837096154689788818e-01
7.851478457450866699e-01 -6.654896140098571777e-01 -7.737694978713989258e-01 1.322274804115295410e-01 2.724016085267066956e-02
3.082113265991210938e-01 -8.326572179794311523e-01 -6.382781267166137695e-01 1.162818968296051025e-01 1.804754585027694702e-01
9.269475340843200684e-01 -8.292493820190429688e-01 -9.819590449333190918e-01 1.930370181798934937e-01 1.321765333414077759e-01
5.443943142890930176e-01 -8.854020833969116211e-01 -4.164437949657440186e-01 6.619866192340850830e-02 3.927396982908248901e-02
-4.395932555198669434e-01 -1.074652433395385742e+00 2.309336513280868530e-02 -4.795487597584724426e-02 9.180625528097152710e-02
1.079311743378639221e-01 -9.002508521080017090e-01 -1.009895086288452148e+00 -4.610531926155090332e-01 -1.092536926269531250e+00
4.775769710540771484e-01 -7.892435789108276367e-01 -3.730899691581726074e-01 -3.689307868480682373e-01 -2.295856714248657227e+00
2.464156150817871094e-01 -1.690966367721557617e+00 -3.082253634929656982e-01 2.032858431339263916e-01 -1.385184645652770996e+00
-3.424222171306610107e-01 -2.172353982925415039e+00 -4.692596495151519775e-01 2.042184472084045410e-01 -9.345348477363586426e-01
-7.323015332221984863e-01 -1.640170454978942871e+00 -5.570619553327560425e-02 1.850090771913528442e-01 1.166661262512207031e+00
-4.967888444662094116e-02 1.535098701715469360e-01 4.651893675327301025e-01 -1.253179609775543213e-01 -1.742109894752502441e+00
-1.015209078788757324e+00 -1.933312177658081055e+00 6.424778103828430176e-01 1.573044359683990479e-01 -1.930331826210021973e+00
1.366620302200317383e+00 -4.603954851627349854e-01 -1.796191930770874023e-01 5.698716640472412109e-01 -5.939029455184936523e-01
-1.034151434898376465e+00 -5.935860872268676758e-01 4.080177545547485352e-01 -3.990288376808166504e-01 -1.561787486076354980e+00
-1.157631635665893555e+00 -6.368879079818725586e-01 1.788492351770401001e-01 -4.371542632579803467e-01 -1.216343879699707031e+00
2.535324096679687500e-01 -2.109646320343017578e+00 3.988259732723236084e-01 -9.186611175537109375e-01 5.683523416519165039e-01
7.425673007965087891e-01 -1.065659523010253906e+00 -6.636351346969604492e-01 -4.583542644977569580e-01 -1.120714321732521057e-01
-3.603504300117492676e-01 -1.584338426589965820e+00 -4.095236957073211670e-02 -1.685026437044143677e-01 -2.292875528335571289e+00
-2.557108700275421143e-01 -1.547044754028320312e+00 5.646697878837585449e-01 2.635271549224853516e-01 -2.106766223907470703e+00
2.805484831333160400e-01 -1.023013353347778320e+00 2.384583652019500732e-01 -5.542947351932525635e-02 -1.285078406333923340e+00
2.758273780345916748e-01 -1.257914543151855469e+00 -1.288686156272888184e+00 1.422623246908187866e-01 1.713190317153930664e+00
4.193817824125289917e-02 -1.313897490501403809e+00 -4.953097403049468994e-01 1.693531870841979980e-01 -2.744130194187164307e-01
7.327352166175842285e-01 -2.202721118927001953e+00 -7.986994385719299316e-01 -2.830608282238245010e-03 -3.057742118835449219e+00
1.012560009956359863e+00 -2.500142812728881836e+00 -5.768693685531616211e-01 4.781990647315979004e-01 -2.727055549621582031e+00
2.170369148254394531e+00 -9.887644052505493164e-01 -6.420174241065979004e-01 9.274413585662841797e-01 -5.036811828613281250e-01
7.042520046234130859e-01 -1.123185992240905762e+00 3.675063848495483398e-01 4.461098313331604004e-01 -1.774446845054626465e+00
2.787414789199829102e-01 -2.900532245635986328e+00 -1.343604326248168945e+00 3.337625265121459961e-01 -9.137452840805053711e-01
-1.233588680624961853e-01 -2.533073902130126953e+00 -6.792221665382385254e-01 1.061775460839271545e-01 -1.790762186050415039e+00
2.901326715946197510e-01 -1.092641949653625488e+00 -1.107926845550537109e+00 -1.714274406433105469e+00 2.316316813230514526e-01
-8.503786325454711914e-01 -1.685143858194351196e-01 5.631574988365173340e-01 -2.009190618991851807e-01 7.971069216728210449e-01
1.072043061256408691e+00 -3.922629058361053467e-01 1.219528913497924805e-01 1.255849242210388184e+00 -7.411942481994628906e-01
2.966679036617279053e-01 1.995996236801147461e+00 1.361309289932250977e+00 -7.656913995742797852e-01 -1.759894192218780518e-02
9.308394193649291992e-01 -1.291014403104782104e-01 -6.024504899978637695e-01 -3.574340045452117920e-01 -2.326022386550903320e+00
3.167832493782043457e-01 -1.471741437911987305e+00 -6.893514394760131836e-01 4.075933396816253662e-01 -9.570311307907104492e-01
7.801674008369445801e-01 -1.306633949279785156e+00 3.646625578403472900e-01 2.358301132917404175e-01 8.355627059936523438e-01
-1.352924108505249023e-01 -1.595633983612060547e+00 6.893948912620544434e-01 -3.611482381820678711e-01 1.104673624038696289e+00
-1.322570741176605225e-01 1.596054434776306152e-01 -1.559011816978454590e+00 -5.619598627090454102e-01 -1.495909243822097778e-01
-2.736932039260864258e-01 6.291908025741577148e-02 -5.477185249328613281e-01 -7.188596129417419434e-01 -1.085969805717468262e+00
5.236697196960449219e-01 -1.953209996223449707e+00 2.498268634080886841e-01 8.571182489395141602e-01 -1.282553791999816895e+00
-1.249413967132568359e+00 -1.995683550834655762e+00 -2.688247859477996826e-01 -4.542803857475519180e-03 -7.351498007774353027e-01
1.931710004806518555e+00 -2.721167325973510742e+00 7.298095524311065674e-02 1.581942558288574219e+00 -2.016486883163452148e+00
9.465201497077941895e-01 -3.623873949050903320e+00 2.607524394989013672e-01 1.671983003616333008e+00 -1.993592619895935059e+00
-3.304018974304199219e-01 -3.312968492507934570e+00 -4.210593104362487793e-01 7.987443208694458008e-01 -1.342822074890136719e+00
-2.194040417671203613e-01 -1.867751479148864746e+00 1.364325881004333496e-01 -1.534284208901226521e-03 -2.752228975296020508e+00
5.972320437431335449e-01 -5.600619912147521973e-01 -2.533849954605102539e+00 -9.275304675102233887e-01 7.916173934936523438e-01
-1.261372089385986328e+00 -9.213350415229797363e-01 -1.351504445075988770e+00 -1.096505284309387207e+00 4.863921999931335449e-01
1.038892507553100586e+00 -2.259346723556518555e+00 -2.367438375949859619e-01 1.216617107391357422e+00 -3.110978603363037109e-01
8.665282726287841797e-01 -1.638268828392028809e+00 -8.969780206680297852e-01 6.217909455299377441e-01 -7.020117342472076416e-02
-1.192063093185424805e+00 -5.950857400894165039e-01 1.330228149890899658e-01 -7.848727107048034668e-01 -2.053224802017211914e+00
-6.811310350894927979e-02 3.247562050819396973e-01 -2.524770498275756836e-01 -1.022800087928771973e+00 -2.355705261230468750e+00
-7.338251918554306030e-02 -2.084001064300537109e+00 -3.648169338703155518e-01 -1.243028091266751289e-03 -2.530546665191650391e+00
6.586765646934509277e-01 -1.314514994621276855e+00 -2.249204553663730621e-02 -3.114371895790100098e-01 -2.537280559539794922e+00
-7.542045116424560547e-01 -2.976843595504760742e+00 1.550486207008361816e+00 9.517160058021545410e-01 -1.685638666152954102e+00
9.446766227483749390e-02 -8.861182332038879395e-01 1.710368692874908447e-01 -1.299322545528411865e-01 -2.149378776550292969e+00
2.619989514350891113e-01 -5.664148330688476562e-01 -7.275444269180297852e-01 -3.677622377872467041e-01 -1.398805379867553711e+00
4.726862907409667969e-01 4.641979634761810303e-01 2.456331253051757812e-01 -7.158722281455993652e-01 -2.642001152038574219e+00
-2.347162216901779175e-01 -1.628558635711669922e+00 -6.815042495727539062e-01 4.493701085448265076e-02 -6.170205473899841309e-01
-2.843222916126251221e-01 -1.798660039901733398e+00 -1.828035116195678711e-01 4.187624156475067139e-01 -7.428005337715148926e-01
1.054271817207336426e+00 -9.191985130310058594e-01 -1.106259822845458984e+00 2.104363590478897095e-01 4.020939522888511419e-04
7.434090375900268555e-01 -5.785598158836364746e-01 -7.009490132331848145e-01 5.831941962242126465e-02 -1.055140495300292969e+00
1.316920399665832520e+00 -3.214765191078186035e-01 -1.151986241340637207e+00 -4.152370095252990723e-01 -1.883249044418334961e+00
1.573341488838195801e-01 -1.157203912734985352e+00 -1.823113411664962769e-01 6.142310798168182373e-02 -1.726695775985717773e+00
1.519100666046142578e-01 -9.255646467208862305e-01 -5.783925652503967285e-01 -1.918363273143768311e-01 -1.579364657402038574e+00
1.108476638793945312e+00 -4.820779860019683838e-01 -1.027056202292442322e-01 -4.762746989727020264e-01 6.703304648399353027e-01
4.272034764289855957e-01 -2.676965892314910889e-01 9.202816486358642578e-01 1.129143834114074707e+00 6.731926798820495605e-01
-1.336075186729431152e+00 -5.930158495903015137e-01 -2.560803592205047607e-01 -2.401330024003982544e-01 -1.350724339485168457e+00
-4.598947465419769287e-01 -6.159126162528991699e-01 -1.615739911794662476e-01 -3.466373383998870850e-01 -1.581300854682922363e+00
-6.000640988349914551e-01 -1.829873442649841309e+00 -2.085704356431961060e-01 1.557730324566364288e-02 -1.612113237380981445e+00
7.678604125976562500e-01 -7.890400290489196777e-01 -6.576799750328063965e-01 -1.405072957277297974e-01 -1.698140382766723633e+00
9.955143332481384277e-01 -1.262203335762023926e+00 -8.778483867645263672e-01 1.668308079242706299e-01 -1.347447395324707031e+00
2.189328670501708984e+00 -7.072290182113647461e-01 -1.161587238311767578e+00 1.815137505531311035e+00 -8.969164490699768066e-01
5.050464272499084473e-01 -1.388494610786437988e+00 -7.851572632789611816e-01 4.424700736999511719e-01 -3.056522607803344727e-01
1.081250905990600586e+00 -1.178644821047782898e-01 -2.597244679927825928e-01 -5.212539434432983398e-01 -2.843836069107055664e+00
-1.838291287422180176e-01 -9.487115740776062012e-01 -5.107410550117492676e-01 -5.738218426704406738e-01 -2.094254255294799805e+00
-8.513931930065155029e-02 -9.819844365119934082e-01 5.477201342582702637e-01 3.971250355243682861e-01 -1.063694238662719727e+00
-6.908205151557922363e-01 6.011834740638732910e-01 -6.946291923522949219e-01 -4.598447084426879883e-01 -9.463350176811218262e-01
-1.840699464082717896e-01 -2.896657884120941162e-01 -1.222380399703979492e+00 -8.293632864952087402e-01 4.359768629074096680e-01
1.777265310287475586e+00 -2.678566873073577881e-01 2.069177478551864624e-01 3.450216948986053467e-01 -2.234045565128326416e-01
-2.021090835332870483e-01 -1.098646044731140137e+00 2.579692602157592773e-01 5.226544737815856934e-01 -7.787666320800781250e-01
1.241565346717834473e+00 8.314029872417449951e-02 -6.938830018043518066e-01 -7.084798067808151245e-03 -1.230189204216003418e+00
-1.281845569610595703e-01 -1.926474690437316895e+00 -6.937913894653320312e-01 1.250045448541641235e-01 -1.179941296577453613e+00
-1.263332247734069824e+00 -7.407177686691284180e-01 -6.270648837089538574e-01 -2.432507038116455078e+00 -1.992694377899169922e+00
3.787938356399536133e-01 -5.637814402580261230e-01 2.491227865219116211e+00 6.673402786254882812e-01 3.927681744098663330e-01
-5.441280603408813477e-01 1.601356267929077148e-01 -1.712201684713363647e-01 2.071387052536010742e+00 2.189806699752807617e-01
-5.850937962532043457e-01 6.825383752584457397e-02 -1.069457054138183594e+00 6.065183281898498535e-01 -1.205205917358398438e-01
8.459728956222534180e-01 5.485818982124328613e-01 -1.031855583190917969e+00 2.729345560073852539e-01 -7.141143679618835449e-01
1.131344795227050781e+00 1.089346647262573242e+00 2.566047430038452148e+00 4.459373950958251953e-01 -7.181088924407958984e-01
-1.876827478408813477e-01 -1.151296615600585938e+00 3.979758918285369873e-02 4.400539398193359375e-01 2.360593676567077637e-01
5.382767915725708008e-01 -1.886266231536865234e+00 -9.206562638282775879e-01 1.106886625289916992e+00 -8.357275724411010742e-01
-7.370197772979736328e-01 -7.350488901138305664e-01 1.879547387361526489e-01 -1.354164481163024902e-01 -1.130634069442749023e+00
-4.225681424140930176e-01 -4.771977066993713379e-01 -9.475654363632202148e-01 9.607555270195007324e-01 -1.014915704727172852e+00
1.217222571372985840e+00 -5.938107371330261230e-01 2.188615560531616211e+00 7.281268388032913208e-02 -1.357851982116699219e+00
-3.033369183540344238e-01 -1.098948717117309570e+00 -6.948751807212829590e-01 -2.952049374580383301e-01 2.449454516172409058e-01
-3.690035343170166016e-01 -2.045922040939331055e+00 -3.360235989093780518e-01 1.464858651161193848e+00 -2.209649801254272461e+00
2.981562912464141846e-01 8.434728980064392090e-01 1.004207059741020203e-01 -3.788283467292785645e-01 4.407134354114532471e-01
1.481738209724426270e+00 -4.430632889270782471e-01 -1.581472873687744141e+00 -3.969395533204078674e-02 -2.396518468856811523e+00
9.740667790174484253e-02 3.991484344005584717e-01 -1.119988799095153809e+00 -1.081296324729919434e+00 2.410023212432861328e-01
-1.209009289741516113e+00 1.078494429588317871e+00 -9.029519557952880859e-01 3.684824407100677490e-01 -1.319133639335632324e+00
-1.558293461799621582e+00 -1.698436975479125977e+00 -4.020314812660217285e-01 -2.334753751754760742e+00 3.062483854591846466e-02
-5.114301443099975586e-01 -9.233692884445190430e-01 -8.234295248985290527e-01 1.111493945121765137e+00 7.158956527709960938e-01
-9.256178885698318481e-02 -3.759703636169433594e-01 -1.743168592453002930e+00 -9.469429850578308105e-01 -2.938254833221435547e+00
1.035666704177856445e+00 -4.379186928272247314e-01 -1.206820130348205566e+00 -1.762866824865341187e-01 -2.496080398559570312e+00
-1.396266102790832520e+00 -1.524307012557983398e+00 -6.996660232543945312e-01 -5.600941181182861328e-01 -2.038402259349822998e-01
-2.071940183639526367e+00 -2.310985803604125977e+00 -6.781795620918273926e-01 -2.840256690979003906e-01 1.116327285766601562e+00
1.958964765071868896e-01 -2.209408283233642578e-01 9.669633954763412476e-02 9.341310858726501465e-01 -6.107525825500488281e-01
-5.249500870704650879e-01 -2.032057940959930420e-01 -6.429163366556167603e-02 -1.326262205839157104e-01 -4.254941046237945557e-01
-1.474786758422851562e+00 9.660207033157348633e-01 2.991579771041870117e-01 -2.491523504257202148e+00 -1.512568742036819458e-01
-2.119996070861816406e+00 4.348488748073577881e-01 2.135400176048278809e-01 1.397866755723953247e-01 4.210844933986663818e-01
5.382162332534790039e-01 -6.442422270774841309e-01 -1.916019797325134277e+00 -5.346205234527587891e-01 -4.115904569625854492e-01
-3.202937543392181396e-02 -1.899434328079223633e-01 -1.378257632255554199e+00 -9.269983768463134766e-01 -1.090597629547119141e+00
1.103989686816930771e-02 -8.527477830648422241e-02 -5.303422212600708008e-01 -5.120173096656799316e-01 -8.301593661308288574e-01
6.325493752956390381e-02 -1.754644036293029785e+00 -4.119435548782348633e-01 5.246681571006774902e-01 2.925049364566802979e-01
1.212957501411437988e+00 -4.945064708590507507e-02 -1.909122169017791748e-01 4.634896516799926758e-01 -3.883626461029052734e-01
3.871717154979705811e-01 -1.503834128379821777e-01 1.665567874908447266e+00 -4.733377695083618164e-01 1.774381160736083984e+00
-5.617761611938476562e-01 -2.790652215480804443e-01 4.533735513687133789e-01 -4.106404781341552734e-01 -2.423911571502685547e+00
1.686948299407958984e+00 -1.711274534463882446e-01 -9.171583056449890137e-01 1.923256516456604004e-01 -1.093018174171447754e+00
-5.269354209303855896e-02 -9.903429150581359863e-01 -1.207061290740966797e+00 -7.433720827102661133e-01 -1.565629482269287109e+00
2.153420299291610718e-01 -1.113971829414367676e+00 -1.309642314910888672e+00 -5.919905900955200195e-01 -1.484679937362670898e+00
8.468381762504577637e-01 -1.154799818992614746e+00 -1.875709056854248047e+00 -7.393145561218261719e-01 8.331985473632812500e-01
5.607650876045227051e-01 2.673694491386413574e-01 1.018583655357360840e+00 6.203679740428924561e-02 4.575334489345550537e-01
1.244559437036514282e-01 -7.355422377586364746e-01 -7.060214281082153320e-01 -4.255503118038177490e-01 -1.487370491027832031e+00
4.961809515953063965e-01 -1.340138316154479980e+00 -1.927906572818756104e-01 3.548996150493621826e-01 -1.431677818298339844e+00
-9.329684972763061523e-01 1.317169666290283203e+00 -2.132138162851333618e-01 -2.032010793685913086e+00 -9.429982304573059082e-01
4.385359585285186768e-01 -3.031533360481262207e-01 5.992952585220336914e-01 -5.170620046555995941e-03 -1.777792811393737793e+00
-4.671645164489746094e-02 -5.873974561691284180e-01 -4.548024237155914307e-01 -5.538765341043472290e-02 -1.824353814125061035e+00
4.686583280563354492e-01 -2.140534482896327972e-02 -8.730397224426269531e-01 -3.291571736335754395e-01 -1.037891507148742676e+00
3.037510812282562256e-01 -1.085977792739868164e+00 -4.755249917507171631e-01 1.162618100643157959e-01 -1.018996834754943848e+00
-6.617943197488784790e-02 -1.517215371131896973e+00 -1.520897030830383301e+00 -6.983982324600219727e-01 -9.086400270462036133e-01
-1.704574465751647949e+00 -9.372398853302001953e-01 7.821469306945800781e-01 -1.205793261528015137e+00 -4.027641773223876953e+00
-3.973120152950286865e-01 -2.442780017852783203e+00 8.320026993751525879e-01 5.639152526855468750e-01 -2.463638067245483398e+00
3.553221523761749268e-01 1.598519206047058105e+00 -9.444084167480468750e-01 -1.292047977447509766e+00 -1.264359951019287109e+00
3.930479586124420166e-01 7.637969851493835449e-01 8.492040634155273438e-01 -1.198657274246215820e+00 3.224273324012756348e-01
-1.179252490401268005e-01 -3.428184390068054199e-01 -7.353729009628295898e-02 -6.298713088035583496e-01 -1.414697766304016113e+00
-5.260065197944641113e-01 7.793086767196655273e-01 -5.664343237876892090e-01 -2.223736763000488281e+00 -3.251380681991577148e+00
5.225152969360351562e-01 -2.995310723781585693e-01 -2.078110575675964355e-01 -1.890057772397994995e-01 -1.314737319946289062e+00
1.036951661109924316e+00 8.460732102394104004e-01 -4.137720540165901184e-02 4.084420800209045410e-01 1.068057417869567871e+00
-8.699699640274047852e-01 -5.534190535545349121e-01 4.050958454608917236e-01 -2.918615937232971191e-01 1.034909486770629883e+00
2.796822190284729004e-01 -9.076117277145385742e-01 -4.234906658530235291e-02 -3.231085836887359619e-01 -1.719528794288635254e+00
4.292592108249664307e-01 -6.895589828491210938e-01 3.134689331054687500e-01 -2.022622823715209961e-01 -2.415215492248535156e+00
6.101866364479064941e-01 1.549598574638366699e-01 8.105558156967163086e-02 -2.834420502185821533e-01 -1.623344659805297852e+00
4.874975979328155518e-01 -1.053830265998840332e+00 -9.822525382041931152e-01 -4.045982956886291504e-01 -7.890912294387817383e-01
5.969732999801635742e-01 1.927965283393859863e+00 4.482364058494567871e-01 -8.877094984054565430e-01 -3.519228994846343994e-01
8.840926289558410645e-01 -3.768170773983001709e-01 1.897869229316711426e+00 6.338104009628295898e-01 1.063142344355583191e-01
-2.117992341518402100e-01 -6.977425813674926758e-01 5.378986597061157227e-01 -1.828940153121948242e+00 1.104456663131713867e+00
7.026756405830383301e-01 -1.065845489501953125e+00 -3.641285896301269531e-01 -4.192461967468261719e-01 -1.412523746490478516e+00
-2.270670607686042786e-02 -1.436707526445388794e-01 -1.343505382537841797e+00 3.052357673645019531e+00 1.361085176467895508e+00
-6.318340301513671875e-01 -1.330997467041015625e+00 5.707898139953613281e-01 1.642234772443771362e-01 -1.282809615135192871e+00
-5.282263755798339844e-01 1.839563012123107910e+00 -3.177329003810882568e-01 1.727021783590316772e-01 1.843745470046997070e+00
-7.971789836883544922e-01 4.828559756278991699e-01 6.384114027023315430e-01 -3.332845881232060492e-05 -1.338280588388442993e-01
2.428338676691055298e-01 5.738823115825653076e-02 -1.047613859176635742e+00 -1.607984155416488647e-01 5.012870430946350098e-01
-5.821630954742431641e-01 -4.705261290073394775e-01 7.096728682518005371e-02 -3.458921015262603760e-01 -1.144497632980346680e+00
2.210819423198699951e-01 -5.217607021331787109e-01 1.302034735679626465e+00 -1.432229280471801758e+00 -1.072133302688598633e+00
-1.642928957939147949e+00 -1.008243083953857422e+00 2.476885318756103516e+00 -9.501099586486816406e-01 -1.540243864059448242e+00
-4.631545245647430420e-01 1.029825806617736816e+00 -5.139678120613098145e-01 -7.382287383079528809e-01 1.541789770126342773e+00
4.053966701030731201e-01 1.513150691986083984e+00 -1.635244250297546387e+00 -7.379330694675445557e-02 -6.916857361793518066e-01
4.928413033485412598e-01 1.003065586090087891e+00 5.680415630340576172e-01 4.969441294670104980e-01 -4.423344433307647705e-01
1.142238259315490723e+00 3.138017058372497559e-01 -1.186426520347595215e+00 -1.720866411924362183e-01 -1.463678479194641113e-01
1.674575328826904297e+00 -5.378580689430236816e-01 1.275578618049621582e+00 1.307323694229125977e+00 -8.216952085494995117e-01
-2.788650393486022949e-01 3.275167346000671387e-01 -4.971452951431274414e-01 -1.388354778289794922e+00 -4.867105185985565186e-01
-2.007390975952148438e+00 -1.079892396926879883e+00 -5.976046323776245117e-01 -2.112515121698379517e-01 7.746363878250122070e-01
3.619549870491027832e-01 -1.233476638793945312e+00 -1.203653216361999512e+00 1.620701789855957031e+00 -1.428821384906768799e-01
1.722497344017028809e+00 -1.302093267440795898e+00 7.589644789695739746e-01 -1.408956646919250488e+00 -9.130743741989135742e-01
-1.120065808296203613e+00 -3.636472821235656738e-01 -3.034398078918457031e+00 -1.410883665084838867e+00 -5.871529579162597656e-01
2.285195440053939819e-01 2.694201283156871796e-02 -1.192703917622566223e-01 3.069498240947723389e-01 1.337360858917236328e+00
1.761502861976623535e+00 1.529116272926330566e+00 5.805991888046264648e-01 -6.992837190628051758e-01 -9.486869573593139648e-01
-5.312635898590087891e-01 -1.189856410026550293e+00 -1.245559096336364746e+00 -9.775675535202026367e-01 -1.158245205879211426e+00
-2.964288294315338135e-01 -9.718517661094665527e-01 -1.235024213790893555e+00 -1.042373895645141602e+00 -1.373003482818603516e+00
-4.332862794399261475e-01 -1.743646621704101562e+00 -2.842383384704589844e-01 -1.540784984827041626e-01 -2.175542116165161133e+00
5.514197945594787598e-01 7.575666904449462891e-01 1.959196925163269043e+00 9.935763478279113770e-01 -1.402806639671325684e+00
1.019812583923339844e+00 3.901039436459541321e-02 4.650687277317047119e-01 -1.816550254821777344e+00 -1.548096895217895508e+00
5.304032564163208008e-01 1.939128756523132324e+00 -2.160243511199951172e+00 4.801421165466308594e-01 1.702307462692260742e+00
5.001408457756042480e-01 1.494806706905364990e-01 -2.349324673414230347e-01 5.141329765319824219e-01 1.335824370384216309e+00
-9.561629295349121094e-01 -5.662953853607177734e-01 8.032430410385131836e-01 2.555889785289764404e-01 -6.470728516578674316e-01
2.805011272430419922e-01 -1.468395948410034180e+00 -1.212358355522155762e+00 2.255033552646636963e-01 1.708594679832458496e+00
-6.699545979499816895e-01 -1.253595829010009766e+00 -2.293903231620788574e-01 -5.794979929924011230e-01 -2.650253295898437500e+00
2.033765763044357300e-01 2.589060664176940918e-01 1.591325551271438599e-01 -2.704523503780364990e-01 -1.086114883422851562e+00
9.970866888761520386e-02 7.894704341888427734e-01 -4.914158582687377930e-01 -5.707088708877563477e-01 -8.078217506408691406e-01
8.701573610305786133e-01 -6.801076531410217285e-01 -8.180148601531982422e-01 -1.762335449457168579e-01 -1.626582145690917969e+00
6.103885173797607422e-02 -5.010907053947448730e-01 -4.855274558067321777e-01 -3.769935071468353271e-01 -1.269703388214111328e+00
-3.043814003467559814e-01 -1.303087711334228516e+00 -3.420219719409942627e-01 -1.239914596080780029e-01 -2.891987860202789307e-01
-1.207002282142639160e+00 -2.182064533233642578e+00 4.041523635387420654e-01 9.855018556118011475e-02 1.601599693298339844e+00
-1.308767944574356079e-01 -1.368674993515014648e+00 4.367870986461639404e-01 1.676892638206481934e-01 -2.171838521957397461e+00
1.163880586624145508e+00 1.369523257017135620e-01 -1.153807193040847778e-01 6.792039275169372559e-01 -2.300726413726806641e+00
-2.555310428142547607e-01 -6.762485504150390625e-01 6.168069690465927124e-02 -3.092512786388397217e-01 -1.679884552955627441e+00
-4.824799001216888428e-01 -1.019261598587036133e+00 -3.204795718193054199e-01 -1.008437037467956543e+00 -5.595173239707946777e-01
3.546160161495208740e-01 3.925482332706451416e-01 -5.526125431060791016e-01 -1.212488338351249695e-01 7.079231142997741699e-01
-4.054080843925476074e-01 -1.807512521743774414e+00 -1.612659454345703125e+00 -1.730253994464874268e-01 1.576982289552688599e-01
1.342275142669677734e+00 -1.053449273109436035e+00 3.055845201015472412e-01 1.008969902992248535e+00 -8.525336384773254395e-01
-2.172888219356536865e-01 -4.850829765200614929e-02 -7.602120041847229004e-01 -3.439875841140747070e-01 3.639211133122444153e-02
3.059555292129516602e-01 8.996933698654174805e-01 1.044770359992980957e+00 2.973131835460662842e-01 -6.826552748680114746e-01
9.722765535116195679e-02 -2.037617683410644531e+00 -1.039275288581848145e+00 2.837052047252655029e-01 -1.461960554122924805e+00
-1.580091118812561035e+00 -1.950144648551940918e+00 7.688550353050231934e-01 -9.527668356895446777e-02 -4.261640608310699463e-01
3.538023233413696289e-01 -7.644138336181640625e-01 6.670474410057067871e-01 -2.947984337806701660e-01 2.053816080093383789e+00
1.840248703956604004e+00 -6.946952342987060547e-01 -6.491470932960510254e-01 -2.153385639190673828e+00 3.513854742050170898e-01
7.251171469688415527e-01 5.470846295356750488e-01 -4.014624357223510742e-01 -5.934861898422241211e-01 -6.967307329177856445e-01
3.742483556270599365e-01 -8.367330431938171387e-01 2.235519513487815857e-02 -4.471822977066040039e-01 -1.285350799560546875e+00
1.397728443145751953e+00 -1.404905557632446289e+00 -7.745685055851936340e-03 8.856059312820434570e-01 -1.179095625877380371e+00
-1.334082961082458496e+00 -1.633426070213317871e+00 -2.056507952511310577e-02 -3.988857865333557129e-01 -1.192738413810729980e+00
5.944303870201110840e-01 -6.881359815597534180e-01 -3.773577809333801270e-01 6.438677310943603516e-01 -2.219291448593139648e+00
-4.053996801376342773e-01 -1.692924261093139648e+00 -2.695135474205017090e-01 8.794467151165008545e-02 -1.215188622474670410e+00
-2.514114379882812500e-01 -2.281152177602052689e-03 1.779501289129257202e-01 -5.981156229972839355e-01 -1.887049913406372070e+00
-1.070315316319465637e-01 -6.150732934474945068e-02 -4.054156541824340820e-01 -5.183275938034057617e-01 -2.055464088916778564e-01
-1.004248950630426407e-02 -3.141654282808303833e-02 5.527675151824951172e-01 -1.221904754638671875e-01 -1.611876606941223145e+00
6.908950805664062500e-01 -3.156550228595733643e-01 -4.982016086578369141e-01 -2.973831295967102051e-01 -1.529548287391662598e+00
-7.644421458244323730e-01 -2.158166319131851196e-01 -3.636014834046363831e-02 -5.865538716316223145e-01 -1.363942146301269531e+00
4.343206286430358887e-01 -6.096871495246887207e-01 -7.950181365013122559e-01 -2.455342113971710205e-01 -9.904446005821228027e-01
6.417790651321411133e-01 -6.339094042778015137e-01 3.486708998680114746e-01 1.060428380966186523e+00 2.553772330284118652e-01
-7.969028353691101074e-01 5.386559292674064636e-02 -1.618543267250061035e+00 -1.806895971298217773e+00 -5.600510537624359131e-02
3.654788732528686523e-01 4.776005074381828308e-02 -3.269573450088500977e-01 -1.544796586036682129e+00 -1.163111999630928040e-01
1.081222534179687500e+00 -2.332359790802001953e+00 -2.148136138916015625e+00 1.681255400180816650e-01 -4.208391308784484863e-01
1.489642858505249023e+00 -1.521690726280212402e+00 -2.108878135681152344e+00 -1.164993271231651306e-01 -8.220713138580322266e-01
-6.954427957534790039e-01 -2.443806648254394531e+00 -2.841569483280181885e-01 3.469834625720977783e-01 -1.022293448448181152e+00
1.592193126678466797e+00 -1.126498937606811523e+00 3.451709151268005371e-01 5.926295518875122070e-01 -2.513128757476806641e+00
-1.516562819480895996e+00 -1.451561212539672852e+00 -9.649907052516937256e-02 -3.078009560704231262e-02 4.341970384120941162e-01
-1.077210307121276855e+00 -1.166217446327209473e+00 -1.324829757213592529e-01 -4.083731770515441895e-01 -6.879262328147888184e-01
1.075705885887145996e+00 -2.041383460164070129e-02 2.834072113037109375e-01 -4.482067227363586426e-01 1.724459528923034668e-01
6.481191515922546387e-01 1.418729275465011597e-01 3.553897887468338013e-02 -3.411700725555419922e-01 -1.883181333541870117e+00
-6.240666508674621582e-01 -2.318416357040405273e+00 -1.188440918922424316e+00 -2.056554704904556274e-01 -1.033380389213562012e+00
6.131599545478820801e-01 -1.106125712394714355e+00 -1.245573401451110840e+00 -5.873544812202453613e-01 -2.104204893112182617e+00
2.096404135227203369e-01 -3.096783161163330078e+00 -6.179008483886718750e-01 7.425128221511840820e-01 -1.509772896766662598e+00
1.371043473482131958e-01 -1.752682924270629883e+00 -3.883782625198364258e-01 -2.461298368871212006e-02 -2.245638608932495117e+00
3.393423557281494141e-01 -2.209077179431915283e-01 1.071789339184761047e-01 2.886350750923156738e-01 -2.267090044915676117e-02
2.111749649047851562e-01 -1.937556266784667969e+00 -1.992250204086303711e+00 9.832588434219360352e-01 -1.630254983901977539e-01
-1.387224435806274414e+00 -1.928789377212524414e+00 3.774081468582153320e-01 5.441088229417800903e-02 -1.261481523513793945e+00
5.287520885467529297e-01 -6.025254726409912109e-01 -5.770148038864135742e-01 5.004416704177856445e-01 8.174892663955688477e-01
4.502055048942565918e-01 -1.729858636856079102e+00 -1.035113453865051270e+00 -4.645135402679443359e-01 -2.495517253875732422e+00
-1.858358234167098999e-01 1.507374286651611328e+00 2.098635882139205933e-01 -9.724181890487670898e-01 -1.166100144386291504e+00
-1.308138728141784668e+00 1.463567614555358887e+00 1.676751971244812012e+00 1.603095531463623047e+00 -4.732620120048522949e-01
-3.488345146179199219e-01 -4.991527795791625977e-01 1.316489577293395996e+00 2.013512253761291504e-01 -1.602977514266967773e+00
-1.180094122886657715e+00 1.666061162948608398e+00 1.078316047787666321e-01 3.847894072532653809e-01 1.931222677230834961e+00
-2.798516750335693359e-01 -2.830121278762817383e+00 -1.330352544784545898e+00 -6.821060553193092346e-03 -1.415457606315612793e+00
1.870702654123306274e-01 -8.693171143531799316e-01 3.708164095878601074e-01 -4.505145549774169922e-02 -5.422180294990539551e-01
-1.390577793121337891e+00 7.101060748100280762e-01 -1.324566960334777832e+00 -2.084263801574707031e+00 -1.172836661338806152e+00
8.373949527740478516e-01 2.706373333930969238e-01 -1.000255584716796875e+00 -1.254104226827621460e-01 -9.329794347286224365e-02
-6.701754331588745117e-01 8.897160291671752930e-01 1.793363809585571289e+00 -1.593775629997253418e+00 1.150790572166442871e+00
-1.252479434013366699e+00 -1.559964776039123535e+00 -4.184023141860961914e-01 -9.140460491180419922e-01 -2.751033067703247070e+00
-1.380419135093688965e+00 -3.046076774597167969e+00 -8.430714607238769531e-01 1.231056898832321167e-01 -6.348325610160827637e-01
-8.839927315711975098e-01 -6.598921418190002441e-01 -2.693078219890594482e-01 -6.581849455833435059e-01 -1.260748505592346191e+00
-5.022863149642944336e-01 1.278367340564727783e-01 -1.314263790845870972e-01 -7.790922522544860840e-01 -1.407008290290832520e+00
-1.133560836315155029e-01 -2.322862863540649414e+00 -3.263483643531799316e-01 3.637615144252777100e-01 -1.497605443000793457e+00
1.040231466293334961e+00 -9.469923973083496094e-01 -7.646310329437255859e-01 -1.064989417791366577e-01 -1.929255962371826172e+00
5.391897559165954590e-01 -1.927056610584259033e-01 -1.278573513031005859e+00 -2.880031764507293701e-01 6.228654384613037109e-01
-4.279846251010894775e-01 -8.247817754745483398e-01 7.519763112068176270e-01 9.564776718616485596e-02 -1.664240598678588867e+00
2.451677620410919189e-02 -3.811795711517333984e-01 -6.994602084159851074e-01 -4.879853725433349609e-01 -1.000993251800537109e+00
-1.718300879001617432e-01 -8.695364594459533691e-01 -2.856124937534332275e-01 -1.110974028706550598e-01 -1.020050525665283203e+00
-1.454697728157043457e+00 1.344848752021789551e+00 -5.583878159523010254e-01 -1.512316703796386719e+00 -7.323850989341735840e-01
-4.083018749952316284e-02 -1.168176770210266113e+00 -4.418795108795166016e-01 5.626198276877403259e-02 7.665773034095764160e-01
-1.066731691360473633e+00 -1.081648230552673340e+00 8.020260930061340332e-01 -5.308495834469795227e-02 -1.428934454917907715e+00
-1.903314143419265747e-01 -4.433404803276062012e-01 7.816937565803527832e-02 -2.561944723129272461e-01 -1.285136461257934570e+00
-2.121589779853820801e-01 -1.067774891853332520e+00 9.064143896102905273e-01 5.171750187873840332e-01 -9.811195731163024902e-01
-1.585477709770202637e+00 -8.013462424278259277e-01 1.618012905120849609e+00 -7.343596220016479492e-01 8.480128049850463867e-01
1.247715130448341370e-01 -3.066858053207397461e-01 4.907819032669067383e-01 -3.473931178450584412e-02 -2.113019227981567383e+00
1.111379027366638184e+00 -1.015471100807189941e+00 -6.185145378112792969e-01 3.365653753280639648e-01 -1.009325981140136719e+00
1.183541178703308105e+00 -2.244786024093627930e+00 -9.872130751609802246e-01 9.077426791191101074e-01 -6.646192818880081177e-02
-4.482083022594451904e-01 5.887371301651000977e-01 7.249384652823209763e-03 -9.556387662887573242e-01 -1.159996271133422852e+00
9.422595798969268799e-02 -4.497798904776573181e-02 -8.071804046630859375e-02 -2.108462303876876831e-01 -6.901897788047790527e-01
-1.068689823150634766e+00 -1.468932747840881348e+00 2.261913716793060303e-01 -1.906972080469131470e-01 -1.219277620315551758e+00
-2.758428454399108887e-01 -1.988458871841430664e+00 5.130450055003166199e-02 5.012691020965576172e-01 -8.273578286170959473e-01
1.339563608169555664e+00 4.099522233009338379e-01 8.084081411361694336e-01 -2.040021181106567383e+00 -1.465418189764022827e-01
6.679694056510925293e-01 -1.773109316825866699e+00 1.673105657100677490e-01 4.426991939544677734e-01 -2.414162635803222656e+00
7.469645738601684570e-01 -1.862295985221862793e+00 -1.122486233711242676e+00 7.876096963882446289e-01 6.181032061576843262e-01
-1.876215636730194092e-01 -1.746705770492553711e+00 -9.410626292228698730e-01 1.955514103174209595e-01 -1.902503147721290588e-02
1.900443923659622669e-03 9.749775528907775879e-01 -3.251784741878509521e-01 -8.540843129158020020e-01 -5.916821211576461792e-02
1.824232637882232666e-01 -7.481984049081802368e-02 3.095831871032714844e-01 7.664828300476074219e-01 -1.013836413621902466e-01
-1.088308095932006836e+00 8.212062716484069824e-01 1.656969308853149414e+00 -2.107203006744384766e-01 5.271279215812683105e-01
1.092907667160034180e+00 3.203704059123992920e-01 1.659489035606384277e+00 7.415375113487243652e-01 -7.911058664321899414e-01
7.230533361434936523e-01 3.262271881103515625e-01 -1.518665075302124023e+00 -5.605833530426025391e-01 -4.923282563686370850e-01
3.711064755916595459e-01 -8.707810640335083008e-01 -3.073137104511260986e-01 4.289984353817999363e-04 -1.376931309700012207e+00
1.515202045440673828e+00 -2.869470715522766113e-01 2.953610420227050781e-01 1.103239580988883972e-01 1.630925059318542480e+00
1.006803065538406372e-01 -8.840416669845581055e-01 6.632875204086303711e-01 4.100103974342346191e-01 -1.202206015586853027e+00
-1.983275532722473145e+00 7.568037509918212891e-01 -1.180160880088806152e+00 1.254810452461242676e+00 1.488220393657684326e-01
-1.064410805702209473e+00 -1.405504584312438965e+00 -2.071606367826461792e-01 -1.041471481323242188e+00 1.689615100622177124e-01
-2.556810379028320312e-01 -9.206440448760986328e-01 1.049994468688964844e+00 -1.185881137847900391e+00 -2.527695596218109131e-01
-1.256310820579528809e+00 -1.783391952514648438e+00 1.107968926429748535e+00 -1.320086598396301270e+00 -1.588022708892822266e-01
1.824002146720886230e+00 -4.581696093082427979e-01 -8.367481827735900879e-01 -3.646981418132781982e-01 -8.458996564149856567e-02
2.170795947313308716e-01 6.520724296569824219e-01 -5.782499313354492188e-01 -5.159896016120910645e-01 -5.471217632293701172e-01
-4.555221199989318848e-01 -8.119472265243530273e-01 8.533300161361694336e-01 -1.865961104631423950e-01 -9.920032024383544922e-01
-1.416462302207946777e+00 -1.304200649261474609e+00 -4.258568584918975830e-01 -4.115639626979827881e-01 4.971269369125366211e-01
3.928157985210418701e-01 5.245248675346374512e-01 -5.719755887985229492e-01 -7.314612865447998047e-01 -1.143365383148193359e+00
2.899332046508789062e-01 -1.266586303710937500e+00 -3.533522486686706543e-01 5.637548565864562988e-01 1.793879419565200806e-01
1.752292811870574951e-01 -2.033275961875915527e-01 -2.472373247146606445e+00 -6.743155717849731445e-01 3.920774161815643311e-01
1.299505472183227539e+00 2.027239322662353516e+00 -1.252225160598754883e+00 -8.510448932647705078e-01 2.476573884487152100e-01
5.220032930374145508e-01 -2.555687189102172852e+00 -1.092621922492980957e+00 3.208253383636474609e-01 -1.471512913703918457e+00
-1.573393046855926514e-01 -1.731455922126770020e+00 -9.011220335960388184e-01 1.865837275981903076e-01 -2.537340819835662842e-01
-6.538213789463043213e-02 -3.919012546539306641e-01 -1.219324231147766113e+00 -6.209271550178527832e-01 -1.140169382095336914e+00
3.644467890262603760e-01 -1.356909155845642090e+00 -9.802802652120590210e-02 -3.212691545486450195e-01 -3.105176210403442383e+00
1.212508454918861389e-01 -2.013669967651367188e+00 -6.865001320838928223e-01 -2.056419998407363892e-01 -2.358990907669067383e+00
8.725960254669189453e-01 -2.109114170074462891e+00 -1.357664346694946289e+00 2.401828914880752563e-01 -1.301562190055847168e+00
-1.026294231414794922e-01 -2.105329036712646484e+00 2.954967319965362549e-01 2.489283382892608643e-01 -2.718929052352905273e+00
8.038080334663391113e-01 -4.634097218513488770e-01 -7.099294066429138184e-01 -7.312078028917312622e-02 -8.306787014007568359e-01
5.500938892364501953e-01 2.050857990980148315e-01 -9.103027582168579102e-01 -9.430760741233825684e-01 -1.454085946083068848e+00
-3.892480731010437012e-01 -1.828799009323120117e+00 -9.460674524307250977e-01 -4.114942252635955811e-01 -7.890409231185913086e-01
3.498504757881164551e-01 3.017365336418151855e-01 -1.392642855644226074e+00 -5.505156517028808594e-01 1.545604616403579712e-01
-4.671551659703254700e-02 -9.923903346061706543e-01 -1.020642280578613281e+00 -4.431945383548736572e-01 3.234516978263854980e-01
2.958253622055053711e-01 -4.230782389640808105e-02 -1.211042761802673340e+00 -1.322836130857467651e-01 -1.955261349678039551e+00
-2.048431038856506348e-01 -2.319920063018798828e+00 -1.607200860977172852e+00 -5.263942480087280273e-02 1.198679327964782715e+00
4.681888818740844727e-01 -1.452135801315307617e+00 -9.299257397651672363e-01 -1.504589617252349854e-01 -8.344156146049499512e-01
-1.710029989480972290e-01 -1.911637425422668457e+00 4.273743629455566406e-01 4.622076451778411865e-01 -1.895376443862915039e+00
-4.228923916816711426e-01 -2.590316534042358398e+00 -3.525822460651397705e-01 4.459747970104217529e-01 -1.100936770439147949e+00
1.077415347099304199e+00 4.688235223293304443e-01 1.321114152669906616e-01 3.901261389255523682e-01 1.156715527176856995e-01
-1.479027032852172852e+00 -2.293473720550537109e+00 1.793080121278762817e-01 1.585586428642272949e+00 -7.061171531677246094e-01
5.822994932532310486e-02 -1.744794964790344238e+00 3.369090855121612549e-01 -3.824790939688682556e-02 -3.278487205505371094e+00
-1.308067560195922852e+00 -4.652104675769805908e-01 2.522772789001464844e+00 -1.747692376375198364e-01 1.018562316894531250e+00
-8.463414758443832397e-02 -5.325959920883178711e-01 8.452361226081848145e-01 -9.603424668312072754e-01 -1.720199465751647949e+00
-4.210884571075439453e-01 -1.526168584823608398e+00 -9.735314175486564636e-03 -1.431359410285949707e+00 5.890520289540290833e-02
-2.814494967460632324e-01 -1.506439208984375000e+00 -1.542328119277954102e+00 -6.364377140998840332e-01 -4.204846918582916260e-01
5.835168957710266113e-01 9.639851450920104980e-01 -9.580991268157958984e-01 -5.868019461631774902e-01 -1.791398674249649048e-01
6.469162702560424805e-01 -1.150979399681091309e+00 8.164868950843811035e-01 1.470760822296142578e+00 -7.213425636291503906e-01
7.252016663551330566e-01 -7.086584568023681641e-01 9.568377733230590820e-01 -6.073223352432250977e-01 2.961502075195312500e-01
3.309926092624664307e-01 -3.157412707805633545e-01 -5.138867497444152832e-01 -3.824869990348815918e-01 -1.193898677825927734e+00
-2.087165415287017822e-01 -1.050307393074035645e+00 -1.319297194480895996e+00 -8.012885451316833496e-01 -9.288432598114013672e-01
2.332114875316619873e-01 -5.507771968841552734e-01 -1.210444927215576172e+00 -9.284901618957519531e-01 -1.391711711883544922e+00
-7.314313054084777832e-01 -1.120215296745300293e+00 -6.647173166275024414e-01 -8.189904689788818359e-01 -1.668125748634338379e+00
5.893818140029907227e-01 -1.818240761756896973e+00 1.176849454641342163e-01 3.231975734233856201e-01 -2.519811630249023438e+00
1.482226103544235229e-01 -2.006135702133178711e+00 -4.142821431159973145e-01 4.262552261352539062e-01 -8.875973224639892578e-01
-1.507426798343658447e-01 -2.630412817001342773e+00 -5.279171466827392578e-01 9.420782923698425293e-01 4.722774624824523926e-01
-1.062289714813232422e+00 -1.020370364189147949e+00 -4.505248963832855225e-01 -1.151824474334716797e+00 -1.405343860387802124e-01
1.436212062835693359e+00 4.720374047756195068e-01 8.783404529094696045e-02 -1.155769545584917068e-02 -1.569765448570251465e+00
-6.369820833206176758e-01 -9.901990890502929688e-01 9.974990487098693848e-01 3.311334252357482910e-01 -1.693086028099060059e+00
-6.176114082336425781e-01 -1.191349029541015625e+00 -8.196498751640319824e-01 -6.683728694915771484e-01 -1.430667281150817871e+00
-6.087229847908020020e-01 2.427933216094970703e-01 -5.665642619132995605e-01 3.080886900424957275e-01 1.045418977737426758e-01
-4.950474500656127930e-01 1.254949092864990234e+00 1.493588238954544067e-01 3.390575349330902100e-01 7.720778584480285645e-01
-2.703694440424442291e-02 9.597102552652359009e-02 -2.942480146884918213e-01 -1.096606373786926270e+00 -3.002152681350708008e+00
4.481881558895111084e-01 -8.136969804763793945e-01 -3.240428566932678223e-01 7.933537662029266357e-02 -1.146057009696960449e+00
-5.074436068534851074e-01 -9.350237250328063965e-01 1.319157034158706665e-01 2.075767144560813904e-02 -9.497115015983581543e-02
-1.260991790331900120e-03 -2.192436218261718750e+00 2.156723588705062866e-01 -9.361051917076110840e-01 -2.182542830705642700e-01
2.801329493522644043e-01 1.040794029831886292e-01 4.736924767494201660e-01 -3.349114954471588135e-01 -1.981742382049560547e+00
3.944664597511291504e-01 -5.405480861663818359e-01 1.233875006437301636e-01 2.257627397775650024e-01 -8.702946901321411133e-01
-5.550625324249267578e-01 -9.297720789909362793e-01 1.181512549519538879e-01 -1.610233783721923828e-01 -1.264377117156982422e+00
-4.567465484142303467e-01 -5.693879127502441406e-01 2.244911640882492065e-01 8.327484726905822754e-01 -7.659614682197570801e-01
-6.002609133720397949e-01 -1.791809678077697754e+00 -6.077412366867065430e-01 -3.176194727420806885e-01 -1.648477196693420410e+00
-2.692864239215850830e-01 -6.131874918937683105e-01 -4.016674757003784180e-01 -6.936787813901901245e-02 4.079718887805938721e-02
-3.593597412109375000e-01 -1.318773388862609863e+00 -4.493378102779388428e-01 -4.500904977321624756e-01 1.303685605525970459e-01
4.256770908832550049e-01 -2.385270357131958008e+00 -1.308330893516540527e+00 1.901900023221969604e-01 -1.089931130409240723e+00
-3.536911681294441223e-02 -8.647361993789672852e-01 -8.070868253707885742e-01 -3.982549309730529785e-01 -1.205637097358703613e+00
5.388776659965515137e-01 -1.341059327125549316e+00 -8.104704022407531738e-01 2.858499586582183838e-01 -5.107707977294921875e-01
1.863318830728530884e-01 1.552546322345733643e-01 -2.330248653888702393e-01 -7.591456174850463867e-01 -2.132672071456909180e+00
8.821332454681396484e-01 1.676292866468429565e-01 5.485758185386657715e-01 -1.488159298896789551e-01 -1.108764171600341797e+00
1.181826069951057434e-01 5.590347647666931152e-01 2.382649481296539307e-01 1.783867478370666504e-01 -8.322674036026000977e-01
-7.975114881992340088e-02 -2.641940414905548096e-01 3.175783455371856689e-01 7.135141491889953613e-01 1.449536442756652832e+00
-1.253163337707519531e+00 -1.224329471588134766e+00 6.046877503395080566e-01 6.930633783340454102e-01 -1.411164760589599609e+00
1.364529281854629517e-01 -1.911812067031860352e+00 5.209142565727233887e-01 1.339650988578796387e+00 5.955282449722290039e-01
1.539212942123413086e+00 -1.056194677948951721e-01 6.140506267547607422e-01 1.107140541076660156e+00 -8.067238330841064453e-01
9.288059920072555542e-02 4.379433989524841309e-01 1.672206997871398926e+00 -1.624186873435974121e+00 1.838143825531005859e+00
3.075334727764129639e-01 1.794739365577697754e-01 1.687622666358947754e+00 -2.539906799793243408e-01 -9.552010297775268555e-01
1.031836792826652527e-01 -5.011847615242004395e-01 -6.924697160720825195e-01 -3.312420472502708435e-02 -1.464156061410903931e-01
-1.109953999519348145e+00 8.278944492340087891e-01 -1.452084183692932129e+00 -1.415229201316833496e+00 -5.040810704231262207e-01
-1.245990633964538574e+00 -1.924143880605697632e-01 1.305953145027160645e+00 -3.469542860984802246e-01 -1.762861728668212891e+00
3.497402966022491455e-01 -3.512490093708038330e-01 -1.271111607551574707e+00 -9.763411879539489746e-01 -4.575664103031158447e-01
2.393498420715332031e-01 -1.232296466827392578e+00 8.987534046173095703e-01 -1.313972830772399902e+00 -5.447623729705810547e-01
-2.624969556927680969e-02 -2.979800403118133545e-01 8.670713305473327637e-01 7.236543297767639160e-01 -1.300407052040100098e+00
3.432403504848480225e-01 4.074651002883911133e-01 1.835019469261169434e+00 5.168874263763427734e-01 -1.734422445297241211e+00
-1.581178545951843262e+00 6.276731938123703003e-02 5.758464932441711426e-01 -1.333051204681396484e+00 5.481181144714355469e-01
-4.830944538116455078e-01 -7.837454080581665039e-01 9.714484214782714844e-01 1.527023315429687500e+00 -1.452909111976623535e+00
-1.121105194091796875e+00 6.304634213447570801e-01 1.272573351860046387e+00 -5.314131379127502441e-01 2.424587905406951904e-01
2.976872920989990234e-01 -1.295442819595336914e+00 1.609116673469543457e+00 4.987180829048156738e-01 -6.673546433448791504e-01
-4.690415561199188232e-01 -3.983047008514404297e-01 6.715833544731140137e-01 -1.397199183702468872e-01 1.104433417320251465e+00
-9.908679127693176270e-01 1.287979722023010254e+00 -2.484108507633209229e-01 -9.574861824512481689e-02 -8.629310727119445801e-01
1.437681555747985840e+00 -4.127623736858367920e-01 1.719637960195541382e-01 8.813106417655944824e-01 1.203682780265808105e+00
1.273670434951782227e+00 2.316615432500839233e-01 -7.317988276481628418e-01 -2.916990518569946289e-01 3.568947687745094299e-02
6.942574977874755859e-01 1.057242274284362793e+00 6.840356439352035522e-02 9.539923816919326782e-02 -2.190137952566146851e-01
-1.692885756492614746e+00 -1.356471300125122070e+00 -4.221672117710113525e-01 -1.180896282196044922e+00 2.144368171691894531e+00
-3.190272808074951172e+00 -1.750173866748809814e-01 -1.173522174358367920e-01 -5.137049555778503418e-01 -8.310569524765014648e-01
1.885346293449401855e+00 4.630545377731323242e-01 5.345785617828369141e-01 -9.554983377456665039e-01 9.507541060447692871e-01
1.615197211503982544e-01 -2.554786920547485352e+00 -6.451621651649475098e-01 9.394064545631408691e-02 -2.428990840911865234e+00
3.938979804515838623e-01 -2.771845817565917969e+00 -1.466873884201049805e+00 1.154930144548416138e-01 -1.548356533050537109e+00
5.685650706291198730e-01 -2.769900083541870117e+00 -1.002434015274047852e+00 6.342283487319946289e-01 -1.494678139686584473e+00
-7.824897766113281250e-02 -1.345356404781341553e-01 -5.298391580581665039e-01 -1.989424467086791992e+00 -9.299510121345520020e-01
-1.754564791917800903e-01 -2.105021715164184570e+00 1.476444005966186523e-01 4.035973548889160156e-01 -2.205963134765625000e+00
1.512680172920227051e+00 -9.194213747978210449e-01 -1.190571188926696777e+00 2.246853858232498169e-01 -1.154075637459754944e-01
5.148829817771911621e-01 -2.920392155647277832e-01 -7.895431518554687500e-01 -1.343081295490264893e-01 -4.022038280963897705e-01
4.991488158702850342e-01 -1.917467474937438965e+00 -2.067128568887710571e-02 5.081706047058105469e-01 -2.128300905227661133e+00
9.977120161056518555e-01 -9.935231804847717285e-01 -1.524924188852310181e-01 4.549328982830047607e-01 -1.280855178833007812e+00
8.426733016967773438e-01 -1.683536887168884277e+00 -5.463835597038269043e-01 8.728064894676208496e-01 -1.433498263359069824e-01
4.894503355026245117e-01 -8.293327093124389648e-01 -2.700663208961486816e-01 2.267107814550399780e-01 -7.955008745193481445e-01
2.030175179243087769e-01 -2.200026035308837891e+00 -9.714695811271667480e-01 -3.803976252675056458e-02 -1.673347115516662598e+00
-1.374018490314483643e-01 -1.466276049613952637e+00 -1.094268202781677246e+00 -6.744615435600280762e-01 -1.359903812408447266e+00
1.402083873748779297e+00 -9.527726173400878906e-01 -8.213495612144470215e-01 1.085841059684753418e-01 -1.126617550849914551e+00
1.458495140075683594e+00 -7.870829105377197266e-01 -7.062423229217529297e-01 1.149846985936164856e-01 -1.175438523292541504e+00
1.060400724411010742e+00 -3.100712895393371582e-01 -6.288875937461853027e-01 -2.831026911735534668e-01 -4.363123178482055664e-01
1.110950019210577011e-02 -1.363630056381225586e+00 -6.979689598083496094e-01 4.081565141677856445e-01 1.863555163145065308e-01
2.672963738441467285e-01 -1.278089165687561035e+00 -1.873482763767242432e-01 1.920739561319351196e-01 1.475450247526168823e-01
-1.373017787933349609e+00 4.039980769157409668e-01 -9.099593162536621094e-01 -7.818076014518737793e-01 2.094952315092086792e-01
-5.512126907706260681e-02 8.302884697914123535e-01 -9.770273566246032715e-01 3.702396750450134277e-01 -1.419033050537109375e+00
-7.648743987083435059e-01 -1.773682832717895508e+00 -7.892129421234130859e-01 1.233917951583862305e+00 1.430059432983398438e+00
1.459433913230895996e+00 -7.634279727935791016e-01 6.487485766410827637e-01 1.778231710195541382e-01 2.478480041027069092e-01
1.908205151557922363e-01 -5.712521672248840332e-01 -6.739323139190673828e-01 1.353736370801925659e-01 -1.221591472625732422e+00
-2.005362033843994141e+00 -2.071933269500732422e+00 -1.264460198581218719e-02 -3.377471566200256348e-01 -2.059516906738281250e+00
1.622827351093292236e-01 -6.639708280563354492e-01 6.046402454376220703e-01 -3.466232717037200928e-01 7.223511338233947754e-01
-1.330589532852172852e+00 9.323702007532119751e-02 -6.010832190513610840e-01 4.306397736072540283e-01 -2.183513402938842773e+00
-6.727247238159179688e-01 -1.159243583679199219e+00 -5.675356388092041016e-01 -1.378206491470336914e+00 -2.019173204898834229e-01
7.008045911788940430e-01 -2.476120293140411377e-01 -1.885922431945800781e+00 -5.538262128829956055e-01 4.055318236351013184e-01
-1.344035029411315918e+00 -2.113361597061157227e+00 -7.394290566444396973e-01 -5.626456141471862793e-01 -1.863685131072998047e+00
-2.856201171875000000e+00 -3.031237125396728516e+00 -1.216851845383644104e-01 -4.976025819778442383e-01 -1.814887523651123047e+00
-6.835805177688598633e-01 -1.754879593849182129e+00 -1.528437972068786621e+00 -5.372306704521179199e-01 -1.130342602729797363e+00
-2.547568380832672119e-01 4.752775654196739197e-02 3.816213309764862061e-01 1.097474217414855957e+00 -2.484171241521835327e-01
6.297621726989746094e-01 -1.236311197280883789e+00 -8.953502774238586426e-01 -2.703849785029888153e-02 4.883891046047210693e-01
1.200123548507690430e+00 1.237294450402259827e-02 -6.467227935791015625e-01 7.447816431522369385e-02 -3.306881785392761230e-01
-6.523346900939941406e-01 8.281040191650390625e-01 2.751766741275787354e-01 -3.959159255027770996e-01 1.212886273860931396e-01
-3.928728997707366943e-01 -9.651078581809997559e-01 -1.656814366579055786e-01 2.718562632799148560e-02 -5.389266610145568848e-01
-2.034875303506851196e-01 1.463363528251647949e+00 1.316732466220855713e-01 -9.100235104560852051e-01 -8.621563315391540527e-01
1.391092061996459961e+00 -4.670253098011016846e-01 -8.112660050392150879e-01 9.104424715042114258e-02 3.061267733573913574e-01
-6.815474629402160645e-01 -2.264221668243408203e+00 6.181385833770036697e-03 -3.496278524398803711e-01 -3.477874040603637695e+00
-8.454266935586929321e-02 -1.974461913108825684e+00 -4.303025901317596436e-01 9.700021892786026001e-02 -1.763925433158874512e+00
4.582756012678146362e-02 -7.179055213928222656e-01 -6.488046050071716309e-01 -5.679194927215576172e-01 -2.045453310012817383e+00
4.416312575340270996e-01 -1.615895032882690430e+00 5.812034010887145996e-01 3.270992338657379150e-01 -1.585791707038879395e+00
8.634691238403320312e-01 -8.426436185836791992e-01 -9.236856102943420410e-01 2.681270837783813477e-01 3.055053204298019409e-02
-5.120516195893287659e-02 -3.085237927734851837e-02 1.928343772888183594e-01 -5.085011124610900879e-01 -1.848249793052673340e+00
-9.029831290245056152e-01 -1.721878528594970703e+00 5.549835786223411560e-02 2.850636243820190430e-01 3.160372003912925720e-02
8.905558586120605469e-01 7.863638997077941895e-01 6.590207815170288086e-01 5.551105141639709473e-01 2.564526796340942383e-01
1.108554720878601074e+00 -7.599437236785888672e-01 -2.682137489318847656e-01 -5.164863914251327515e-02 -5.807681679725646973e-01
-1.445772349834442139e-01 -4.010000526905059814e-01 -7.987309098243713379e-01 -2.197931855916976929e-01 4.349901378154754639e-01
-1.207632541656494141e+00 -5.393564105033874512e-01 -1.356131553649902344e+00 -6.724227219820022583e-02 -8.234117627143859863e-01
-3.892936110496520996e-01 -1.528550505638122559e+00 -7.217374444007873535e-01 -2.168966084718704224e-01 -1.329128384590148926e+00
-5.932055711746215820e-01 -1.199683308601379395e+00 -7.184432744979858398e-01 7.512215971946716309e-01 -1.566502571105957031e+00
4.318349361419677734e-01 -5.240550041198730469e-01 -4.231890439987182617e-01 -1.217071413993835449e-01 -2.769249379634857178e-01
-2.974387407302856445e-01 7.892809808254241943e-02 1.244097590446472168e+00 1.349199861288070679e-01 -1.567165255546569824e+00
6.346718668937683105e-01 -7.768223881721496582e-01 -1.241749286651611328e+00 -2.281771749258041382e-01 -9.166864752769470215e-01
-7.571792602539062500e-01 -1.355076074600219727e+00 5.733041763305664062e-01 2.033862918615341187e-01 -1.362666606903076172e+00
-5.601753592491149902e-01 -2.564643621444702148e+00 4.222847893834114075e-02 6.838138103485107422e-01 -9.206727147102355957e-01
-2.011059224605560303e-01 -5.537886619567871094e-01 -3.969290852546691895e-01 -3.961559534072875977e-01 -1.691606402397155762e+00
-1.016972422599792480e+00 -2.989121079444885254e-01 -1.139274686574935913e-01 -8.591771125793457031e-01 -1.562873125076293945e+00
1.268473267555236816e+00 1.180740833282470703e+00 -5.721587538719177246e-01 5.656653046607971191e-01 1.066133737564086914e+00
8.790082335472106934e-01 4.164525866508483887e-02 1.492246627807617188e+00 -6.792534589767456055e-01 2.720242738723754883e-01
5.298368930816650391e-01 -4.353452324867248535e-01 -3.575054109096527100e-01 -4.243355691432952881e-01 -2.210028409957885742e+00
2.283102273941040039e-01 -1.518606543540954590e+00 -7.570700049400329590e-01 2.745990157127380371e-01 -4.975678026676177979e-01
-6.653422713279724121e-01 -1.720497727394104004e+00 -1.652925461530685425e-01 1.634674817323684692e-01 -8.997182846069335938e-01
8.908550739288330078e-01 -9.826236963272094727e-01 -3.686350882053375244e-01 3.847108483314514160e-01 -9.017566442489624023e-01
-1.567053049802780151e-01 -4.875499606132507324e-01 -2.056784927845001221e-01 -3.391250371932983398e-01 -1.337016820907592773e+00
1.588741540908813477e-01 -2.756979465484619141e+00 4.980068802833557129e-01 2.808072566986083984e-01 1.088740944862365723e+00
3.277501463890075684e-01 5.294850096106529236e-02 2.567912340164184570e-01 2.480450570583343506e-01 -1.228555217385292053e-01
-2.671158015727996826e-01 -5.337759852409362793e-01 -1.302825957536697388e-01 1.470590829849243164e+00 -7.182095646858215332e-01
-7.353311777114868164e-01 5.573689341545104980e-01 -2.054146766662597656e+00 -5.733368992805480957e-01 -1.183213710784912109e+00
7.137747406959533691e-01 8.920825719833374023e-01 3.089970052242279053e-01 -1.216549396514892578e+00 -8.897258639335632324e-01
-1.392032980918884277e+00 3.114401400089263916e-01 1.228392720222473145e+00 -3.748483061790466309e-01 -1.362037897109985352e+00
1.446217179298400879e+00 -4.258706867694854736e-01 2.214084863662719727e-01 8.548350334167480469e-01 -6.470314860343933105e-01
-9.002836346626281738e-01 -7.884060144424438477e-01 3.131223917007446289e-01 5.470933914184570312e-01 7.276104092597961426e-01
-2.589154429733753204e-02 9.784754514694213867e-01 -4.449917674064636230e-01 1.569102525711059570e+00 -8.793610334396362305e-01
-5.973758697509765625e-01 1.037397459149360657e-01 1.549672484397888184e+00 -2.324846744537353516e+00 3.627533435821533203e+00
-5.102701783180236816e-01 5.995827317237854004e-01 4.136504828929901123e-01 6.028118729591369629e-01 -4.717656970024108887e-01
-9.201349020004272461e-01 -3.219194412231445312e+00 -1.011412069201469421e-01 -8.150436729192733765e-02 -3.587278842926025391e+00
-1.209001302719116211e+00 -3.191060304641723633e+00 1.282538026571273804e-01 -3.194991126656532288e-02 -3.332554101943969727e+00
-1.242860317230224609e+00 -2.804549694061279297e+00 -1.207304894924163818e-01 -5.356279015541076660e-01 -3.884620189666748047e+00
3.722635805606842041e-01 -1.466012597084045410e+00 3.526245057582855225e-01 5.799335837364196777e-01 -1.351062297821044922e+00
-3.126327097415924072e-01 -3.726963102817535400e-01 -1.711802005767822266e+00 -7.505384683609008789e-01 8.758385479450225830e-02
5.630651116371154785e-01 -6.484701037406921387e-01 1.087947726249694824e+00 6.089605093002319336e-01 -1.369027256965637207e+00
-4.219749569892883301e-01 1.045161485671997070e+00 6.963247060775756836e-01 2.111539840698242188e-01 -8.500567674636840820e-01
2.317660599946975708e-01 8.013318181037902832e-01 9.190969467163085938e-01 -1.287821173667907715e+00 -1.035696029663085938e+00
1.217381000518798828e+00 4.340275228023529053e-01 -6.513853669166564941e-01 -2.134298682212829590e-01 -2.857675254344940186e-01
9.145093560218811035e-01 -1.312417745590209961e+00 -1.234097957611083984e+00 -5.093350410461425781e-01 -5.266882181167602539e-01
-1.119627833366394043e+00 -2.875771999359130859e+00 -7.796584069728851318e-02 -1.378432214260101318e-01 -3.001021623611450195e+00
-6.971423029899597168e-01 -3.285258531570434570e+00 -5.510761737823486328e-01 1.347867846488952637e-01 -2.489954233169555664e+00
-5.862174034118652344e-01 -3.260753631591796875e+00 -6.648982763290405273e-01 3.052158281207084656e-02 -2.713580846786499023e+00
-1.618270277976989746e-01 2.727659642696380615e-01 -9.433910846710205078e-01 -6.771888136863708496e-01 1.515554040670394897e-01
-8.978863954544067383e-01 -2.456446409225463867e+00 6.200448870658874512e-01 1.922475546598434448e-01 -2.724517583847045898e+00
-7.279551029205322266e-02 1.076413631439208984e+00 -1.320256710052490234e+00 -5.105935931205749512e-01 -1.802550315856933594e+00
1.424514651298522949e-01 -1.342229485511779785e+00 2.696548700332641602e-01 -1.417927742004394531e-01 8.325719833374023438e-01
8.803644776344299316e-01 -1.926047444343566895e+00 -9.275420308113098145e-01 2.816981673240661621e-01 -1.650976896286010742e+00
-3.226805627346038818e-01 -1.502349138259887695e+00 1.340477317571640015e-01 3.494154289364814758e-02 -2.171221733093261719e+00
8.340292572975158691e-01 8.065734505653381348e-01 -2.050017416477203369e-01 -2.526907809078693390e-02 1.155413627624511719e+00
5.105996131896972656e-01 -4.586163759231567383e-01 2.135606110095977783e-01 4.196862876415252686e-01 -1.380103528499603271e-01
6.945252418518066406e-01 5.906442999839782715e-01 -4.314024746417999268e-01 1.367350574582815170e-02 7.306159138679504395e-01
6.511657834053039551e-01 -8.642506599426269531e-02 -1.127391532063484192e-01 1.210489869117736816e+00 -4.211667776107788086e-01
-1.432194590568542480e+00 -9.835451245307922363e-01 4.025712907314300537e-01 -6.310805082321166992e-01 2.227862358093261719e+00
-7.721962332725524902e-01 3.046714365482330322e-01 1.671948134899139404e-01 -1.149753201752901077e-02 -2.333295792341232300e-01
1.397627472877502441e+00 -1.278244733810424805e+00 4.138066768646240234e-01 1.499966025352478027e+00 2.903057634830474854e-01
-7.209336161613464355e-01 -1.314905524253845215e+00 7.482215166091918945e-01 3.735550642013549805e-01 -8.512471318244934082e-01
2.905719578266143799e-01 3.103502690792083740e-01 8.678925037384033203e-01 -7.162008285522460938e-01 -3.525814294815063477e+00
1.864627897739410400e-01 -2.474439859390258789e+00 -6.935833692550659180e-01 7.293011248111724854e-02 -2.595070600509643555e+00
3.501325547695159912e-01 -2.014533519744873047e+00 -7.542270421981811523e-01 -9.920589625835418701e-02 -2.646361589431762695e+00
-5.363684296607971191e-01 1.648124694824218750e+00 4.608042538166046143e-01 -3.018566668033599854e-01 8.240427970886230469e-01
1.916611790657043457e+00 9.304807186126708984e-01 -1.594163537025451660e+00 9.988896846771240234e-01 -1.555582165718078613e+00
-4.691862761974334717e-01 -1.970577597618103027e+00 -1.844905763864517212e-01 -1.520385313779115677e-02 -2.376670598983764648e+00
1.541769783943891525e-02 -2.557364463806152344e+00 -9.935325384140014648e-02 7.046940326690673828e-01 -1.634481310844421387e+00
1.197856664657592773e-02 -2.086421012878417969e+00 -8.121305704116821289e-01 3.878244757652282715e-02 -1.948864459991455078e+00
-7.349730134010314941e-01 -6.519188880920410156e-01 1.037550091743469238e+00 -6.379761099815368652e-01 1.265408694744110107e-01
1.669203162193298340e+00 -2.499576807022094727e-01 1.488406777381896973e+00 4.525409042835235596e-01 -1.180358678102493286e-01
-1.534848064184188843e-01 -5.242679715156555176e-01 -1.092902779579162598e+00 -4.476361870765686035e-01 1.363310217857360840e-01
1.045325845479965210e-01 4.183616936206817627e-01 6.092161536216735840e-01 1.175590038299560547e+00 7.659958004951477051e-01
-2.632853388786315918e-01 -2.553582191467285156e+00 -3.147909641265869141e-01 3.298895359039306641e-01 -1.951705098152160645e+00
8.183330893516540527e-01 -1.707188844680786133e+00 -8.201532363891601562e-01 1.968340575695037842e-01 -1.791463494300842285e+00
-4.737833738327026367e-01 -1.487855195999145508e+00 4.768726825714111328e-01 -1.890734285116195679e-01 -3.039789915084838867e+00
6.580523848533630371e-01 -1.971635580062866211e+00 -4.548773467540740967e-01 3.726262748241424561e-01 -1.986698985099792480e+00
-7.076893448829650879e-01 -2.000321149826049805e+00 4.112778604030609131e-01 1.866014152765274048e-01 -2.235793828964233398e+00
7.534089684486389160e-01 -1.510424256324768066e+00 -2.898882925510406494e-01 2.531995773315429688e-01 -2.120125770568847656e+00
-4.936814308166503906e-02 -2.569225788116455078e+00 -6.654565930366516113e-01 2.535503208637237549e-01 -1.908190608024597168e+00
1.931785494089126587e-01 -1.054762482643127441e+00 -6.320794820785522461e-01 -6.326963752508163452e-02 1.615226864814758301e+00
-1.758401036262512207e+00 -1.999835491180419922e+00 4.568227529525756836e-01 -3.956067860126495361e-01 3.351307213306427002e-01
-5.064978599548339844e-01 3.105317056179046631e-01 7.345136404037475586e-01 -9.209984913468360901e-03 -3.225905001163482666e-01
1.271370947360992432e-01 1.356567859649658203e+00 -1.040050268173217773e+00 -1.689904570579528809e+00 4.931989684700965881e-02
-4.739044606685638428e-01 -7.227743864059448242e-01 3.153907656669616699e-01 -6.761355996131896973e-01 1.338509321212768555e+00
-1.235651493072509766e+00 -2.648412942886352539e+00 4.886758327484130859e-02 1.106340065598487854e-01 -1.858170986175537109e+00
9.032071828842163086e-01 -1.747009158134460449e+00 -4.060229361057281494e-01 3.279948532581329346e-01 -2.205991983413696289e+00
2.410970628261566162e-01 -1.875003099441528320e+00 1.161769330501556396e-01 4.037810564041137695e-01 -2.189936876296997070e+00
4.943472146987915039e-01 -1.313514113426208496e+00 -2.251791208982467651e-01 -5.312857218086719513e-03 -2.450657606124877930e+00
8.177863955497741699e-01 -2.027918577194213867e+00 -1.660761982202529907e-01 5.134130120277404785e-01 -2.295792579650878906e+00
-9.057381004095077515e-02 -9.948307275772094727e-01 2.189480215311050415e-01 -5.256959199905395508e-01 -3.566346645355224609e+00
-3.914027214050292969e-01 -2.184912919998168945e+00 4.613852798938751221e-01 4.544778168201446533e-01 -2.314962863922119141e+00
1.868305683135986328e+00 7.926198840141296387e-01 5.339589342474937439e-02 9.844201616942882538e-03 -1.468056321144104004e+00
1.990106582641601562e+00 4.347223639488220215e-01 -1.438474297523498535e+00 2.574697732925415039e-01 1.894215047359466553e-01
1.285125136375427246e+00 -1.075902581214904785e+00 1.114317536354064941e+00 -4.935451447963714600e-01 8.726263046264648438e-01
4.713008925318717957e-02 -1.311629295349121094e+00 1.062564849853515625e+00 -9.490288048982620239e-02 1.553575992584228516e-01
1.466858029365539551e+00 -2.247166633605957031e-01 -1.304473996162414551e+00 9.479968547821044922e-01 -2.928655147552490234e-01
1.584901928901672363e+00 -4.640003740787506104e-01 -2.378028184175491333e-01 -2.894026041030883789e-01 5.566440224647521973e-01
