-9.753172993659973145e-01 2.206073552370071411e-01 -7.474408745765686035e-01 2.140117734670639038e-01 2.953640818595886230e-01
-1.488477826118469238e+00 -1.835595220327377319e-01 5.355937480926513672e-01 4.671458303928375244e-01 -1.293190717697143555e+00
6.693811416625976562e-01 -1.150439500808715820e+00 -1.275751888751983643e-01 -5.813905000686645508e-01 -1.890207529067993164e-01
2.645621541887521744e-03 6.352117657661437988e-01 -6.607334613800048828e-01 1.021826118230819702e-01 -2.444405257701873779e-01
-3.820273578166961670e-01 -2.844484150409698486e-01 -6.151433587074279785e-01 8.291431069374084473e-01 -2.480778843164443970e-01
-2.191575244069099426e-02 1.164128407835960388e-01 1.234471082687377930e+00 3.612050414085388184e-02 6.722645759582519531e-01
-9.663394093513488770e-01 6.321485042572021484e-01 7.524755001068115234e-01 -6.446951627731323242e-01 -1.552353352308273315e-01
-4.736695885658264160e-01 -5.327783823013305664e-01 3.969279527664184570e-01 -3.494838178157806396e-01 8.578522801399230957e-01
-2.701332867145538330e-01 6.076845526695251465e-01 1.283298015594482422e+00 -1.219388127326965332e+00 8.913620710372924805e-01
4.379233121871948242e-01 -1.138983890414237976e-01 -6.052268147468566895e-01 3.665555715560913086e-01 -4.565826654434204102e-01
-2.474647015333175659e-01 7.531212568283081055e-01 -1.163378596305847168e+00 3.693740963935852051e-01 -4.568127691745758057e-01
-4.371615946292877197e-01 1.586751937866210938e-01 -8.262315392494201660e-01 8.085748553276062012e-01 -3.786966204643249512e-01
2.297169685363769531e+00 -1.263230562210083008e+00 -1.933748126029968262e+00 -3.916993141174316406e-01 1.133789777755737305e+00
-8.563890457153320312e-01 4.190881177783012390e-02 -4.303897321224212646e-01 6.959578990936279297e-01 6.410310864448547363e-01
3.421523869037628174e-01 -7.175156474113464355e-01 3.924003541469573975e-01 1.646407395601272583e-01 -3.948423266410827637e-01
-4.609294980764389038e-02 -1.074369907379150391e+00 7.362825870513916016e-01 -3.205955028533935547e-01 6.860527992248535156e-01
2.854337692260742188e-01 -1.224244713783264160e+00 -2.669769823551177979e-01 1.187746971845626831e-01 3.180674910545349121e-01
2.410300493240356445e+00 -8.567435145378112793e-01 -1.530923366546630859e+00 -1.574352741241455078e+00 5.250033140182495117e-01
2.474942207336425781e+00 -7.602453827857971191e-01 -2.308406591415405273e+00 -9.904951453208923340e-01 8.648428916931152344e-01
4.926380515098571777e-01 1.230721622705459595e-01 5.992802381515502930e-01 -2.164565622806549072e-01 -4.321967661380767822e-01
-1.580507606267929077e-01 4.898408949375152588e-01 2.097503244876861572e-01 -2.403433620929718018e-01 -2.000190317630767822e-01
-1.327824831008911133e+00 2.030398882925510406e-02 -3.196361362934112549e-01 -1.622241735458374023e-01 -3.191990852355957031e-01
-7.246861457824707031e-01 8.771145343780517578e-01 -6.642029881477355957e-01 3.541714251041412354e-01 -9.096558690071105957e-01
-9.233879446983337402e-01 -5.275222659111022949e-01 3.012714348733425140e-02 1.597408533096313477e+00 -3.052613139152526855e-01
-5.137507617473602295e-02 1.893293976783752441e+00 -1.462246179580688477e+00 2.437592297792434692e-01 -1.914915293455123901e-01
-3.031726554036140442e-02 1.121179103851318359e+00 -1.436987996101379395e+00 -3.363422751426696777e-01 -1.051590085029602051e+00
-3.944992125034332275e-01 -1.416025683283805847e-03 -7.566288709640502930e-01 -1.695306450128555298e-01 -1.595303773880004883e+00
3.672461509704589844e-01 -4.326118901371955872e-02 -1.904698461294174194e-02 5.736086964607238770e-01 2.251257598400115967e-01
-6.014493703842163086e-01 4.425849914550781250e-01 3.923117518424987793e-01 -2.439714819192886353e-01 -6.246659755706787109e-01
-5.542578101158142090e-01 -8.558918833732604980e-01 -5.276841521263122559e-01 9.420428276062011719e-01 -1.091014385223388672e+00
-8.901605010032653809e-01 -6.040627360343933105e-01 1.965871453285217285e+00 4.306592345237731934e-01 -6.299316287040710449e-01
-2.221132040023803711e+00 -1.746302247047424316e-01 -2.848912179470062256e-01 1.474512577056884766e+00 -5.931967496871948242e-01
-5.532655715942382812e-01 -7.881999015808105469e-01 1.785562872886657715e+00 1.216016173362731934e+00 4.504647552967071533e-01
-7.697534561157226562e-01 -5.033680796623229980e-01 -2.674497663974761963e-01 -4.140914976596832275e-01 -7.608496397733688354e-02
2.416058331727981567e-01 6.143344044685363770e-01 6.158649325370788574e-01 -1.743239879608154297e+00 -9.644716382026672363e-01
-8.852946162223815918e-01 4.714631438255310059e-01 1.911997675895690918e+00 -7.470800876617431641e-01 -1.398630976676940918e+00
-6.723904609680175781e-01 2.174036391079425812e-02 1.223919391632080078e+00 1.699887275695800781e+00 7.522276639938354492e-01
-7.239994406700134277e-01 1.852561086416244507e-01 -7.671184539794921875e-01 1.739886522293090820e+00 9.596806019544601440e-02
-1.104907631874084473e+00 -6.640313267707824707e-01 7.809800505638122559e-01 1.537925839424133301e+00 -2.598996162414550781e-01
3.295048773288726807e-01 1.046018004417419434e-01 1.121380925178527832e-01 -1.264389753341674805e+00 8.922430872917175293e-01
3.195379674434661865e-01 -1.188118569552898407e-02 -1.389633417129516602e-01 -3.281517922878265381e-01 2.573109865188598633e-01
5.787865817546844482e-02 1.126061797142028809e+00 -1.583411097526550293e+00 3.589625656604766846e-01 -6.077660918235778809e-01
-7.264941334724426270e-01 -9.588463306427001953e-01 -2.255372330546379089e-02 9.175034165382385254e-01 -1.357908964157104492e+00
-5.827550888061523438e-01 5.005458593368530273e-01 -1.610133051872253418e-01 7.809621095657348633e-01 8.611590266227722168e-01
-1.672421216964721680e+00 -4.747043848037719727e-01 1.448696255683898926e-01 -8.069759607315063477e-01 2.874374985694885254e-01
-2.531654015183448792e-02 3.082433342933654785e-01 -2.366262376308441162e-01 -3.222017586231231689e-01 -1.112539097666740417e-01
-2.100828289985656738e-01 1.862382739782333374e-01 -1.325968027114868164e+00 1.985973834991455078e+00 4.150045812129974365e-01
-2.080131769180297852e-01 -1.489002227783203125e+00 1.396467983722686768e-01 1.224475741386413574e+00 -7.017698287963867188e-01
7.181949168443679810e-02 8.168474435806274414e-01 -6.908344626426696777e-01 6.183817386627197266e-01 -4.082559421658515930e-02
-1.555251240730285645e+00 -1.096037477254867554e-01 -5.719016790390014648e-01 -4.886671900749206543e-01 -1.333494670689105988e-02
-1.319687664508819580e-01 1.775202155113220215e+00 -9.959151148796081543e-01 3.552422523498535156e-01 -4.099907577037811279e-01
-4.849118888378143311e-01 4.820506572723388672e-01 3.357278406620025635e-01 -3.098833858966827393e-01 -6.007262468338012695e-01
7.307561039924621582e-01 7.391050457954406738e-01 6.906219720840454102e-01 -5.778485536575317383e-02 1.728096902370452881e-01
2.698709368705749512e-01 1.002999901771545410e+00 1.366619586944580078e+00 9.750480055809020996e-01 -1.683741211891174316e-01
7.609629034996032715e-01 -4.503929913043975830e-01 -3.610754609107971191e-01 6.595839858055114746e-01 -4.659365415573120117e-01
-8.997935801744461060e-02 -1.006050467491149902e+00 2.437783628702163696e-01 3.088084459304809570e-01 7.888639569282531738e-01
3.556807637214660645e-01 1.107277989387512207e+00 -8.445196747779846191e-01 -7.714729011058807373e-02 -8.999148011207580566e-01
3.455459177494049072e-01 -2.313917726278305054e-01 1.018985390663146973e+00 -1.422184586524963379e+00 3.699938356876373291e-01
8.454595804214477539e-01 1.677531190216541290e-02 -1.135873079299926758e+00 1.438559889793395996e-01 -4.554571509361267090e-01
8.501285314559936523e-01 1.544286776334047318e-02 -1.137317776679992676e+00 1.454313695430755615e-01 -4.556049108505249023e-01
8.486507534980773926e-01 1.261023804545402527e-02 -1.137064456939697266e+00 1.444793492555618286e-01 -4.566851854324340820e-01
8.440057039260864258e-01 -3.543053939938545227e-02 -1.178710818290710449e+00 4.664796888828277588e-01 -2.239522188901901245e-01
8.436354398727416992e-01 -3.183107823133468628e-02 -1.174143433570861816e+00 4.678344130516052246e-01 -2.206702977418899536e-01
7.528681159019470215e-01 -3.650049865245819092e-01 -1.302772760391235352e+00 3.554750680923461914e-01 -5.797622799873352051e-01
8.648169636726379395e-01 -9.533878415822982788e-02 -1.504937887191772461e+00 2.811520397663116455e-01 -4.971787035465240479e-01
1.343171119689941406e+00 -7.597517371177673340e-01 -6.831452250480651855e-01 -1.008361816406250000e+00 -1.160106420516967773e+00
1.676041364669799805e+00 -9.332931041717529297e-02 -1.267521739006042480e+00 -1.250672698020935059e+00 -9.762101769447326660e-01
-6.857225298881530762e-01 1.042149901390075684e+00 3.817543983459472656e-01 -1.277681112289428711e+00 -3.647033572196960449e-01
1.795754879713058472e-01 -6.195441484451293945e-01 -4.095514714717864990e-01 1.272745370864868164e+00 7.199777364730834961e-01
1.813274621963500977e-01 -3.632392287254333496e-01 -1.166717171669006348e+00 6.613375544548034668e-01 -6.872431039810180664e-01
1.483403146266937256e-01 -6.882645487785339355e-01 -2.272865772247314453e-01 -2.667309530079364777e-02 -1.121172428131103516e+00
1.638177871704101562e+00 4.103308022022247314e-01 -2.022700071334838867e+00 -2.406363338232040405e-01 -1.743807084858417511e-02
1.388701558113098145e+00 -4.199019968509674072e-01 -1.523556113243103027e+00 3.923721611499786377e-01 1.633857935667037964e-01
1.825193613767623901e-01 6.402918696403503418e-02 -1.927262425422668457e+00 2.774511873722076416e-01 -8.727721571922302246e-01
2.603063881397247314e-01 2.657634615898132324e-01 -2.078419208526611328e+00 1.591555625200271606e-01 -8.646304011344909668e-01
6.123627424240112305e-01 1.795248687267303467e-02 -6.045355200767517090e-01 -1.125324741005897522e-01 -7.930763959884643555e-01
8.480193614959716797e-01 7.484031319618225098e-01 -1.098724722862243652e+00 -8.872380256652832031e-01 -1.208658456802368164e+00
6.358002126216888428e-02 -3.322459161281585693e-01 -1.871653676033020020e+00 1.476313352584838867e+00 -1.430884152650833130e-01
-1.688848435878753662e-01 6.616479158401489258e-01 -1.751717925071716309e+00 4.071183800697326660e-01 -1.160812973976135254e+00
6.287379860877990723e-01 -3.706210851669311523e-01 -9.269863367080688477e-01 1.989092946052551270e+00 1.633810043334960938e+00
4.881598055362701416e-01 -4.730862975120544434e-01 -6.190797686576843262e-02 1.101621270179748535e+00 1.811677813529968262e-01
4.374567866325378418e-01 -3.155495524406433105e-01 -2.522621117532253265e-02 7.741757035255432129e-01 -1.160971298813819885e-01
-5.489841848611831665e-02 1.287236213684082031e+00 -1.376440763473510742e+00 -2.758757770061492920e-01 -7.803927063941955566e-01
3.642146289348602295e-01 -1.228817462921142578e+00 -5.612887740135192871e-01 6.225145459175109863e-01 -6.395210027694702148e-01
8.745215535163879395e-01 -3.946687281131744385e-01 -1.113223314285278320e+00 4.985912740230560303e-01 -8.425654470920562744e-02
8.652986288070678711e-01 -9.377818554639816284e-02 -1.201000571250915527e+00 1.367659866809844971e-01 -3.499644696712493896e-01
-1.290556311607360840e+00 -2.589789964258670807e-02 3.284870684146881104e-01 1.375160455703735352e+00 -5.351240038871765137e-01
7.383509874343872070e-01 -1.318560838699340820e+00 2.521189928054809570e+00 1.153891801834106445e+00 8.628551363945007324e-01
3.962253332138061523e-01 -7.368622422218322754e-01 -2.227247804403305054e-01 -5.921558737754821777e-01 -3.182426989078521729e-01
-4.772982299327850342e-01 -1.466481685638427734e+00 1.659349948167800903e-01 -4.317985475063323975e-02 -1.560985207557678223e+00
1.109775185585021973e+00 -3.407052159309387207e-01 -8.843334317207336426e-01 1.208483695983886719e+00 6.402168869972229004e-01
7.868346571922302246e-01 -1.391880214214324951e-01 -8.425968289375305176e-01 8.281861543655395508e-01 1.707972586154937744e-01
9.676987528800964355e-01 -7.142447829246520996e-01 -4.214652776718139648e-01 7.167541980743408203e-01 4.362944960594177246e-01
9.731116890907287598e-01 5.539996549487113953e-02 -7.493710517883300781e-01 -2.670220434665679932e-01 -3.071859776973724365e-01
-1.627604216337203979e-01 -6.272747516632080078e-01 2.311332523822784424e-01 8.008387088775634766e-01 -3.902671635150909424e-01
6.245644092559814453e-01 -1.715020775794982910e+00 3.067509531974792480e-01 5.263665318489074707e-01 -6.716384291648864746e-01
1.262233972549438477e+00 1.300685644149780273e+00 -1.701167225837707520e-02 -3.299393653869628906e-01 8.503493666648864746e-01
7.489890456199645996e-01 9.801338911056518555e-01 2.952421009540557861e-01 -4.177275896072387695e-01 1.476202160120010376e-01
2.703679561614990234e+00 -1.278363585472106934e+00 -2.738782167434692383e-01 3.236094415187835693e-01 5.626417994499206543e-01
3.036213636398315430e+00 -3.782560676336288452e-02 -1.157468318939208984e+00 -9.397668391466140747e-02 7.279804944992065430e-01
6.414741277694702148e-01 -3.657857775688171387e-01 -1.773261904716491699e+00 -7.092971801757812500e-01 -1.786207318305969238e+00
6.864053010940551758e-01 -1.577435582876205444e-01 -1.868556857109069824e+00 -9.289515018463134766e-01 -1.898821353912353516e+00
8.947402834892272949e-01 1.739396601915359497e-01 -1.424139976501464844e+00 2.473312020301818848e-01 -3.285115957260131836e-01
8.739297986030578613e-01 1.072596684098243713e-01 -1.384281158447265625e+00 3.077121973037719727e-01 -3.022463023662567139e-01
9.218275547027587891e-01 -3.856254275888204575e-03 -1.030473232269287109e+00 8.777957409620285034e-02 -4.452232718467712402e-01
8.558710813522338867e-01 -4.897740483283996582e-01 -8.263105154037475586e-01 6.242845058441162109e-01 -1.411156654357910156e-01
6.540165543556213379e-01 -4.291516542434692383e-01 -1.249066591262817383e+00 4.057926237583160400e-01 -7.581598758697509766e-01
8.744660615921020508e-01 -1.036589369177818298e-01 -1.440755128860473633e+00 1.283054202795028687e-01 -6.453871726989746094e-01
-1.353496015071868896e-01 -9.781203866004943848e-01 -8.979862928390502930e-01 1.096133232116699219e+00 -1.393230557441711426e+00
4.541348516941070557e-01 3.137973248958587646e-01 -1.026912450790405273e+00 4.723685383796691895e-01 -3.349111676216125488e-01
4.361026883125305176e-01 2.600009739398956299e-01 -1.026837944984436035e+00 5.653755664825439453e-01 -2.833967804908752441e-01
1.500907778739929199e+00 5.728986263275146484e-01 -8.487857580184936523e-01 2.366433888673782349e-01 7.501153349876403809e-01
1.502519249916076660e+00 1.197029709815979004e+00 -9.733268022537231445e-01 -4.619221687316894531e-01 2.753210365772247314e-01
1.206310272216796875e+00 -2.551790475845336914e-01 -1.528244018554687500e+00 2.208068221807479858e-01 4.016216993331909180e-01
5.933745503425598145e-01 -1.077401995658874512e+00 -6.640391349792480469e-01 1.670652270317077637e+00 1.311183571815490723e+00
1.193583011627197266e+00 -5.964479641988873482e-04 -1.182568550109863281e+00 7.430038452148437500e-01 1.365054011344909668e+00
1.246563196182250977e+00 7.998287677764892578e-01 -1.177082896232604980e+00 -1.607200384140014648e+00 -7.693030834197998047e-01
8.787126541137695312e-01 -1.628958433866500854e-01 -7.503994107246398926e-01 7.914045453071594238e-02 -3.808011412620544434e-01
1.140248894691467285e+00 -4.812431633472442627e-01 -1.755322456359863281e+00 -3.864901959896087646e-01 -6.997947692871093750e-01
7.126208543777465820e-01 -1.124147295951843262e+00 -1.142275452613830566e+00 -2.840679585933685303e-01 -1.092269778251647949e+00
1.234130620956420898e+00 -1.287632703781127930e+00 -1.578730702400207520e+00 6.749568581581115723e-01 1.165435537695884705e-01
7.991455793380737305e-01 1.304872155189514160e+00 -1.480415835976600647e-02 -3.166611194610595703e-01 -1.579894125461578369e-01
-1.865168660879135132e-01 5.951209068298339844e-01 8.039610832929611206e-02 4.421061277389526367e-02 -7.502572536468505859e-01
-7.479718923568725586e-01 -1.015253901481628418e+00 -3.858777284622192383e-01 -5.181937813758850098e-01 9.647037386894226074e-01
1.903377175331115723e+00 6.623684167861938477e-01 -6.921821832656860352e-01 -7.998695373535156250e-01 6.827652454376220703e-01
8.649195432662963867e-01 -5.132656097412109375e-01 -1.000983953475952148e+00 -5.985718369483947754e-01 -1.229691028594970703e+00
1.034324169158935547e+00 -1.584123075008392334e-01 -1.347891926765441895e+00 -5.642845630645751953e-01 -9.959833025932312012e-01
7.746825814247131348e-01 -1.048982620239257812e+00 -9.145625233650207520e-01 2.374437004327774048e-01 -7.121737599372863770e-01
-1.775598824024200439e-01 -8.952547907829284668e-01 1.334030330181121826e-01 1.112204551696777344e+00 -1.889264464378356934e+00
7.193447351455688477e-01 -2.088638991117477417e-01 -4.000855386257171631e-01 2.118719965219497681e-01 -3.667685985565185547e-01
7.102248072624206543e-01 -2.604549527168273926e-01 6.826496124267578125e-02 4.374397099018096924e-01 8.380874246358871460e-02
6.775375008583068848e-01 -3.014768958091735840e-01 9.079218655824661255e-02 4.860965609550476074e-01 8.244135230779647827e-02
3.465065956115722656e-01 -1.157755494117736816e+00 1.824497282505035400e-01 2.141628563404083252e-01 -8.305859565734863281e-01
4.605547785758972168e-01 -4.594863951206207275e-01 -3.725027441978454590e-01 6.405521631240844727e-01 -1.616901755332946777e-01
-6.211089491844177246e-01 -8.929005861282348633e-01 5.731594562530517578e-01 -3.634900227189064026e-02 -3.111029565334320068e-01
8.658878803253173828e-01 -1.815904736518859863e+00 7.937416434288024902e-02 9.802596569061279297e-01 -1.031978130340576172e+00
7.707219123840332031e-01 -4.740947391837835312e-03 -1.225324749946594238e+00 -4.044337198138237000e-02 -7.002594470977783203e-01
8.470045924186706543e-01 3.277605473995208740e-01 -1.388442158699035645e+00 -3.491398096084594727e-01 -8.353102207183837891e-01
7.160452604293823242e-01 -5.101202130317687988e-01 3.847224116325378418e-01 4.292505085468292236e-01 -1.821612417697906494e-01
-4.072054624557495117e-01 -5.594638735055923462e-02 4.028345346450805664e-01 2.682678401470184326e-02 -3.167055249214172363e-01
6.714256405830383301e-01 -2.715470790863037109e-01 -5.111658573150634766e-01 -9.585718512535095215e-01 -7.346726059913635254e-01
-1.541793346405029297e-01 4.560308530926704407e-03 -1.589260846376419067e-01 1.565422892570495605e+00 -9.336751699447631836e-01
9.347954988479614258e-01 -1.717841625213623047e+00 -6.722959876060485840e-01 1.907841563224792480e-01 2.712139487266540527e-01
1.661028563976287842e-01 -1.570435464382171631e-01 4.415634572505950928e-01 -1.685957074165344238e+00 -7.993262410163879395e-01
-9.668062329292297363e-01 9.669768810272216797e-02 4.256095737218856812e-02 -5.182017087936401367e-01 -7.262462377548217773e-01
1.963189861271530390e-04 -1.272536158561706543e+00 3.837151527404785156e-01 -4.770680069923400879e-01 -6.451908946037292480e-01
5.091187953948974609e-01 5.865709185600280762e-01 -4.738722443580627441e-01 -2.054636955261230469e+00 -2.141992330551147461e+00
2.755454741418361664e-02 -1.750695466995239258e+00 -1.506351083517074585e-01 8.762522935867309570e-01 -6.899918317794799805e-01
1.770000696182250977e+00 6.845258176326751709e-02 1.306192129850387573e-01 -6.474179625511169434e-01 4.176250398159027100e-01
1.533040702342987061e-01 -3.152262866497039795e-01 -7.179401516914367676e-01 -8.785738945007324219e-01 -2.176687717437744141e+00
1.156644105911254883e+00 -1.227978244423866272e-01 -1.094397306442260742e+00 4.395342469215393066e-01 3.798728585243225098e-01
-1.401772856712341309e+00 7.104896306991577148e-01 3.859828114509582520e-01 4.273419380187988281e-01 -8.369076848030090332e-01
-1.459236025810241699e+00 1.306906104087829590e+00 2.938437163829803467e-01 -1.420480310916900635e-01 -2.017233967781066895e-01
5.710540413856506348e-01 1.081436276435852051e+00 -6.249638795852661133e-01 -2.621191740036010742e+00 -2.499825000762939453e+00
-2.520860433578491211e-01 -5.655801296234130859e-01 -8.236380666494369507e-02 2.639277279376983643e-01 -3.548077940940856934e-01
9.000281095504760742e-01 -1.348764061927795410e+00 -4.311972856521606445e-01 2.498607486486434937e-01 -1.021534800529479980e+00
4.853375256061553955e-01 7.478681802749633789e-01 -6.577150821685791016e-01 4.064601957798004150e-01 9.017440080642700195e-01
-4.841765463352203369e-01 -8.685869723558425903e-02 1.943653225898742676e-01 -7.433179020881652832e-01 2.783541977405548096e-01
5.534197688102722168e-01 5.217034220695495605e-01 -4.569867849349975586e-01 -2.311288833618164062e+00 -2.386845827102661133e+00
6.625730991363525391e-01 8.214682340621948242e-01 -6.544518470764160156e-01 -2.536801099777221680e+00 -2.437254190444946289e+00
-1.361460328102111816e+00 -7.962880730628967285e-01 1.532210946083068848e+00 1.191961094737052917e-01 1.504904478788375854e-01
9.822598695755004883e-01 5.710618570446968079e-02 2.581025063991546631e-01 7.029995322227478027e-01 4.040127992630004883e-01
-2.802120447158813477e-01 2.836261093616485596e-01 -3.587976098060607910e-01 -3.385077118873596191e-01 -1.551218032836914062e+00
-2.786533832550048828e-01 5.300461053848266602e-01 -8.571960330009460449e-01 3.321289718151092529e-01 -8.666208982467651367e-01
-3.437324166297912598e-01 9.704635143280029297e-01 -2.997547388076782227e-01 4.864295721054077148e-01 -1.849963515996932983e-01
8.762781620025634766e-01 5.841970443725585938e-01 9.784967899322509766e-01 -7.406682968139648438e-01 -3.056795597076416016e-01
1.122766852378845215e+00 -4.585933089256286621e-01 -1.550490379333496094e+00 -2.787272632122039795e-01 -8.769933581352233887e-01
1.165069460868835449e+00 -4.624873399734497070e-01 -1.587639808654785156e+00 -2.037640959024429321e-01 -7.843143939971923828e-01
1.785506963729858398e+00 -1.568829894065856934e+00 -6.072441935539245605e-01 -5.247499346733093262e-01 -6.677832007408142090e-01
1.514057636260986328e+00 -1.358908176422119141e+00 -7.141873836517333984e-01 -5.531840324401855469e-01 -9.093928933143615723e-01
-1.193239092826843262e-01 4.315094649791717529e-01 -2.655057013034820557e-01 -9.608735144138336182e-02 -4.195696413516998291e-01
1.086778998374938965e+00 6.850311160087585449e-02 9.607192277908325195e-01 -3.545222580432891846e-01 3.657434508204460144e-02
1.307807564735412598e+00 -1.077388286590576172e+00 -1.329718589782714844e+00 -1.706248223781585693e-01 -8.000236749649047852e-01
1.387227296829223633e+00 -1.211778044700622559e+00 -1.357027530670166016e+00 7.114061713218688965e-02 -5.492696762084960938e-01
8.219336271286010742e-01 -3.128063678741455078e-01 -1.677563667297363281e+00 -1.595116965472698212e-02 -8.395485877990722656e-01
9.175420403480529785e-01 -1.971957087516784668e-01 -1.799183249473571777e+00 -2.303363755345344543e-02 -7.451681494712829590e-01
1.548141598701477051e+00 3.312272727489471436e-01 1.709793806076049805e-01 -3.589622080326080322e-01 5.049576163291931152e-01
-3.331134915351867676e-01 -1.706976294517517090e-01 8.037945032119750977e-01 9.393073618412017822e-02 -7.321273088455200195e-01
1.152916193008422852e+00 -7.065550088882446289e-01 -1.144782185554504395e+00 -6.520722508430480957e-01 -9.456000328063964844e-01
8.092818856239318848e-01 -2.910434007644653320e-01 -1.569042682647705078e+00 -6.319858431816101074e-01 -1.224684476852416992e+00
1.526987850666046143e-01 2.179293334484100342e-02 -4.100616276264190674e-01 1.800695210695266724e-01 -2.462253719568252563e-01
9.976458549499511719e-02 4.077675938606262207e-01 9.389531016349792480e-01 6.758224368095397949e-01 9.739820659160614014e-02
1.212802052497863770e+00 -8.606302738189697266e-01 -1.093381285667419434e+00 -6.226301193237304688e-01 -5.966036915779113770e-01
5.799925327301025391e-01 -1.582110762596130371e+00 -1.081588268280029297e+00 9.131534099578857422e-01 -1.599300503730773926e-01
1.173935532569885254e+00 3.077195286750793457e-01 -9.879086613655090332e-01 -7.979100197553634644e-02 -5.501009821891784668e-01
7.756841927766799927e-02 -6.007584929466247559e-01 -2.291439473628997803e-01 9.476084709167480469e-01 -2.873170673847198486e-01
-1.225655674934387207e+00 1.397699475288391113e+00 1.039529919624328613e+00 1.233929991722106934e+00 -8.904975652694702148e-02
-1.376181602478027344e+00 1.532699942588806152e+00 1.061437726020812988e+00 6.156607866287231445e-01 -8.227050304412841797e-01
2.573296129703521729e-01 1.033104419708251953e+00 -1.422206163406372070e-01 1.619859039783477783e-01 -4.431057870388031006e-01
1.347067594528198242e+00 -1.146334409713745117e+00 -1.048274040222167969e+00 1.074346542358398438e+00 1.967316716909408569e-01
1.669345140457153320e+00 6.182541847229003906e-01 -4.058537781238555908e-01 9.689457714557647705e-02 5.993011221289634705e-02
-9.465596079826354980e-01 3.658914566040039062e-01 4.173976182937622070e-01 -1.457490086555480957e+00 -1.788012236356735229e-01
-1.965107321739196777e-01 -3.424707353115081787e-01 4.841229319572448730e-01 -2.772396206855773926e-01 -9.652568101882934570e-01
-6.189654022455215454e-02 1.140474319458007812e+00 7.070142626762390137e-01 -4.467137157917022705e-02 -8.166473507881164551e-01
2.910779416561126709e-01 7.781902551651000977e-01 1.543191790580749512e+00 -1.031172052025794983e-01 7.003664970397949219e-01
-8.722411990165710449e-01 1.560876250267028809e+00 9.628472924232482910e-01 1.101084232330322266e+00 -2.952189184725284576e-02
-1.826734423637390137e+00 7.411412596702575684e-01 1.656071066856384277e+00 1.989534616470336914e+00 -2.274334430694580078e-01
-1.161089539527893066e+00 1.747880101203918457e+00 1.041145443916320801e+00 7.452975511550903320e-01 -6.062355041503906250e-01
4.014554917812347412e-01 1.980803132057189941e+00 6.102904677391052246e-01 -9.353346228599548340e-01 -1.053189158439636230e+00
7.587651014328002930e-01 -3.445779085159301758e-01 1.770660430192947388e-01 6.722785234451293945e-01 1.159983754158020020e+00
-2.461398363113403320e+00 1.535272151231765747e-01 -1.949135810136795044e-01 -8.680067062377929688e-01 6.188414990901947021e-02
-1.821588635444641113e+00 5.367214679718017578e-01 -1.057928085327148438e+00 -1.716642260551452637e+00 1.080255582928657532e-01
5.348236560821533203e-01 4.113162457942962646e-01 7.283359169960021973e-01 -2.488014698028564453e+00 3.329819440841674805e-01
2.564925253391265869e-01 -1.843752712011337280e-01 2.522827386856079102e-01 -5.122328400611877441e-01 8.901025354862213135e-02
-4.916119575500488281e-01 3.008149862289428711e-01 -1.726816594600677490e-01 7.643443346023559570e-01 -3.355837166309356689e-01
-5.161945223808288574e-01 8.989356160163879395e-01 2.865853905677795410e-01 2.238363623619079590e-01 -2.876427397131919861e-02
-4.602437019348144531e-01 2.357285767793655396e-01 -1.261244058609008789e+00 -2.548682689666748047e-01 -3.299680650234222412e-01
-6.051681637763977051e-01 -2.077008634805679321e-01 -1.508484005928039551e+00 6.710298657417297363e-01 9.753558039665222168e-02
1.275147944688796997e-01 1.022806882858276367e+00 -8.478144407272338867e-01 5.471805930137634277e-01 7.058501988649368286e-02
9.081985801458358765e-02 -1.970930024981498718e-02 -8.640521168708801270e-01 1.123895287513732910e+00 -4.172936379909515381e-01
-9.618540853261947632e-02 -1.356968045234680176e+00 3.133961558341979980e-01 -3.309177458286285400e-01 3.796987831592559814e-01
-1.224321246147155762e+00 1.711086392402648926e+00 7.552687823772430420e-02 -5.998771786689758301e-01 1.196763277053833008e+00
-7.939030528068542480e-01 5.039636418223381042e-02 6.950805187225341797e-01 -5.136150121688842773e-01 -6.585787534713745117e-01
1.361720170825719833e-02 1.747762203216552734e+00 5.020059347152709961e-01 -3.280705213546752930e-01 9.843991398811340332e-01
1.134600639343261719e+00 -7.078719735145568848e-01 -2.703070044517517090e-01 -1.502519965171813965e+00 -4.056614041328430176e-01
1.606431305408477783e-01 -3.266154974699020386e-02 -6.803777217864990234e-01 5.766890645027160645e-01 -9.642264842987060547e-01
-5.928203463554382324e-01 -4.963476061820983887e-01 1.735649406909942627e-01 1.340281724929809570e+00 -8.248527050018310547e-01
-6.753439456224441528e-02 -7.698646783828735352e-01 1.053338766098022461e+00 9.809173941612243652e-01 7.800954580307006836e-01
-1.393656253814697266e+00 2.071008682250976562e+00 -6.184117794036865234e-01 -1.685564666986465454e-01 -8.086145520210266113e-01
8.141367435455322266e-01 3.438897132873535156e-01 1.287164211273193359e+00 2.680526077747344971e-01 1.137431740760803223e+00
3.402810096740722656e-01 1.034931898117065430e+00 6.203640103340148926e-01 -1.454961657524108887e+00 -1.732242703437805176e-01
9.785519242286682129e-01 4.783527255058288574e-01 -7.911322116851806641e-01 -3.454777002334594727e-01 6.316271424293518066e-01
-8.955980837345123291e-02 -8.267731666564941406e-01 7.554489970207214355e-01 4.090216457843780518e-01 7.276868820190429688e-01
1.660801917314529419e-01 -4.016965627670288086e-01 -6.499836444854736328e-01 8.738639354705810547e-01 -2.633121609687805176e-01
1.670465022325515747e-01 -4.057843685150146484e-01 -6.546977162361145020e-01 8.740804195404052734e-01 -2.660854458808898926e-01
1.128365755081176758e+00 2.381243854761123657e-01 -4.385934174060821533e-01 7.051460146903991699e-01 4.545771479606628418e-01
6.366657018661499023e-01 -1.658494830131530762e+00 -1.318298876285552979e-01 -6.961587667465209961e-01 8.631594181060791016e-01
7.613514661788940430e-01 5.664458125829696655e-02 4.173896014690399170e-01 2.118672877550125122e-01 -3.926683962345123291e-01
-8.457808494567871094e-01 7.564081996679306030e-02 4.299332201480865479e-01 3.869852721691131592e-01 2.421462535858154297e-01
1.131759643554687500e+00 2.536552250385284424e-01 -2.070930227637290955e-02 -2.024309337139129639e-01 -1.244654655456542969e+00
1.562960892915725708e-01 -9.417524337768554688e-01 -1.286074280738830566e+00 -7.343857735395431519e-02 2.045510858297348022e-01
6.841387152671813965e-01 6.204042434692382812e-01 -1.283294320106506348e+00 -9.788171648979187012e-01 9.702525138854980469e-01
6.791856288909912109e-01 -9.826703667640686035e-01 3.724691569805145264e-01 1.340793848037719727e+00 3.478842973709106445e-01
1.240661263465881348e+00 -2.800181210041046143e-01 -6.801592707633972168e-01 3.711615800857543945e-01 -7.340686321258544922e-01
-4.138877689838409424e-01 7.218850255012512207e-01 -7.533947825431823730e-01 1.268433690071105957e+00 -3.838028907775878906e-01
8.800411820411682129e-01 -3.015949428081512451e-01 -2.295618504285812378e-01 5.337934494018554688e-01 -3.184140622615814209e-01
-3.186519742012023926e-01 4.838972985744476318e-01 7.468021512031555176e-01 3.875357508659362793e-01 -8.219059705734252930e-01
7.869198918342590332e-01 -3.099820315837860107e-01 3.586241602897644043e-01 -9.074624180793762207e-01 -1.518256664276123047e+00
2.856949865818023682e-01 -3.564903736114501953e-01 -2.777927219867706299e-01 -2.027277946472167969e-01 -1.504102498292922974e-01
-1.277658581733703613e+00 1.497832775115966797e+00 6.817314624786376953e-01 1.751262545585632324e+00 -2.040176093578338623e-02
1.324721455574035645e+00 1.737308025360107422e+00 1.793000102043151855e+00 -2.546795606613159180e-01 1.170967578887939453e+00
-4.069262742996215820e-01 -1.025071024894714355e+00 5.345944166183471680e-01 1.277235269546508789e+00 -8.834764361381530762e-01
2.855583131313323975e-01 3.150812089443206787e-01 6.293667554855346680e-01 6.675648689270019531e-01 2.316137999296188354e-01
3.253767192363739014e-01 -3.118495643138885498e-01 -9.882476329803466797e-01 8.352624773979187012e-01 -9.950706362724304199e-01
3.228128552436828613e-01 -4.004634320735931396e-01 1.231919884681701660e+00 8.496174812316894531e-01 -6.661420315504074097e-02
7.857505977153778076e-02 -1.236000657081604004e+00 1.049138665199279785e+00 1.506515383720397949e+00 6.447883248329162598e-01
4.143576323986053467e-01 6.499619781970977783e-02 -8.443345427513122559e-01 4.615599662065505981e-02 -7.041414976119995117e-01
1.134422302246093750e+00 -2.007982492446899414e+00 5.585743784904479980e-01 7.938938736915588379e-01 2.664186358451843262e-01
-1.721559286117553711e+00 4.305208921432495117e-01 3.754301965236663818e-01 -9.020511060953140259e-02 8.075677603483200073e-02
-7.161637302488088608e-03 -1.343013644218444824e+00 1.892533302307128906e+00 -1.771253943443298340e-01 -1.020881175994873047e+00
1.029676318168640137e+00 -1.221516281366348267e-01 5.174786448478698730e-01 -1.491620689630508423e-01 9.675882011651992798e-02
3.139652311801910400e-01 -5.467488765716552734e-01 1.449717879295349121e-01 -1.323001027107238770e+00 5.416322946548461914e-01
3.257122039794921875e-01 7.519100308418273926e-01 -8.161946535110473633e-01 3.902451097965240479e-01 -1.516120880842208862e-01
-6.965895891189575195e-01 -2.599369764328002930e+00 -6.865841746330261230e-01 1.006945490837097168e+00 -2.717192649841308594e+00
4.616559147834777832e-01 -2.820339202880859375e-01 4.203283190727233887e-01 1.119750261306762695e+00 7.289608716964721680e-01
9.007700681686401367e-01 7.090241312980651855e-01 -4.918999373912811279e-01 -5.756652951240539551e-01 -6.010509133338928223e-01
2.482709735631942749e-01 -2.716410905122756958e-02 7.539716362953186035e-01 -1.147805333137512207e+00 6.345893144607543945e-01
6.246387585997581482e-02 -1.456340312957763672e+00 1.157860279083251953e+00 1.191633462905883789e+00 -3.252779245376586914e-01
-6.781145930290222168e-02 6.613244861364364624e-02 2.016045153141021729e-01 7.710247039794921875e-01 -1.659395694732666016e-01
1.362341642379760742e+00 -2.939501404762268066e-01 1.555139422416687012e+00 3.136455416679382324e-01 9.793258905410766602e-01
2.056379318237304688e+00 -1.631792783737182617e+00 -1.020734906196594238e+00 1.051166653633117676e+00 -9.601157158613204956e-02
3.938220143318176270e-01 2.356345504522323608e-01 5.044139027595520020e-01 4.993459209799766541e-02 -6.977774500846862793e-01
9.789779782295227051e-01 -1.195480942726135254e+00 3.077327907085418701e-01 1.505059242248535156e+00 4.472427368164062500e-01
2.257206201553344727e+00 2.697994709014892578e-01 -2.935180366039276123e-01 3.919548094272613525e-01 1.145450353622436523e+00
-1.389276701956987381e-02 -3.432922959327697754e-01 -6.966168880462646484e-01 3.439828455448150635e-01 -4.446751177310943604e-01
1.545174419879913330e-01 7.477629184722900391e-01 -5.928283929824829102e-01 3.466945290565490723e-01 -2.406488806009292603e-01
6.739801168441772461e-01 3.339982628822326660e-01 -6.447165608406066895e-01 1.094512224197387695e+00 -5.491918921470642090e-01
2.765533626079559326e-01 -1.682088077068328857e-01 -1.121764779090881348e+00 8.054658174514770508e-01 -2.839321792125701904e-01
2.698904573917388916e-01 -3.264174163341522217e-01 -1.062265157699584961e+00 9.760758280754089355e-01 -1.714299470186233521e-01
-1.569851487874984741e-01 3.983549177646636963e-01 -1.750088930130004883e+00 5.170495510101318359e-01 -7.248071432113647461e-01
-1.749123930931091309e-01 -1.923370063304901123e-01 -1.459534883499145508e+00 1.073629260063171387e+00 -3.760795593261718750e-01
4.799041450023651123e-01 -2.390339225530624390e-01 1.114607453346252441e-01 -6.221876740455627441e-01 -6.368464231491088867e-01
4.882948696613311768e-01 -1.766859143972396851e-01 -2.920249104499816895e-01 -4.852976202964782715e-01 -1.295968174934387207e+00
-3.942929506301879883e-01 -6.681524962186813354e-02 1.223853826522827148e+00 -6.734104156494140625e-01 -1.840423822402954102e+00
-2.214105986058712006e-02 4.346731603145599365e-01 -3.088312745094299316e-01 1.282117724418640137e+00 1.966880410909652710e-01
6.348300725221633911e-02 -4.784350991249084473e-01 -5.975351929664611816e-01 1.122109055519104004e+00 -2.587870061397552490e-01
9.972084313631057739e-02 -3.351911902427673340e-01 -6.881797313690185547e-01 1.025394439697265625e+00 -2.730564177036285400e-01
9.685620665550231934e-01 -4.275330007076263428e-01 -2.390709638595581055e+00 2.946641445159912109e-01 -1.757192611694335938e-01
1.167898535728454590e+00 -2.925434708595275879e-01 -2.459589481353759766e+00 1.394407600164413452e-01 -1.246413588523864746e-01
-5.798944234848022461e-01 -1.223297119140625000e+00 -5.902945995330810547e-01 1.357650756835937500e+00 1.955174356698989868e-01
1.452486872673034668e+00 -1.007564783096313477e+00 -2.581745982170104980e-01 4.708621203899383545e-01 -8.302825689315795898e-02
-2.333654016256332397e-01 8.664359450340270996e-01 -5.829101204872131348e-01 -1.321944687515497208e-02 -6.048470139503479004e-01
1.191134825348854065e-01 -8.913931250572204590e-01 -1.393860727548599243e-01 7.675115466117858887e-01 -2.567067444324493408e-01
1.868919432163238525e-01 -7.976948618888854980e-01 -6.311452388763427734e-02 1.246546864509582520e+00 7.178732007741928101e-02
1.158576250076293945e+00 4.460989832878112793e-01 -2.743749916553497314e-01 -1.126225814223289490e-01 -2.106276713311672211e-02
1.181758522987365723e+00 -5.212627649307250977e-01 7.767420411109924316e-01 -5.953787639737129211e-02 3.736429512500762939e-01
-7.665973901748657227e-01 -1.046761512756347656e+00 2.618876658380031586e-02 1.156837224960327148e+00 -1.198084354400634766e+00
-9.134596586227416992e-01 -3.043425381183624268e-01 -5.286781862378120422e-02 6.979601383209228516e-01 4.614577814936637878e-02
1.616431921720504761e-01 -7.786398530006408691e-01 6.523704528808593750e-01 8.060629963874816895e-01 -3.522385954856872559e-01
-5.768656134605407715e-01 3.170437365770339966e-02 -1.328945159912109375e+00 2.376264780759811401e-01 5.942135453224182129e-01
2.930935025215148926e-01 6.480481624603271484e-01 -3.154368996620178223e-01 -5.169958472251892090e-01 7.134762406349182129e-01
-5.297268033027648926e-01 -1.292492866516113281e+00 9.362627863883972168e-01 -3.193681240081787109e-01 2.814426422119140625e-01
-3.986694514751434326e-01 3.789694905281066895e-01 -7.653926014900207520e-01 6.526336073875427246e-01 -9.177044630050659180e-01
9.450429677963256836e-01 1.452485561370849609e+00 9.417639374732971191e-01 -2.860849797725677490e-01 4.450220167636871338e-01
8.691854476928710938e-01 1.040236234664916992e+00 9.160363674163818359e-01 6.989902853965759277e-01 1.150425672531127930e+00
3.332291170954704285e-02 2.188619524240493774e-01 -3.893787264823913574e-01 -1.226413249969482422e-01 -9.920405149459838867e-01
3.045386634767055511e-02 -2.242717295885086060e-01 1.961595565080642700e-01 -7.398305088281631470e-02 -8.993890881538391113e-01
4.349375665187835693e-01 -5.055712461471557617e-01 -6.154149174690246582e-01 4.888199269771575928e-01 -6.737528443336486816e-01
8.638358712196350098e-01 -4.293791055679321289e-01 -9.634996652603149414e-01 8.575971126556396484e-01 1.823738589882850647e-02
8.887320756912231445e-01 -1.083750724792480469e+00 8.004640936851501465e-01 -4.910867512226104736e-01 2.134455591440200806e-01
-4.557417929172515869e-01 -1.093233704566955566e+00 -7.249578237533569336e-01 -1.901606172323226929e-01 -1.661074399948120117e+00
4.002172052860260010e-01 9.797932505607604980e-01 -1.080609440803527832e+00 3.955340683460235596e-01 1.058143615722656250e+00
1.106027364730834961e-01 -1.823537945747375488e+00 -6.446715593338012695e-01 1.662046313285827637e-01 -1.285686850547790527e+00
4.293257892131805420e-01 -3.333875238895416260e-01 1.442505955696105957e+00 -5.255689024925231934e-01 -1.055531296879053116e-02
1.473716199398040771e-01 -1.177121520042419434e+00 6.822714805603027344e-01 -7.953959107398986816e-01 2.283603250980377197e-01
-3.291297703981399536e-02 3.181172907352447510e-01 -8.122369050979614258e-01 8.999359607696533203e-01 -2.773796617984771729e-01
-8.064821362495422363e-02 1.098603129386901855e+00 -3.448780775070190430e-01 -5.458323359489440918e-01 -1.188422441482543945e+00
-1.661558896303176880e-01 -5.057360529899597168e-01 5.313491821289062500e-01 -9.210211783647537231e-02 -5.336568951606750488e-01
3.816442191600799561e-02 -1.665666997432708740e-01 -1.127527952194213867e+00 4.834387302398681641e-01 -1.282765716314315796e-01
1.178451895713806152e+00 -1.209233924746513367e-01 -1.667539715766906738e+00 -8.103672266006469727e-01 -7.064599990844726562e-01
-3.306275978684425354e-02 -1.227971673011779785e+00 -1.595522314310073853e-01 3.398125469684600830e-01 -6.755293607711791992e-01
3.273553550243377686e-01 2.441513091325759888e-01 -8.877146840095520020e-01 8.907668590545654297e-01 1.448405683040618896e-01
4.226247370243072510e-01 -5.195006132125854492e-01 -8.074690103530883789e-01 4.569657742977142334e-01 -9.787552356719970703e-01
6.582100987434387207e-01 -7.492037862539291382e-02 -6.310809850692749023e-01 2.255893498659133911e-02 -9.266852736473083496e-01
-9.379861354827880859e-01 -5.608009696006774902e-01 -7.525543868541717529e-02 1.458434581756591797e+00 -5.315954685211181641e-01
9.408681094646453857e-02 4.700207412242889404e-01 -5.055834650993347168e-01 -4.859748482704162598e-01 -1.238638043403625488e+00
-3.760542869567871094e-01 6.812793016433715820e-01 1.046283245086669922e+00 -9.173451364040374756e-02 -1.049499034881591797e+00
7.794473767280578613e-01 -1.347080469131469727e+00 -6.218317151069641113e-02 7.228711843490600586e-01 -1.289285868406295776e-01
7.190955877304077148e-01 -9.886226803064346313e-02 -4.724191427230834961e-01 -2.712016738951206207e-02 -4.134663045406341553e-01
3.032860457897186279e-01 -1.017142608761787415e-01 3.019562573172152042e-04 -8.209239244461059570e-01 -1.456525564193725586e+00
5.291476249694824219e-01 6.064878702163696289e-01 1.412334203720092773e+00 1.062621474266052246e+00 6.827450990676879883e-01
-4.787684679031372070e-01 8.051427602767944336e-01 -1.048811078071594238e-01 7.963700890541076660e-01 -7.798296809196472168e-01
-3.922775685787200928e-01 -4.580425918102264404e-01 2.372468560934066772e-01 1.286046504974365234e+00 -1.559220790863037109e+00
-2.297697365283966064e-01 8.714558482170104980e-01 -2.949364483356475830e-01 4.007065668702125549e-02 1.240008831024169922e+00
1.265758395195007324e+00 4.169567823410034180e-01 -1.428602457046508789e+00 6.479935646057128906e-01 6.485762000083923340e-01
5.540420413017272949e-01 -1.168235898017883301e+00 -1.261297166347503662e-01 8.230464458465576172e-01 -5.719539150595664978e-02
1.453579425811767578e+00 4.426167011260986328e-01 4.993560016155242920e-01 -1.320086717605590820e+00 -1.633352756500244141e+00
1.008126139640808105e+00 5.531981587409973145e-01 1.035245895385742188e+00 1.577318549156188965e+00 6.947497129440307617e-01
1.701395988464355469e+00 -3.232089281082153320e-01 -7.999351620674133301e-01 -1.516584634780883789e+00 5.433120727539062500e-01
1.326171401888132095e-02 1.784147918224334717e-01 3.086055815219879150e-01 4.776718020439147949e-01 -3.635233044624328613e-01
9.479676485061645508e-01 -1.244920492172241211e+00 -8.827983736991882324e-01 1.340077996253967285e+00 -2.180475927889347076e-02
1.541937291622161865e-01 1.051969006657600403e-01 -1.372494399547576904e-01 6.225848793983459473e-01 -1.186436176300048828e+00
8.584368228912353516e-01 8.341717123985290527e-01 -1.091099232435226440e-01 -6.831131577491760254e-01 3.582402765750885010e-01
8.181354403495788574e-01 -9.076911211013793945e-02 6.271705776453018188e-02 2.585222721099853516e-01 -8.228620290756225586e-01
2.480603158473968506e-01 6.408771276473999023e-01 1.095484942197799683e-01 -2.206963598728179932e-01 -5.004800558090209961e-01
-1.803953647613525391e-01 6.481117606163024902e-01 -1.739691942930221558e-01 -6.833538413047790527e-01 -1.296969294548034668e+00
1.483580589294433594e+00 -4.105770885944366455e-01 1.124492406845092773e+00 -3.401564657688140869e-01 5.627110600471496582e-01
-1.399292703717947006e-02 -7.934563755989074707e-01 -7.575439810752868652e-01 1.289116501808166504e+00 -5.071374773979187012e-01
-9.141479730606079102e-01 1.977752894163131714e-01 -1.904168725013732910e-01 6.651797294616699219e-01 1.269801259040832520e-01
8.356097340583801270e-02 6.103523969650268555e-01 6.869391798973083496e-01 5.987322330474853516e-01 -4.267673194408416748e-01
3.561498224735260010e-01 5.130163580179214478e-02 -6.879926919937133789e-01 1.014895677566528320e+00 2.939400076866149902e-01
1.022762775421142578e+00 1.194267719984054565e-01 -1.099142909049987793e+00 -4.998604580760002136e-02 1.945851147174835205e-01
8.743125796318054199e-01 -4.813128113746643066e-01 -1.134029626846313477e+00 4.436031281948089600e-01 1.854931414127349854e-01
3.376259207725524902e-01 -7.728777080774307251e-02 -6.184936761856079102e-01 1.952904105186462402e+00 1.130965471267700195e+00
2.249876856803894043e-01 7.521640509366989136e-02 -5.532327890396118164e-01 1.501095652580261230e+00 6.693233847618103027e-01
1.319853812456130981e-01 -6.857572197914123535e-01 -3.938860893249511719e-01 -2.895462214946746826e-01 -1.429733872413635254e+00
1.068583607673645020e+00 -3.003047108650207520e-01 -1.092924356460571289e+00 4.644610285758972168e-01 1.986359953880310059e-01
-5.739775896072387695e-01 -5.584814548492431641e-01 7.486380338668823242e-01 -1.322333365678787231e-01 -1.504172563552856445e+00
7.207126021385192871e-01 2.374639213085174561e-01 -1.585960030555725098e+00 8.421766161918640137e-01 -2.245420366525650024e-01
2.447764873504638672e-01 3.088021576404571533e-01 -1.150526165962219238e+00 -7.581398636102676392e-02 -1.422974705696105957e+00
-5.080595612525939941e-01 4.354491829872131348e-01 3.231213390827178955e-01 2.288472801446914673e-01 1.242318376898765564e-01
-5.127321481704711914e-01 -1.318739533424377441e+00 -2.246912717819213867e-01 1.781302809715270996e+00 -7.411470413208007812e-01
1.727945506572723389e-01 1.250592708587646484e+00 -3.340321183204650879e-01 -5.594263076782226562e-01 -1.400186896324157715e+00
1.272069692611694336e+00 -2.804716229438781738e-01 -2.184883207082748413e-01 2.706132531166076660e-01 -2.629900872707366943e-01
1.454714536666870117e-01 -7.137164473533630371e-02 -1.101295590400695801e+00 9.386785626411437988e-01 -5.593304634094238281e-01
6.226194500923156738e-01 1.795740604400634766e+00 1.784264594316482544e-01 6.134736537933349609e-01 1.933428287506103516e+00
3.910625874996185303e-01 1.962074160575866699e+00 -1.980732567608356476e-02 6.382899880409240723e-01 1.719942688941955566e+00
-1.234534382820129395e+00 2.278937578201293945e+00 7.371788024902343750e-01 -9.814086556434631348e-01 1.717158854007720947e-01
2.121899276971817017e-01 2.126538604497909546e-01 3.566138818860054016e-02 6.929283738136291504e-01 -1.235377430915832520e+00
7.672809809446334839e-02 1.947854638099670410e+00 1.033981591463088989e-01 1.567182540893554688e-01 1.002749919891357422e+00
4.556737840175628662e-02 -8.712455630302429199e-01 -5.549658089876174927e-02 4.142368733882904053e-01 -1.346845269203186035e+00
-6.202130317687988281e-01 -4.311046302318572998e-01 -4.713186025619506836e-01 3.907984495162963867e-01 -8.621045351028442383e-01
7.005217671394348145e-01 1.559404015541076660e+00 4.047147035598754883e-01 -1.236557126045227051e+00 2.617655396461486816e-01
1.464923173189163208e-01 -1.571606248617172241e-01 -1.144760966300964355e+00 5.555831789970397949e-01 -5.225371122360229492e-01
4.307029545307159424e-01 -3.344474732875823975e-01 5.243031978607177734e-01 3.913823664188385010e-01 -8.798080682754516602e-02
1.497255921363830566e+00 -4.796782135963439941e-01 3.227300941944122314e-02 -9.795251488685607910e-01 -4.468025863170623779e-01
4.712788164615631104e-01 4.730722010135650635e-01 3.549453914165496826e-01 2.252659946680068970e-01 -2.958997339010238647e-02
-3.144657611846923828e-01 4.975992143154144287e-01 -7.960826158523559570e-01 6.274062991142272949e-01 -4.403592050075531006e-01
1.303544789552688599e-01 -1.024567410349845886e-01 -1.200402736663818359e+00 8.279101252555847168e-01 -2.685852050781250000e-01
9.809713810682296753e-02 -1.940016299486160278e-01 -1.133326411247253418e+00 8.947990536689758301e-01 -2.515723109245300293e-01
1.877039968967437744e-01 -1.857992261648178101e-01 -1.110991239547729492e+00 1.057216644287109375e+00 -1.083271694369614124e-03
-4.070234298706054688e-02 1.826143115758895874e-01 -1.589565157890319824e+00 -7.784742116928100586e-02 -1.230479359626770020e+00
7.510744780302047729e-02 -1.968703269958496094e-01 -1.337968349456787109e+00 8.169425129890441895e-01 -4.470583796501159668e-01
-1.507727894932031631e-02 -7.830860465764999390e-02 -1.042637586593627930e+00 1.422641038894653320e+00 2.966963052749633789e-01
1.612092614173889160e+00 -1.465669274330139160e-01 5.476456880569458008e-01 -1.434327483177185059e+00 -6.485697627067565918e-02
-7.669245600700378418e-01 5.006675720214843750e-01 -2.548921108245849609e-01 1.033030033111572266e+00 -6.682473421096801758e-01
-1.573927402496337891e+00 8.950821757316589355e-01 7.396485656499862671e-02 6.490518897771835327e-02 -9.747335314750671387e-01
6.162549257278442383e-01 -1.762406085617840290e-03 -1.654609680175781250e+00 -7.824927568435668945e-01 -1.293047785758972168e+00
-7.202261090278625488e-01 1.685823440551757812e+00 -1.691431641578674316e+00 -1.113465189933776855e+00 -6.523635387420654297e-01
-9.371954798698425293e-01 3.504724502563476562e-01 -4.779029488563537598e-01 1.463876128196716309e+00 1.228427886962890625e+00
7.735286951065063477e-01 -9.474955201148986816e-01 -9.350947141647338867e-01 1.986545696854591370e-02 -4.277490377426147461e-01
7.940270900726318359e-01 -3.137208819389343262e-01 -1.628638505935668945e+00 -4.500385224819183350e-01 -8.947896957397460938e-01
-9.991329312324523926e-01 -9.267086982727050781e-01 1.171948790550231934e+00 1.297919731587171555e-02 -4.680847227573394775e-01
7.496411800384521484e-01 -3.209460377693176270e-01 -7.882519811391830444e-02 2.234058380126953125e-01 1.675670295953750610e-01
2.234985530376434326e-01 -1.435439705848693848e+00 -6.165660619735717773e-01 7.215040326118469238e-01 -8.963520526885986328e-01
1.012203693389892578e-01 -1.048694014549255371e+00 -4.988747239112854004e-01 4.764662310481071472e-02 -1.439548969268798828e+00
-2.100801616907119751e-01 6.191858053207397461e-01 -3.182791918516159058e-02 5.613706111907958984e-01 3.028131723403930664e-01
1.143162369728088379e+00 -6.989872455596923828e-02 -1.028306007385253906e+00 -9.700692892074584961e-01 -1.161188840866088867e+00
4.480652511119842529e-01 -1.497870311141014099e-02 -1.310078501701354980e+00 -3.434590697288513184e-01 -1.142380356788635254e+00
-6.923085451126098633e-02 1.746334433555603027e-01 1.886768937110900879e-01 -4.965942203998565674e-01 -1.142879128456115723e+00
5.564898848533630371e-01 2.834890484809875488e-01 -3.869795203208923340e-01 2.941085398197174072e-01 -5.593997240066528320e-01
3.847272396087646484e-01 -6.893921643495559692e-03 -1.259879946708679199e+00 -4.234395027160644531e-01 -1.273422002792358398e+00
-6.766813993453979492e-01 -1.914544105529785156e+00 1.019652724266052246e+00 1.576906800270080566e+00 -5.860010981559753418e-01
-1.062916740775108337e-01 6.916837692260742188e-01 -1.011534810066223145e+00 6.773403882980346680e-01 -3.753411173820495605e-01
2.854655086994171143e-01 -8.832208812236785889e-02 -5.145946741104125977e-01 -4.973005652427673340e-01 -1.595379710197448730e+00
4.352066814899444580e-01 1.517459392547607422e+00 -1.164891958236694336e+00 -5.266191959381103516e-01 -4.011193811893463135e-01
-9.370166659355163574e-01 -8.852538466453552246e-02 1.342894673347473145e+00 8.626886606216430664e-01 -2.599658258259296417e-02
8.622674942016601562e-01 1.138363599777221680e+00 -5.422546267509460449e-01 8.637135028839111328e-01 7.033405303955078125e-01
-4.154833257198333740e-01 -4.983128905296325684e-01 5.848707556724548340e-01 1.117347955703735352e+00 -1.509555280208587646e-01
3.670717775821685791e-01 -1.478614099323749542e-02 -1.032575294375419617e-01 4.828966557979583740e-01 2.765529751777648926e-01
9.813108444213867188e-01 6.808650493621826172e-01 2.786484658718109131e-01 1.361358761787414551e-01 3.712311387062072754e-01
1.531299948692321777e+00 -8.109799623489379883e-01 -3.258621096611022949e-01 1.624850034713745117e+00 4.008425176143646240e-01
1.342564821243286133e+00 5.546977743506431580e-02 -4.023201763629913330e-01 9.882943704724311829e-03 -3.348630070686340332e-01
-1.187375903129577637e+00 4.709616005420684814e-01 1.091041684150695801e+00 3.418352901935577393e-01 6.421940922737121582e-01
-1.960655331611633301e+00 -9.704686999320983887e-01 8.435541987419128418e-01 1.134333014488220215e+00 1.513432711362838745e-01
-1.408805966377258301e+00 3.281515538692474365e-01 1.478407979011535645e+00 7.317422032356262207e-01 9.116312861442565918e-02
6.723639965057373047e-01 -1.259736061096191406e+00 -7.071256041526794434e-01 -5.807291865348815918e-01 1.404570043087005615e-01
-4.469957947731018066e-02 -4.216897860169410706e-02 -1.273100495338439941e+00 -4.636299014091491699e-01 1.089986339211463928e-01
1.738201618194580078e+00 3.680978119373321533e-01 -2.488732039928436279e-01 3.023937702178955078e+00 1.116428494453430176e+00
-6.101360172033309937e-02 -4.236248433589935303e-01 -2.285229712724685669e-01 -4.246852993965148926e-01 7.037788033485412598e-01
-3.123520612716674805e-01 -7.251011729240417480e-01 7.283157110214233398e-01 4.958566129207611084e-01 -1.232539653778076172e+00
-4.848389029502868652e-01 -1.266423463821411133e-01 3.839685618877410889e-01 -7.756618261337280273e-01 5.157968401908874512e-01
4.061106741428375244e-01 -4.443594813346862793e-02 8.502561599016189575e-02 -1.029628157615661621e+00 1.098511070013046265e-01
-1.204991862177848816e-01 5.060775279998779297e-01 8.295669220387935638e-03 -4.036973416805267334e-01 -5.106371641159057617e-01
2.665944695472717285e-01 7.190282940864562988e-01 -4.023008346557617188e-01 -3.511267304420471191e-01 -7.555747032165527344e-01
1.823049634695053101e-01 7.002900540828704834e-02 -2.870361506938934326e-01 -2.989443391561508179e-02 -4.920587837696075439e-01
6.459506154060363770e-01 8.120885491371154785e-02 -6.548773050308227539e-01 3.537700474262237549e-01 -7.328031063079833984e-01
5.136827230453491211e-01 -1.418412923812866211e+00 -6.410381793975830078e-01 1.643042117357254028e-01 1.130042672157287598e+00
5.468125939369201660e-01 7.021321058273315430e-01 -9.866290092468261719e-01 -1.875491440296173096e-01 -2.782926559448242188e-01
6.240067631006240845e-02 -9.874738454818725586e-01 -2.483687251806259155e-01 1.536641359329223633e+00 -2.735495865345001221e-01
2.262717485427856445e-01 1.746989637613296509e-01 1.277868032455444336e+00 1.208807229995727539e+00 7.128271460533142090e-01
-1.185128912329673767e-01 -1.233197331428527832e+00 -2.432563304901123047e-01 -1.488376617431640625e+00 -1.698083639144897461e+00
7.783370614051818848e-01 3.721243143081665039e-02 6.208517551422119141e-01 -3.597538471221923828e-01 -5.947340726852416992e-01
4.891051650047302246e-01 -9.107721447944641113e-01 1.126871705055236816e+00 3.705574274063110352e-01 -4.138548672199249268e-01
1.417598843574523926e+00 -1.567232012748718262e+00 -2.456469386816024780e-01 -2.692213356494903564e-01 -1.233776450157165527e+00
1.562666773796081543e+00 -2.106449753046035767e-01 -7.668128013610839844e-01 6.762026548385620117e-01 9.697492718696594238e-01
1.538945674896240234e+00 -1.689755320549011230e+00 5.825909227132797241e-02 -5.830612778663635254e-01 -1.557691693305969238e+00
3.720082640647888184e-01 -5.488552451133728027e-01 -2.899828255176544189e-01 3.442072272300720215e-01 -1.377562761306762695e+00
-7.349302172660827637e-01 -5.224064588546752930e-01 6.645234227180480957e-01 -1.986677795648574829e-01 -2.415913581848144531e+00
1.033871173858642578e+00 -8.644609451293945312e-01 -2.961408495903015137e-01 -1.397686839103698730e+00 -2.528185129165649414e+00
-8.330074697732925415e-02 9.345632046461105347e-02 -7.446479797363281250e-01 -2.146209329366683960e-01 -8.374089598655700684e-01
3.835985362529754639e-01 3.180785477161407471e-01 -1.050224065780639648e+00 -8.565288186073303223e-01 -1.077256441116333008e+00
-8.665312826633453369e-02 -1.300926566123962402e+00 1.462746709585189819e-01 -7.091746926307678223e-01 -1.731412649154663086e+00
3.272174894809722900e-01 -7.720526456832885742e-01 1.545853614807128906e+00 9.497618079185485840e-01 3.500560224056243896e-01
4.307889938354492188e-01 -5.954282879829406738e-01 -2.629943788051605225e-01 4.752795398235321045e-01 -7.232605814933776855e-01
2.837917804718017578e-01 -8.093686103820800781e-01 -4.746507853269577026e-02 4.163517057895660400e-01 -9.531550407409667969e-01
-5.309319123625755310e-02 -1.163090944290161133e+00 4.268185496330261230e-01 1.867382377386093140e-01 -1.510510802268981934e+00
4.052581489086151123e-01 1.846486181020736694e-01 2.579121589660644531e-01 -6.468060016632080078e-01 -7.162044644355773926e-01
2.077893018722534180e+00 6.906414031982421875e-01 -8.375421762466430664e-01 -1.427519202232360840e+00 -6.161951422691345215e-01
2.714124619960784912e-01 -1.046257376670837402e+00 7.440118789672851562e-01 3.106711618602275848e-02 -9.320889711380004883e-01
3.883000314235687256e-01 -2.514066696166992188e-01 2.034775018692016602e-01 -1.779775500297546387e+00 -8.694536238908767700e-02
-2.696470618247985840e-01 4.124821722507476807e-01 1.134411692619323730e-01 3.038049638271331787e-01 9.643355011940002441e-02
1.510122418403625488e+00 -2.233817130327224731e-01 5.161002278327941895e-01 -7.814937829971313477e-01 -8.231866359710693359e-01
-8.505941629409790039e-01 3.133135437965393066e-01 -6.310220360755920410e-01 7.214874029159545898e-01 -1.544846534729003906e+00
1.351454496383666992e+00 7.947553396224975586e-01 -3.400776684284210205e-01 1.964953839778900146e-01 1.281050562858581543e+00
1.237955331802368164e+00 1.461252808570861816e+00 1.263808727264404297e+00 3.488698005676269531e-01 1.780859231948852539e+00
-3.427447676658630371e-01 4.242571592330932617e-01 2.145755589008331299e-01 2.192020975053310394e-02 8.579618334770202637e-01
-1.142876982688903809e+00 9.837269186973571777e-01 -1.556114673614501953e+00 1.867189705371856689e-01 7.160269021987915039e-01
-7.251694798469543457e-01 4.872686266899108887e-01 1.618775963783264160e+00 -1.565691381692886353e-01 -5.893208384513854980e-01
4.416649937629699707e-01 9.261114001274108887e-01 1.422587633132934570e+00 -2.450541704893112183e-01 8.739456534385681152e-01
1.255382299423217773e+00 9.527468681335449219e-01 2.188410758972167969e+00 -8.990929275751113892e-02 1.394807815551757812e+00
1.030934095382690430e+00 4.479831755161285400e-01 2.423942327499389648e+00 2.957560122013092041e-01 1.376580953598022461e+00
4.346243441104888916e-01 8.875320553779602051e-01 1.164321541786193848e+00 2.567670941352844238e-01 9.292421936988830566e-01
6.362341046333312988e-01 1.193084716796875000e+00 1.144766092300415039e+00 1.054025053977966309e+00 1.149013042449951172e+00
4.548612534999847412e-01 -3.744975030422210693e-01 7.009616494178771973e-01 1.041772007942199707e+00 -3.183029890060424805e-01
-4.957984387874603271e-02 7.105357050895690918e-01 2.072565257549285889e-01 5.693606734275817871e-01 -7.719610929489135742e-01
9.641189575195312500e-01 6.039417982101440430e-01 2.218430042266845703e+00 -1.478766649961471558e-01 5.591951012611389160e-01
7.324507832527160645e-01 1.987961530685424805e-01 1.341418862342834473e+00 -1.826677620410919189e-01 -4.100929796695709229e-01
1.631049871444702148e+00 2.276370525360107422e+00 -1.578021496534347534e-01 -1.639404296875000000e-01 6.128063201904296875e-01
1.643204092979431152e+00 1.101184487342834473e+00 2.069399803876876831e-01 6.442646980285644531e-01 1.122662186622619629e+00
-4.199012815952301025e-01 1.097583174705505371e+00 9.477105140686035156e-01 -2.795453667640686035e-01 -6.790093183517456055e-01
2.448297888040542603e-01 -3.126892745494842529e-01 -2.250281423330307007e-01 1.413736939430236816e-01 -7.520130276679992676e-01
8.585954308509826660e-01 9.154878854751586914e-01 -1.203681588172912598e+00 -2.026923745870590210e-01 -2.968168258666992188e-01
5.436254143714904785e-01 3.932139575481414795e-01 -7.435914874076843262e-01 -8.755078911781311035e-02 -7.761543989181518555e-01
-1.631731241941452026e-01 -6.102666854858398438e-01 8.326240628957748413e-02 1.266010165214538574e+00 -2.543031573295593262e-01
1.362508654594421387e+00 -3.262408375740051270e-01 -8.214641809463500977e-01 9.108134508132934570e-01 5.349109172821044922e-01
4.660632908344268799e-01 1.034223437309265137e+00 2.018977254629135132e-01 -1.238937258720397949e+00 -1.045307874679565430e+00
7.919430136680603027e-01 9.500108659267425537e-02 -1.762398719787597656e+00 -2.396530210971832275e-01 -9.238917231559753418e-01
9.241029024124145508e-01 5.458982586860656738e-01 -2.715265154838562012e-01 -1.102085590362548828e+00 -9.932458996772766113e-01
-8.685173094272613525e-02 9.449791908264160156e-01 -1.135681986808776855e+00 1.648041009902954102e-01 -2.834234237670898438e-01
-7.438816428184509277e-01 7.599564790725708008e-01 -8.774975538253784180e-01 -4.779988154768943787e-02 -2.112993299961090088e-01
7.117177248001098633e-01 3.399522602558135986e-01 -8.445532917976379395e-01 2.681952714920043945e-01 -1.022601202130317688e-01
3.279737234115600586e-01 -1.153234243392944336e+00 -1.000536158680915833e-01 1.020718455314636230e+00 -4.553775787353515625e-01
4.457400739192962646e-01 -7.782758474349975586e-01 2.986377179622650146e-01 6.184664964675903320e-01 -4.470037817955017090e-01
8.092151284217834473e-01 1.790920346975326538e-01 1.026615202426910400e-01 -1.381903886795043945e-01 -4.207375049591064453e-01
9.661418199539184570e-01 4.552578032016754150e-01 -8.385370969772338867e-01 4.170472323894500732e-01 4.397416114807128906e-01
2.335000783205032349e-01 2.258287966251373291e-01 -1.043787837028503418e+00 8.227818012237548828e-01 -3.352042138576507568e-01
5.295224785804748535e-01 -6.657320857048034668e-01 2.813276052474975586e-01 -1.636535972356796265e-01 -6.667179465293884277e-01
8.652493357658386230e-01 2.964293658733367920e-01 4.625636935234069824e-01 -5.482515692710876465e-02 3.892231583595275879e-01
4.901208281517028809e-01 -6.894778609275817871e-01 -7.459668517112731934e-01 8.413714170455932617e-01 -2.609224021434783936e-01
3.231148421764373779e-01 2.156253606081008911e-01 -1.147622227668762207e+00 -1.166952490806579590e+00 -1.079496383666992188e+00
6.565349698066711426e-01 -2.847872078418731689e-01 -8.453431725502014160e-01 -5.287963747978210449e-01 1.317059248685836792e-01
1.188856482505798340e+00 -5.855736136436462402e-01 -1.007350325584411621e+00 -1.706342101097106934e-01 -6.774162054061889648e-01
1.206166267395019531e+00 -3.928190469741821289e-01 -8.545473814010620117e-01 -6.161652207374572754e-01 -9.512282013893127441e-01
1.029927134513854980e+00 1.344212889671325684e-01 -1.296244859695434570e+00 -1.069566160440444946e-01 -5.172864794731140137e-01
8.527620434761047363e-01 -8.067961335182189941e-01 -1.795847415924072266e-01 3.091177046298980713e-01 -4.372181892395019531e-01
8.149309754371643066e-01 -1.125704526901245117e+00 -2.669617831707000732e-01 -1.596062630414962769e-01 -1.235142469406127930e+00
1.587741613388061523e+00 -1.854555867612361908e-02 -3.292943537235260010e-01 1.738685607910156250e+00 4.414800405502319336e-01
1.540307044982910156e+00 -8.012608289718627930e-01 1.156323671340942383e+00 -1.713730573654174805e+00 -1.425144433975219727e+00
4.680538475513458252e-01 -7.748308181762695312e-01 -1.125684499740600586e+00 1.221628114581108093e-01 -8.728166818618774414e-01
7.719992399215698242e-01 -1.193642139434814453e+00 -7.840134501457214355e-01 7.445208728313446045e-02 -8.082958459854125977e-01
-1.104725718498229980e+00 -3.680739700794219971e-01 4.891565144062042236e-01 -1.868238449096679688e-01 -3.442877233028411865e-01
-2.111786901950836182e-01 -1.495432704687118530e-01 -2.710059583187103271e-01 -3.026366233825683594e-01 3.236669003963470459e-01
1.338260889053344727e+00 -1.574328303337097168e+00 4.759302139282226562e-01 -8.800972104072570801e-01 -1.748570948839187622e-01
2.674401104450225830e-01 5.525652170181274414e-01 -1.125684738159179688e+00 1.099388122558593750e+00 -1.307246804237365723e+00
-9.915981292724609375e-01 2.036136835813522339e-01 -7.921781539916992188e-01 -2.855567336082458496e-01 -1.182389780879020691e-01
3.491344451904296875e-01 -4.510461688041687012e-01 -2.190222591161727905e-01 3.382675051689147949e-01 -4.308285415172576904e-01
7.566537261009216309e-01 -5.722228437662124634e-02 -2.930426895618438721e-01 -5.781825780868530273e-01 -1.615640223026275635e-01
-6.092256903648376465e-01 1.413143277168273926e+00 1.236512184143066406e+00 -9.476533532142639160e-02 -4.149520993232727051e-01
-6.740528941154479980e-01 8.003868460655212402e-01 1.735429048538208008e+00 1.879460811614990234e-01 -4.651714861392974854e-01
-4.927794933319091797e-01 1.291459918022155762e+00 1.478594422340393066e+00 -1.415565013885498047e-01 -4.717229604721069336e-01
1.038449525833129883e+00 1.314531564712524414e+00 8.779368549585342407e-02 5.144272446632385254e-01 3.939277529716491699e-01
1.490866303443908691e+00 3.552657663822174072e-01 1.015780925750732422e+00 -2.948918193578720093e-02 2.438640296459197998e-01
4.605767428874969482e-01 1.326383352279663086e+00 1.311377406120300293e+00 -1.057527780532836914e+00 -1.062982082366943359e+00
4.259347915649414062e-01 3.184376060962677002e-01 -1.137250065803527832e+00 3.184420466423034668e-01 7.054700702428817749e-02
-1.085468411445617676e+00 1.413759231567382812e+00 -6.254884004592895508e-01 -4.108073115348815918e-01 3.337225317955017090e-01
1.238205954432487488e-01 3.110711462795734406e-02 1.342323303222656250e+00 -2.271501868963241577e-01 3.630279302597045898e-01
1.005692839622497559e+00 1.239937424659729004e+00 -2.855459153652191162e-01 -3.500208258628845215e-01 3.484532237052917480e-01
-5.405717715620994568e-02 7.884892225265502930e-01 1.884793281555175781e+00 -8.961119055747985840e-01 -6.946022510528564453e-01
9.977177530527114868e-02 7.465319633483886719e-01 1.782717943191528320e+00 -3.346005380153656006e-01 -2.177681215107440948e-02
2.014879286289215088e-01 1.317303538322448730e+00 1.542859196662902832e+00 -9.616296887397766113e-01 -3.731389343738555908e-01
5.184378027915954590e-01 -2.362492233514785767e-01 7.440988421440124512e-01 -2.883115708827972412e-01 -3.095221519470214844e-01
-8.161218166351318359e-01 2.866652488708496094e+00 4.266866445541381836e-01 1.330881476402282715e+00 8.104226589202880859e-01
4.263028800487518311e-01 8.801879286766052246e-01 4.452928304672241211e-01 -8.130980134010314941e-01 -4.323021173477172852e-01
7.895562648773193359e-01 1.777462661266326904e-01 -4.148825109004974365e-01 -6.468472629785537720e-02 7.611101269721984863e-01
-6.404779553413391113e-01 2.694174766540527344e+00 4.676033854484558105e-01 1.678840994834899902e+00 1.281841158866882324e+00
-1.457543015480041504e+00 2.140042066574096680e+00 9.728210568428039551e-01 1.409117102622985840e+00 1.444516628980636597e-01
-7.975231409072875977e-01 -2.250820547342300415e-01 7.389148473739624023e-01 -6.743537783622741699e-01 -1.602554202079772949e+00
7.499733567237854004e-01 2.244333982467651367e+00 8.066871166229248047e-01 -8.480615019798278809e-01 -1.329343169927597046e-01
3.507965803146362305e-01 -1.105991721153259277e+00 8.970646560192108154e-02 3.616558313369750977e-01 -5.248035192489624023e-01
-6.407074332237243652e-01 3.736522197723388672e-01 1.634782075881958008e+00 1.753249406814575195e+00 8.014805912971496582e-01
6.469683051109313965e-01 8.237449526786804199e-01 -1.198824644088745117e+00 8.120424747467041016e-01 2.825806140899658203e-01
-5.911312103271484375e-01 4.808186888694763184e-01 -6.989514827728271484e-01 -5.000931769609451294e-02 7.353661656379699707e-01
-3.473128378391265869e-01 1.619640469551086426e+00 7.856156229972839355e-01 1.125261306762695312e+00 4.017156958580017090e-01
-1.120906248688697815e-01 1.640451431274414062e+00 1.292082548141479492e+00 2.389244735240936279e-01 1.083074435591697693e-01
-1.323869228363037109e-01 2.297281026840209961e+00 4.872187674045562744e-01 1.100170731544494629e+00 9.090942740440368652e-01
-5.676434636116027832e-01 3.093740224838256836e+00 -1.027042746543884277e+00 -1.436538547277450562e-01 5.752086043357849121e-01
-4.156630039215087891e-01 3.121945381164550781e+00 -9.619345068931579590e-01 -3.392595350742340088e-01 5.887836813926696777e-01
7.737312316894531250e-01 -2.112456262111663818e-01 -3.364780917763710022e-02 1.885464042425155640e-01 -3.541827499866485596e-01
3.800890445709228516e-01 5.709992647171020508e-01 8.485999703407287598e-01 7.224138975143432617e-01 -6.454842686653137207e-01
-9.168957471847534180e-01 2.824953794479370117e+00 -8.246371150016784668e-01 -3.370300233364105225e-01 -2.491002529859542847e-02
-8.527844548225402832e-01 2.508556127548217773e+00 -6.496874094009399414e-01 1.150424703955650330e-01 4.688073694705963135e-01
-4.839948713779449463e-01 3.326835393905639648e+00 -1.086588382720947266e+00 -4.976589381694793701e-01 3.937115073204040527e-01
1.381026148796081543e+00 -5.410428643226623535e-01 8.124376535415649414e-01 3.437838703393936157e-02 -1.688878178596496582e+00
1.228801369667053223e+00 -1.545875221490859985e-01 1.353045821189880371e+00 -4.235620144754648209e-03 6.902165412902832031e-01
1.035706639289855957e+00 -6.153404712677001953e-01 -2.438976988196372986e-02 1.273268610239028931e-01 8.564732223749160767e-02
6.428316235542297363e-01 8.807032108306884766e-01 -3.450835868716239929e-02 -5.174773335456848145e-01 -3.621570467948913574e-01
1.657464385032653809e+00 -1.157023668289184570e+00 -8.834701776504516602e-01 -7.362052202224731445e-01 -5.146536827087402344e-01
1.725665450096130371e+00 -1.385867953300476074e+00 -7.199180126190185547e-01 -6.547320485115051270e-01 -4.177177846431732178e-01
2.015205383300781250e+00 -1.330424547195434570e+00 -1.044182419776916504e+00 -2.527346312999725342e-01 1.605031043291091919e-01
1.747098684310913086e+00 -1.075089812278747559e+00 -9.101623296737670898e-01 -8.920375704765319824e-01 -5.413820147514343262e-01
1.937549591064453125e+00 -8.111894726753234863e-01 -1.199510574340820312e+00 -8.726682066917419434e-01 -3.344978988170623779e-01
1.750406146049499512e+00 -1.454290509223937988e+00 -7.821947932243347168e-01 -4.475828111171722412e-01 -2.372277528047561646e-01
1.516441226005554199e+00 -1.283643603324890137e+00 -7.184891700744628906e-01 -7.583398222923278809e-01 -6.854563355445861816e-01
4.727420508861541748e-01 9.880193509161472321e-03 -7.294172644615173340e-01 -1.316757798194885254e-01 -7.351680397987365723e-01
-3.991268575191497803e-01 6.237828135490417480e-01 -1.134961962699890137e+00 1.124835610389709473e-01 -7.771293520927429199e-01
8.694409728050231934e-01 -1.407183613628149033e-02 7.816242426633834839e-02 3.711688816547393799e-01 -5.396512746810913086e-01
-8.733925223350524902e-01 9.307810664176940918e-01 -5.436911582946777344e-01 8.163360357284545898e-01 9.725727885961532593e-02
2.782521545886993408e-01 2.262748777866363525e-01 3.001648783683776855e-01 -3.789591044187545776e-02 8.205509781837463379e-01
5.675134658813476562e-01 2.159760713577270508e+00 4.531811773777008057e-01 -1.601634263992309570e+00 -1.563660651445388794e-01
2.668501138687133789e-01 1.380366086959838867e+00 8.788874745368957520e-01 -1.037084937095642090e+00 -7.656585425138473511e-02
2.186897695064544678e-01 1.136088848114013672e+00 1.032635450363159180e+00 -9.166163206100463867e-01 -5.001179501414299011e-02
1.434257719665765762e-02 1.297646164894104004e+00 1.092007398605346680e+00 -1.223314762115478516e+00 -4.930149316787719727e-01
-2.600735723972320557e-01 7.726902514696121216e-02 1.656266331672668457e+00 -1.220216453075408936e-01 6.452842801809310913e-02
-3.202276304364204407e-02 1.311355352401733398e+00 1.112940549850463867e+00 -1.217344284057617188e+00 -2.349614351987838745e-01
-8.183317631483078003e-02 8.203058838844299316e-01 1.278568506240844727e+00 -3.560202717781066895e-01 4.402947723865509033e-01
-8.479209244251251221e-02 6.760749816894531250e-01 8.946436047554016113e-01 -8.480360507965087891e-01 -9.465948939323425293e-01
-4.677700996398925781e-01 -3.145222067832946777e-01 3.320237696170806885e-01 9.947019219398498535e-01 2.598010599613189697e-01
-8.160736560821533203e-01 -1.829714626073837280e-01 -1.021729588508605957e+00 6.688559055328369141e-01 8.422886729240417480e-01
-3.685694038867950439e-01 -1.516664773225784302e-01 9.568353295326232910e-01 1.259715408086776733e-01 -5.316650867462158203e-02
-1.340345501899719238e+00 -4.381029605865478516e-01 -9.064003825187683105e-01 1.643531173467636108e-01 -1.546912044286727905e-01
6.405634880065917969e-01 -7.970924377441406250e-01 1.389446377754211426e+00 -7.212842106819152832e-01 -7.307479381561279297e-01
