-4.489542171359062195e-02
2.217270284891128540e-01
7.145535945892333984e-01
7.109304070472717285e-01
2.260015755891799927e-01
9.132439494132995605e-01
1.245559081435203552e-01
1.714021414518356323e-01
2.172427624464035034e-01
6.612548232078552246e-01
3.821024596691131592e-01
3.161301016807556152e-01
-4.445723593235015869e-01
-1.694688200950622559e-01
-2.041886746883392334e-01
-3.695195913314819336e-01
5.616308450698852539e-01
-3.789750635623931885e-01
-3.598837554454803467e-01
-8.301758766174316406e-02
-2.965904474258422852e-01
-1.987646967172622681e-01
5.546305775642395020e-01
3.895044624805450439e-01
5.505638122558593750e-01
6.705331206321716309e-01
1.115092635154724121e+00
1.084623634815216064e-01
1.155053257942199707e+00
-5.157732963562011719e-02
1.461029052734375000e-01
-4.632417559623718262e-01
4.985159337520599365e-01
3.825763463973999023e-01
1.055506587028503418e+00
3.397477865219116211e-01
4.933424293994903564e-03
1.550336927175521851e-01
6.853268481791019440e-03
4.465027153491973877e-01
-1.972998976707458496e-01
8.784272670745849609e-01
9.083635807037353516e-01
8.719488382339477539e-01
-3.830524981021881104e-01
1.393737792968750000e+00
9.004711508750915527e-01
4.789656102657318115e-01
4.792717993259429932e-01
1.180329084396362305e+00
-7.282474637031555176e-01
-9.080573916435241699e-01
4.788907766342163086e-01
-6.445894241333007812e-01
-1.808146387338638306e-01
2.631503045558929443e-01
-4.024640619754791260e-01
-5.456098318099975586e-01
7.731366157531738281e-01
7.734031677246093750e-01
7.733088135719299316e-01
7.244370579719543457e-01
7.270865440368652344e-01
8.408183455467224121e-01
8.563178777694702148e-01
7.262104153633117676e-01
7.855314612388610840e-01
5.442458391189575195e-01
7.925909757614135742e-02
3.910209536552429199e-01
4.640808701515197754e-01
9.682132005691528320e-01
8.697153329849243164e-01
8.366739153861999512e-01
8.574494719505310059e-01
6.462384462356567383e-01
7.262733578681945801e-01
5.044602751731872559e-01
4.992952942848205566e-02
1.473066806793212891e-01
3.373297750949859619e-01
3.780557811260223389e-01
1.088608384132385254e+00
-7.810468077659606934e-01
6.157153248786926270e-01
6.786365509033203125e-01
2.038758248090744019e-01
9.062195420265197754e-01
8.376424312591552734e-01
-3.989630937576293945e-01
6.382330060005187988e-01
6.509426236152648926e-01
4.154635369777679443e-01
5.814176797866821289e-01
3.591354489326477051e-01
-2.841543219983577728e-02
5.717545747756958008e-01
6.754677295684814453e-01
1.035102128982543945e+00
1.121413469314575195e+00
1.302783131599426270e+00
1.339850544929504395e+00
7.904337644577026367e-01
7.814715504646301270e-01
7.740601301193237305e-01
6.965895295143127441e-01
9.207121729850769043e-01
9.242699742317199707e-01
1.062663793563842773e+00
6.322878003120422363e-01
6.370789408683776855e-01
4.852464795112609863e-01
5.779072046279907227e-01
2.555523514747619629e-01
6.267482638359069824e-01
5.996074080467224121e-01
8.014551401138305664e-01
8.077744245529174805e-01
8.598549365997314453e-01
8.428755402565002441e-01
7.049358487129211426e-01
1.150956749916076660e+00
6.491347551345825195e-01
5.108149647712707520e-01
7.599592208862304688e-01
8.566737174987792969e-01
8.411159515380859375e-01
7.446851134300231934e-01
3.072882592678070068e-01
7.504344582557678223e-01
7.438853383064270020e-01
7.312414050102233887e-01
9.792108535766601562e-01
8.955312371253967285e-01
-8.202037811279296875e-01
-3.744252622127532959e-01
8.908858299255371094e-01
9.296969771385192871e-01
4.857681095600128174e-01
8.894855380058288574e-01
-3.483917713165283203e-01
3.321281969547271729e-01
-2.056148834526538849e-02
-2.401607632637023926e-01
-1.573062241077423096e-01
2.426286786794662476e-01
7.289205193519592285e-01
4.503885209560394287e-01
5.329102277755737305e-01
5.474059581756591797e-01
5.093602538108825684e-01
-7.693476080894470215e-01
2.880038321018218994e-01
7.834516167640686035e-01
-1.712990760803222656e+00
7.997065186500549316e-01
1.605262458324432373e-01
2.295058816671371460e-01
7.007433176040649414e-01
7.406676411628723145e-01
-6.381302475929260254e-01
1.024755358695983887e+00
4.782022237777709961e-01
3.704032897949218750e-01
5.710617899894714355e-01
-2.453008145093917847e-01
1.068467378616333008e+00
1.059013962745666504e+00
6.523045301437377930e-01
7.307386398315429688e-01
-4.245528876781463623e-01
-3.560373932123184204e-02
9.808691740036010742e-01
9.431409239768981934e-01
1.103429317474365234e+00
1.104393482208251953e+00
9.898647665977478027e-02
4.396241307258605957e-01
8.691768050193786621e-01
8.983322381973266602e-01
-5.404177904129028320e-01
8.903048634529113770e-01
1.168339371681213379e+00
8.082115054130554199e-01
9.380915760993957520e-01
5.028393268585205078e-01
-1.155904382467269897e-01
7.775922305881977081e-03
-1.746303200721740723e+00
1.206536531448364258e+00
5.957977175712585449e-01
-3.790816664695739746e-01
2.707024514675140381e-01
3.797660171985626221e-01
-9.307850152254104614e-02
-1.198514252901077271e-01
-4.000751674175262451e-01
-1.329816877841949463e-01
1.085418462753295898e+00
-8.117997050285339355e-01
-3.201988935470581055e-01
1.329886019229888916e-01
-2.147391796112060547e+00
-1.243028759956359863e+00
5.014671087265014648e-01
-1.109995961189270020e+00
-6.747671961784362793e-01
5.559279322624206543e-01
4.134636223316192627e-01
-9.953164309263229370e-02
-1.042225062847137451e-01
1.551344841718673706e-01
5.487878918647766113e-01
-9.212144017219543457e-01
-7.408846020698547363e-01
9.117203950881958008e-01
-4.554195106029510498e-01
3.750592842698097229e-02
1.736791133880615234e+00
-1.294949531555175781e+00
2.605255842208862305e-01
-5.843666791915893555e-01
6.944147348403930664e-01
5.531407594680786133e-01
5.578976273536682129e-01
7.989997267723083496e-01
-5.857425332069396973e-01
4.161242842674255371e-01
-2.938163280487060547e-01
-6.311617493629455566e-01
-4.075997173786163330e-01
2.600061520934104919e-02
6.815274953842163086e-01
8.958249092102050781e-01
1.254840254783630371e+00
5.471656322479248047e-01
-7.089444994926452637e-01
4.969584345817565918e-01
-3.400270044803619385e-01
4.466296434402465820e-01
5.779661536216735840e-01
5.852605700492858887e-01
8.410017192363739014e-02
1.504171967506408691e+00
5.187964439392089844e-01
4.243970811367034912e-01
5.618933439254760742e-01
7.430524230003356934e-01
-5.261383652687072754e-01
8.349665999412536621e-01
-4.147407114505767822e-01
2.681849300861358643e-01
-2.487158179283142090e-01
4.959904253482818604e-01
-6.539859771728515625e-01
8.170465230941772461e-01
-3.865232765674591064e-01
4.501682817935943604e-01
1.058908998966217041e-01
2.455275207757949829e-01
-4.598730802536010742e-01
4.786325097084045410e-01
1.345973163843154907e-01
1.378950029611587524e-01
-8.299516886472702026e-02
-8.670619130134582520e-01
5.866993218660354614e-02
6.911826133728027344e-01
6.614197492599487305e-01
9.864748120307922363e-01
9.222583174705505371e-01
-2.218720316886901855e-01
2.125604748725891113e-01
4.231775999069213867e-01
2.297064661979675293e-01
5.503806471824645996e-01
5.652324557304382324e-01
9.366391897201538086e-01
8.772084116935729980e-01
2.359831333160400391e+00
-2.466507852077484131e-01
-2.877248218283057213e-03
-4.247521460056304932e-01
2.648376226425170898e-01
3.131078779697418213e-01
1.329947859048843384e-01
6.372210979461669922e-01
9.938214421272277832e-01
3.927878439426422119e-01
1.314951926469802856e-01
6.406081318855285645e-01
2.013043463230133057e-01
7.722565531730651855e-01
-2.100212574005126953e-01
-3.020868003368377686e-01
2.113764584064483643e-01
2.970073223114013672e-01
7.452781796455383301e-01
7.281156778335571289e-01
1.776121556758880615e-01
2.955975830554962158e-01
4.947435259819030762e-01
7.453475594520568848e-01
-4.675541222095489502e-01
8.360456675291061401e-02
-2.795774042606353760e-01
2.991083264350891113e-01
1.093389540910720825e-01
5.610032379627227783e-02
7.311117649078369141e-01
7.574638724327087402e-01
6.719183921813964844e-01
4.121769368648529053e-01
5.047669410705566406e-01
5.749410390853881836e-01
-1.478140652179718018e-01
-1.964921236038208008e+00
5.205919146537780762e-01
4.866583645343780518e-01
6.900041699409484863e-01
-1.313519477844238281e-01
-3.558229282498359680e-02
1.626872122287750244e-01
1.351699233055114746e-01
3.089494109153747559e-01
5.857651121914386749e-03
-3.257305175065994263e-02
-1.086498618125915527e+00
-5.713513493537902832e-01
-3.500434160232543945e-01
-1.854985654354095459e-01
9.957938790321350098e-01
-7.515830397605895996e-01
-1.020578816533088684e-01
-2.217001318931579590e-01
-3.370670676231384277e-01
-4.607447087764739990e-01
-5.586981773376464844e-01
-3.636936843395233154e-01
-1.046802178025245667e-01
1.893515139818191528e-01
3.786459267139434814e-01
4.427368640899658203e-01
-2.368254587054252625e-03
7.305893301963806152e-02
3.152466118335723877e-01
1.529631614685058594e-01
-3.525784909725189209e-01
1.007732629776000977e+00
1.143566250801086426e+00
2.602770924568176270e-01
4.010711014270782471e-01
-2.024420797824859619e-01
6.546081900596618652e-01
1.038181781768798828e+00
-1.218963384628295898e+00
-1.301448702812194824e+00
-1.577249646186828613e+00
7.866668105125427246e-01
-1.234091520309448242e+00
3.579712808132171631e-01
-2.480845749378204346e-01
7.279157638549804688e-01
7.202351689338684082e-01
1.405895873904228210e-02
1.359080076217651367e+00
-4.700277447700500488e-01
1.374719738960266113e+00
6.468890905380249023e-01
6.344159245491027832e-01
5.993265509605407715e-01
7.473783493041992188e-01
6.895102262496948242e-01
1.171588674187660217e-01
-1.587996125221252441e+00
-5.881130322813987732e-02
3.772032260894775391e-01
9.831693172454833984e-01
1.254254937171936035e+00
-7.706996202468872070e-01
7.718530893325805664e-01
8.307695984840393066e-01
1.016684174537658691e-01
-9.624180793762207031e-01
7.139427065849304199e-01
5.642771720886230469e-01
3.156880438327789307e-01
-1.606057882308959961e+00
9.307373762130737305e-01
-4.307204857468605042e-02
-7.094438076019287109e-01
9.465726017951965332e-01
4.607024788856506348e-01
4.258384406566619873e-01
3.524359762668609619e-01
-2.106892764568328857e-01
1.356104165315628052e-01
-8.224207758903503418e-01
3.567655682563781738e-01
-4.004139602184295654e-01
4.999214112758636475e-01
-2.128502875566482544e-01
-2.856097817420959473e-01
-9.950228333473205566e-01
-1.140927553176879883e+00
-8.538686670362949371e-03
-1.423274636268615723e+00
-1.235939264297485352e+00
-8.603522926568984985e-02
-2.916864305734634399e-02
1.822245679795742035e-02
-1.046100974082946777e+00
5.665009617805480957e-01
7.991444468498229980e-01
1.770701557397842407e-01
-1.612228155136108398e+00
5.830764174461364746e-01
1.417111754417419434e-01
4.310279786586761475e-01
9.944552779197692871e-01
-5.922286510467529297e-01
-7.744139432907104492e-01
4.615100026130676270e-01
3.411977589130401611e-01
5.871258378028869629e-01
-6.404179334640502930e-01
5.440890192985534668e-01
2.816461324691772461e-01
3.121596574783325195e-01
6.721034646034240723e-01
4.453217983245849609e-01
6.960635185241699219e-01
3.992999494075775146e-01
6.669504195451736450e-02
6.109808683395385742e-01
6.129139065742492676e-01
6.223268508911132812e-01
4.168015122413635254e-01
3.003417849540710449e-01
1.856502145528793335e-01
1.220975637435913086e+00
1.119579792022705078e+00
-4.376670718193054199e-01
5.932356715202331543e-01
1.078205347061157227e+00
-3.110858798027038574e-01
3.357158973813056946e-02
-5.270982384681701660e-01
-4.564959704875946045e-01
-7.995125055313110352e-01
-3.395073115825653076e-02
-3.625198081135749817e-02
-3.814178705215454102e-01
1.543910205364227295e-01
1.429309248924255371e+00
-4.810369759798049927e-02
9.834465384483337402e-02
3.686875700950622559e-01
3.939318656921386719e-01
4.152562916278839111e-01
4.118506312370300293e-01
3.984984755516052246e-01
4.513934254646301270e-01
3.964556455612182617e-01
-6.438596174120903015e-03
6.069064140319824219e-01
2.162588536739349365e-01
2.075829058885574341e-01
-9.254844188690185547e-01
-9.998437762260437012e-01
-9.593588858842849731e-02
3.200905025005340576e-01
-3.403222858905792236e-01
5.206773281097412109e-01
8.227268457412719727e-01
9.110642224550247192e-02
-9.032662212848663330e-02
-7.461827248334884644e-02
-5.110846161842346191e-01
8.254296183586120605e-01
-1.678560614585876465e+00
7.396256923675537109e-01
6.661482453346252441e-01
7.155016064643859863e-01
7.038337588310241699e-01
4.769515395164489746e-01
5.420111417770385742e-01
-9.040876626968383789e-01
2.676624804735183716e-02
8.593496680259704590e-01
-3.090018630027770996e-01
-8.540094643831253052e-02
-9.781437367200851440e-02
9.637720137834548950e-02
2.379664331674575806e-01
7.232408970594406128e-02
-9.353758096694946289e-01
-6.764295697212219238e-01
3.119289577007293701e-01
2.748473882675170898e-01
3.237421512603759766e-01
6.424129009246826172e-01
7.910783886909484863e-01
5.128818154335021973e-01
-5.476469993591308594e-01
2.717708647251129150e-01
-1.030188202857971191e+00
-4.173843562602996826e-01
3.315794467926025391e-01
2.730498313903808594e-01
3.626982867717742920e-01
4.763832986354827881e-01
4.475521743297576904e-01
7.649926543235778809e-01
-1.273368954658508301e+00
3.986347317695617676e-01
4.181006848812103271e-01
1.036272421479225159e-01
8.011992573738098145e-01
-1.513854503631591797e+00
-6.252472996711730957e-01
1.041260838508605957e+00
1.264485359191894531e+00
5.860992074012756348e-01
-5.051333904266357422e-01
-4.695041105151176453e-02
4.143051207065582275e-01
3.704439401626586914e-01
-4.387695789337158203e-01
-6.603026986122131348e-01
3.465528488159179688e-01
2.228117585182189941e-01
4.061480760574340820e-01
-2.112460136413574219e-01
-6.436972022056579590e-01
-4.095245897769927979e-01
-3.254121541976928711e-02
9.554874300956726074e-01
9.115079045295715332e-01
8.583372831344604492e-01
9.491835832595825195e-01
9.673228263854980469e-01
8.805113434791564941e-01
9.576825499534606934e-01
-8.060545325279235840e-01
-5.954627692699432373e-02
-2.253454923629760742e-01
6.078762412071228027e-01
-8.979753851890563965e-01
-5.003859400749206543e-01
-5.619854927062988281e-01
-5.727667212486267090e-01
-5.822808742523193359e-01
-7.894436717033386230e-01
-5.641738772392272949e-01
-7.234479188919067383e-01
-1.406299948692321777e+00
4.653333425521850586e-01
6.105207800865173340e-01
-1.467369943857192993e-01
-6.397246718406677246e-01
-1.846788674592971802e-01
