9.220675230026245117e-01 4.286953210830688477e-01 -1.453419923782348633e+00
1.361937355250120163e-02 1.858348131179809570e+00 1.600403487682342529e-01
-1.020911693572998047e+00 -1.873639225959777832e+00 3.801736533641815186e-01
-7.448361515998840332e-01 -9.195730686187744141e-01 -6.143310070037841797e-01
-6.502727270126342773e-01 7.274571061134338379e-02 3.884908258914947510e-01
3.766552805900573730e-01 1.306948423385620117e+00 9.648909419775009155e-02
-1.393525004386901855e+00 4.001453518867492676e-02 -1.945216506719589233e-01
-4.699881672859191895e-01 1.206449419260025024e-01 2.132996022701263428e-01
-1.171082258224487305e+00 5.339764431118965149e-02 4.150007963180541992e-01
-4.665841162204742432e-01 9.404360055923461914e-01 -8.375566005706787109e-01
-2.456160306930541992e+00 1.479779958724975586e+00 -1.338723063468933105e+00
-2.344647407531738281e+00 1.915341854095458984e+00 -5.825893282890319824e-01
-1.300975322723388672e+00 8.812592625617980957e-01 -8.812694549560546875e-01
8.520319312810897827e-02 1.810076713562011719e+00 -9.360255002975463867e-01
-3.064204156398773193e-01 4.987212643027305603e-02 -8.389127850532531738e-01
6.486786603927612305e-01 4.940946102142333984e-01 -1.719400167465209961e+00
1.467790842056274414e+00 -1.593509435653686523e+00 9.195230007171630859e-01
-1.663986921310424805e+00 1.845713734626770020e+00 6.449396908283233643e-02
-1.262158751487731934e+00 1.347720861434936523e+00 -1.404821753501892090e+00
3.126241564750671387e-01 1.120378017425537109e+00 9.892570227384567261e-02
-5.415053963661193848e-01 1.556555271148681641e+00 4.702790081501007080e-02
-6.208495497703552246e-01 2.081886291503906250e+00 1.140751123428344727e+00
-2.449905157089233398e+00 1.603595495223999023e+00 -3.836517035961151123e-01
-2.931165218353271484e+00 1.105201125144958496e+00 1.982494890689849854e-01
-1.734995484352111816e+00 1.913544297218322754e+00 -1.297534823417663574e+00
-4.977245628833770752e-01 1.218863606452941895e+00 -1.480613350868225098e+00
-2.112883567810058594e+00 5.894170701503753662e-02 1.241901963949203491e-01
5.196836590766906738e-01 1.847798377275466919e-01 -1.841631680727005005e-01
-5.249793529510498047e-01 -1.937245368957519531e+00 -1.344672560691833496e+00
-2.778735756874084473e-01 3.826125860214233398e-01 -4.845386371016502380e-02
-2.311157584190368652e-01 1.396077990531921387e+00 1.438353806734085083e-01
1.714672803878784180e+00 2.099028229713439941e-01 -2.053280353546142578e+00
-3.992176055908203125e-01 4.771623611450195312e-01 -8.633934855461120605e-01
-1.188899517059326172e+00 -4.985240101814270020e-01 -4.332412481307983398e-01
-3.568618595600128174e-01 1.559754490852355957e+00 6.293981075286865234e-01
-6.603896021842956543e-01 -8.823512196540832520e-01 8.193686604499816895e-01
-1.251782536506652832e+00 5.114538669586181641e-01 -8.755726218223571777e-01
-1.376252293586730957e+00 8.200561404228210449e-01 -1.245988249778747559e+00
-8.050097823143005371e-01 7.906805872917175293e-01 -1.395875453948974609e+00
-1.087414860725402832e+00 -9.991035461425781250e-01 8.389788866043090820e-01
1.763100475072860718e-01 -1.138170123100280762e+00 -1.237228512763977051e+00
-1.185047745704650879e+00 1.185539841651916504e+00 3.275001645088195801e-01
-7.333667278289794922e-01 -4.072329699993133545e-01 -3.470306992530822754e-01
-1.070147007703781128e-01 -1.033366322517395020e+00 6.760140657424926758e-01
-3.604229912161827087e-02 1.156618595123291016e+00 1.636343747377395630e-01
1.123986482620239258e+00 -1.920108437538146973e+00 6.666680574417114258e-01
-2.948233857750892639e-02 1.293948888778686523e+00 -1.797617435455322266e+00
-1.568354964256286621e-01 3.047429323196411133e-01 -1.462471127510070801e+00
-2.123048007488250732e-01 -2.953156232833862305e-01 -1.144441246986389160e+00
1.599492549896240234e+00 -1.082833647727966309e+00 7.832705229520797729e-02
-8.108919262886047363e-01 -6.122395992279052734e-01 8.077129721641540527e-01
4.531618654727935791e-01 1.187358975410461426e+00 -4.017112553119659424e-01
-9.420096874237060547e-01 -1.172615289688110352e+00 6.317818164825439453e-01
5.883812308311462402e-01 1.441104292869567871e+00 -2.109117060899734497e-01
-9.145830869674682617e-01 6.537991166114807129e-01 1.333376169204711914e+00
5.411634445190429688e-01 1.792492866516113281e-01 -2.160656601190567017e-01
-2.762066423892974854e-01 2.372337579727172852e-01 2.852551698684692383e+00
-1.209323406219482422e+00 3.929397761821746826e-01 1.321051239967346191e+00
-2.594701945781707764e-01 5.179004073143005371e-01 -3.144945502281188965e-01
-5.830157995223999023e-01 2.308202832937240601e-01 2.382617741823196411e-01
-2.753757536411285400e-01 4.969034194946289062e-01 -2.808602452278137207e-01
-6.752499938011169434e-02 9.552217721939086914e-01 -3.289430588483810425e-02
-6.305131316184997559e-01 5.084713101387023926e-01 8.106602430343627930e-01
-1.358721137046813965e+00 6.127545833587646484e-01 -1.785778105258941650e-01
-1.642884731292724609e+00 7.986461520195007324e-01 7.369911670684814453e-02
-3.038884103298187256e-01 1.979715108871459961e+00 -1.261879920959472656e+00
-1.216812014579772949e+00 1.305505752563476562e+00 -5.099357292056083679e-02
-9.888947755098342896e-02 7.398797273635864258e-01 3.203488290309906006e-01
-9.674054384231567383e-01 -1.056609392166137695e+00 2.831623852252960205e-01
-6.129267811775207520e-01 2.097343444824218750e+00 -7.559105753898620605e-01
-1.539086461067199707e+00 8.520103693008422852e-01 -2.198882251977920532e-01
-1.579061388969421387e+00 3.628184795379638672e-01 -9.857103824615478516e-01
-1.270987093448638916e-01 1.686819791793823242e+00 -1.108241915702819824e+00
-1.868007332086563110e-01 1.353962063789367676e+00 -8.849888294935226440e-02
4.892693758010864258e-01 1.957968354225158691e+00 1.318967193365097046e-01
-2.173288583755493164e+00 1.443141579627990723e+00 9.425214529037475586e-01
-1.615824699401855469e+00 1.551025152206420898e+00 -4.222296774387359619e-01
1.029236197471618652e+00 1.253642559051513672e+00 -8.176624178886413574e-01
-2.115378528833389282e-02 1.543718934059143066e+00 2.463399916887283325e-01
-5.606276392936706543e-01 -4.809431731700897217e-02 -4.325741827487945557e-01
-2.775706291198730469e+00 2.091288805007934570e+00 -2.035275846719741821e-01
-2.638224601745605469e+00 2.098875761032104492e+00 -4.655350744724273682e-01
-1.074330687522888184e+00 6.905349493026733398e-01 -1.438142806291580200e-01
4.572250843048095703e-01 2.477694511413574219e+00 -1.082438945770263672e+00
-2.111643791198730469e+00 1.718109488487243652e+00 -2.212128192186355591e-01
-1.593773126602172852e+00 2.078158140182495117e+00 -8.296201229095458984e-01
-7.148127555847167969e-01 -1.120528817176818848e+00 -1.177219301462173462e-01
6.481242179870605469e-02 -7.783001661300659180e-01 -4.124527573585510254e-01
-6.965264678001403809e-01 1.226412892341613770e+00 9.045464396476745605e-01
4.145034551620483398e-01 5.991756916046142578e-01 4.620789587497711182e-01
-8.967152833938598633e-01 2.954255342483520508e-01 -8.129763603210449219e-01
-7.615860700607299805e-01 2.558752298355102539e-01 -9.154036045074462891e-01
-6.988418698310852051e-01 -1.965533196926116943e-01 1.246116995811462402e+00
1.137027144432067871e+00 1.085643649101257324e+00 2.140100896358489990e-01
-5.608050227165222168e-01 6.594743132591247559e-01 -5.658847689628601074e-01
-9.403917789459228516e-01 -6.314457058906555176e-01 4.818612933158874512e-01
-2.135228633880615234e+00 5.805215239524841309e-01 -3.554711937904357910e-01
-1.294266223907470703e+00 1.198356866836547852e+00 -8.543498516082763672e-01
-2.296499252319335938e+00 2.544017314910888672e+00 -5.024593472480773926e-01
-2.502505302429199219e+00 2.356108427047729492e+00 -5.897435545921325684e-01
-2.643018722534179688e+00 1.436189413070678711e+00 1.205222308635711670e-01
-1.900717496871948242e+00 2.014343976974487305e+00 -9.456635713577270508e-01
-9.469860792160034180e-01 1.258787393569946289e+00 -2.424271821975708008e+00
-1.493466973304748535e+00 4.492000043392181396e-01 -7.560845017433166504e-01
-3.355433940887451172e-01 6.551102995872497559e-01 -6.733353137969970703e-01
3.809133768081665039e-01 1.855182051658630371e+00 -7.312369942665100098e-01
-7.001067399978637695e-01 8.379990458488464355e-01 -2.148433774709701538e-01
-9.640309214591979980e-01 3.131644427776336670e-01 -4.510380700230598450e-02
-2.700452804565429688e+00 1.494562506675720215e+00 -1.221076026558876038e-01
-1.011491894721984863e+00 1.883893489837646484e+00 4.045599400997161865e-01
-1.096399545669555664e+00 1.847438335418701172e+00 1.714462339878082275e-01
-6.858983039855957031e-01 1.570805788040161133e+00 -2.170320749282836914e-01
-1.158023595809936523e+00 5.067518353462219238e-01 -1.176926970481872559e+00
-3.821457028388977051e-01 1.817450284957885742e+00 -4.037865996360778809e-01
-3.548568785190582275e-01 7.672206163406372070e-01 -1.245041370391845703e+00
-1.369416713714599609e+00 -7.678859680891036987e-02 -7.105783224105834961e-01
6.568172574043273926e-01 1.557765007019042969e+00 3.826076686382293701e-01
-1.061284065246582031e+00 3.442059829831123352e-02 -1.496278941631317139e-01
-3.689677417278289795e-01 5.143210887908935547e-01 -1.349958419799804688e+00
-1.882369875907897949e+00 3.789935111999511719e-01 -1.150582730770111084e-01
-1.848368048667907715e+00 2.080837637186050415e-01 -7.812379598617553711e-01
-8.472880125045776367e-01 3.639979362487792969e-01 -1.024671673774719238e+00
-4.188936948776245117e-01 1.332973122596740723e+00 1.118698954582214355e+00
-7.502911090850830078e-01 -6.569260954856872559e-01 -4.528496265411376953e-01
-1.813346028327941895e+00 -4.098041057586669922e-01 -1.236820578575134277e+00
-1.734691143035888672e+00 7.951302528381347656e-01 -8.167931437492370605e-02
-1.079290747642517090e+00 1.263832569122314453e+00 -1.191841721534729004e+00
-1.287231326103210449e+00 1.389753460884094238e+00 -7.753520011901855469e-01
1.466927289962768555e+00 7.719438076019287109e-01 -6.645952165126800537e-02
-6.018807291984558105e-01 5.087157487869262695e-01 -6.220155954360961914e-01
-9.574906826019287109e-01 1.989884376525878906e+00 1.479381471872329712e-01
-8.563817739486694336e-01 2.026969909667968750e+00 -1.640445739030838013e-01
-5.365855693817138672e-01 -8.950297534465789795e-02 8.389980345964431763e-02
-1.706580042839050293e+00 -6.580258011817932129e-01 1.128942444920539856e-01
3.413576185703277588e-01 -1.749631315469741821e-01 -3.361320793628692627e-01
-1.010297179222106934e+00 8.219035714864730835e-02 5.242705345153808594e-01
-9.877204298973083496e-01 -7.006838172674179077e-02 -3.143494725227355957e-01
-4.375356137752532959e-01 1.720376461744308472e-01 -1.305078029632568359e+00
-2.715939760208129883e+00 9.060180783271789551e-01 7.194976806640625000e-01
6.530972570180892944e-02 6.029520034790039062e-01 4.934108257293701172e-01
2.725785374641418457e-01 1.119570493698120117e+00 -2.819165401160717010e-02
1.124071836471557617e+00 -6.416127085685729980e-01 -2.407726496458053589e-01
-8.041450381278991699e-01 -8.247442543506622314e-02 -2.702640593051910400e-01
8.317945897579193115e-02 -9.554764628410339355e-02 -8.611767292022705078e-01
9.734849333763122559e-01 1.695561259984970093e-01 -8.966640830039978027e-01
-9.374844431877136230e-01 -9.080239534378051758e-01 -6.355754733085632324e-01
-4.448865354061126709e-01 9.710960090160369873e-02 -1.448083996772766113e+00
-2.106381952762603760e-01 1.015916466712951660e+00 2.532488405704498291e-01
2.311114966869354248e-02 8.153263330459594727e-01 -1.490539550781250000e+00
-1.227342009544372559e+00 -4.533072113990783691e-01 3.362010419368743896e-01
4.758797958493232727e-02 2.462578713893890381e-01 -3.249661624431610107e-01
3.924861848354339600e-01 -2.195111036300659180e+00 -7.629290819168090820e-01
-8.481560349464416504e-01 -1.329976081848144531e+00 1.457968354225158691e+00
-2.850243747234344482e-01 4.472106099128723145e-01 -2.153100490570068359e+00
-9.178852289915084839e-02 1.217737555503845215e+00 -1.010353446006774902e+00
1.412551850080490112e-01 -9.027949571609497070e-01 -3.129237890243530273e-01
1.773980617523193359e+00 1.214679956436157227e+00 -1.067910075187683105e+00
1.393063902854919434e+00 6.760984659194946289e-01 -8.322853446006774902e-01
-8.844673633575439453e-02 8.934735059738159180e-01 -2.788543462753295898e+00
-7.744681239128112793e-01 4.579077661037445068e-01 -1.442179322242736816e+00
-4.356845617294311523e-01 -8.850770592689514160e-01 8.107174932956695557e-02
2.551271319389343262e-01 -4.361750781536102295e-01 -1.273836374282836914e+00
4.278530776500701904e-01 -1.153510343283414841e-02 -1.628185987472534180e+00
9.743294119834899902e-01 8.733408451080322266e-01 -8.869459033012390137e-01
-5.333632230758666992e-01 -1.696787476539611816e-01 6.468669772148132324e-01
-4.252524971961975098e-01 -1.121217727661132812e+00 9.588898420333862305e-01
-9.491905570030212402e-01 3.425153493881225586e-01 -7.065770030021667480e-02
-1.092878222465515137e+00 2.126821726560592651e-01 -2.809715569019317627e-01
4.522911310195922852e-01 1.505719900131225586e+00 -7.835441231727600098e-01
-7.103921771049499512e-01 3.302478194236755371e-01 -4.939320981502532959e-01
-7.356659770011901855e-01 -1.713366359472274780e-01 -2.849353551864624023e-01
1.817527562379837036e-01 -4.472614824771881104e-01 9.680275321006774902e-01
5.953850746154785156e-01 1.289427876472473145e+00 -1.549958348274230957e+00
-7.779787182807922363e-01 -3.943811729550361633e-02 -2.223906666040420532e-01
-1.354230403900146484e+00 1.090781807899475098e+00 -1.095908999443054199e+00
-1.907116651535034180e+00 7.542125582695007324e-01 -1.511613577604293823e-01
-4.872014224529266357e-01 -9.729744493961334229e-02 -1.469344973564147949e+00
-2.509567975997924805e+00 -4.118231236934661865e-01 6.538708209991455078e-01
-1.440099716186523438e+00 5.893224477767944336e-01 -1.144344806671142578e+00
-1.229197621345520020e+00 1.467369556427001953e+00 5.254636332392692566e-02
3.301200270652770996e-02 -5.326338112354278564e-02 -1.227291107177734375e+00
-5.750298500061035156e-02 2.630542218685150146e-01 -8.297693133354187012e-01
-1.625781297683715820e+00 7.872108817100524902e-01 1.872329354286193848e+00
-7.861419320106506348e-01 8.106144070625305176e-01 5.191306024789810181e-02
-1.792694568634033203e+00 1.109594330191612244e-01 2.876290678977966309e-01
-9.544444680213928223e-01 1.588481903076171875e+00 -1.599476933479309082e+00
-1.940109610557556152e+00 1.988803029060363770e+00 -8.910307884216308594e-01
-2.343105316162109375e+00 1.743878960609436035e+00 -6.262465119361877441e-01
-2.434856593608856201e-01 5.123746022582054138e-02 2.775382995605468750e-01
4.100980758666992188e-01 1.314695000648498535e+00 1.534645199775695801e+00
1.494013890624046326e-02 4.114519655704498291e-01 -3.304050266742706299e-01
-8.007614612579345703e-01 1.183806419372558594e+00 -6.874034404754638672e-01
-1.989360302686691284e-01 8.819311261177062988e-01 -1.377409696578979492e+00
-5.448548197746276855e-01 1.475920319557189941e+00 1.247039437294006348e-01
-1.334534883499145508e+00 -5.095832943916320801e-01 -3.400471508502960205e-01
-1.890636682510375977e-01 1.862990736961364746e+00 -1.416738152503967285e+00
-1.984455704689025879e+00 9.273903369903564453e-01 -3.457566797733306885e-01
-1.547392606735229492e+00 4.242124781012535095e-02 3.149891495704650879e-01
-2.979657351970672607e-01 1.510165929794311523e+00 -9.617545008659362793e-01
-2.154313564300537109e+00 -1.496399939060211182e-01 4.200606644153594971e-01
9.617891907691955566e-01 -5.620455369353294373e-02 -9.889354705810546875e-01
1.096484899520874023e+00 2.506671845912933350e-01 -1.069390296936035156e+00
2.346943914890289307e-01 -1.134226083755493164e+00 -6.801486611366271973e-01
1.839938998222351074e+00 2.617281861603260040e-03 1.348640769720077515e-01
-1.791042834520339966e-01 1.045560121536254883e+00 -1.660233259201049805e+00
5.171206593513488770e-01 3.626800179481506348e-01 -1.350783258676528931e-01
3.871477544307708740e-01 8.500237017869949341e-02 -5.005171298980712891e-01
-2.438857406377792358e-01 -3.664334118366241455e-01 -5.067052841186523438e-01
-1.571974635124206543e+00 8.692235499620437622e-02 -2.370598167181015015e-01
3.807480335235595703e-01 -2.548591136932373047e+00 -7.061034440994262695e-02
1.582963228225708008e+00 -2.168512195348739624e-01 -1.570222526788711548e-01
-1.659195870161056519e-01 -1.882739067077636719e+00 1.563540697097778320e+00
-1.403238654136657715e+00 1.563489317893981934e+00 8.437426090240478516e-01
1.850702613592147827e-01 -8.098084926605224609e-01 -7.892678380012512207e-01
-2.442286759614944458e-01 1.031708121299743652e+00 6.207872033119201660e-01
8.336251378059387207e-01 1.060327291488647461e+00 -1.281169056892395020e+00
6.509052217006683350e-02 2.609710693359375000e+00 2.186761140823364258e+00
1.062325000762939453e+00 6.761059165000915527e-01 1.135635852813720703e+00
-1.071762219071388245e-01 6.144366860389709473e-01 -3.528572320938110352e-01
-9.332299232482910156e-01 -8.882444500923156738e-01 1.938913315534591675e-01
3.880816102027893066e-01 -8.577790260314941406e-01 1.083424925804138184e+00
-8.026439547538757324e-01 7.163351774215698242e-01 -9.919784665107727051e-01
-3.721497058868408203e-01 6.557564735412597656e-01 -1.125112771987915039e+00
-1.085570096969604492e+00 1.350699067115783691e+00 -1.251138687133789062e+00
-1.257533550262451172e+00 1.179911255836486816e+00 -1.013809442520141602e+00
-2.647241592407226562e+00 9.424244761466979980e-01 3.995578289031982422e-01
-1.759006738662719727e+00 -8.556988835334777832e-01 -2.257946729660034180e+00
2.856028378009796143e-01 -3.177017569541931152e-01 5.192566514015197754e-01
2.253317385911941528e-01 3.011408090591430664e+00 1.956147193908691406e+00
3.716070204973220825e-02 8.125571012496948242e-01 -5.019224062561988831e-02
-2.262932658195495605e-01 8.404359221458435059e-01 -1.125389575958251953e+00
-1.998448610305786133e+00 6.428782343864440918e-01 1.721640706062316895e+00
-1.333825707435607910e+00 1.860001444816589355e+00 -9.303414821624755859e-01
-6.850647926330566406e-02 1.210143640637397766e-01 -8.082624673843383789e-01
1.138837039470672607e-01 1.770913302898406982e-01 -6.705504059791564941e-01
-1.954104661941528320e+00 4.748508930206298828e-01 -3.418717682361602783e-01
-1.102684378623962402e+00 1.061118394136428833e-01 -1.411194205284118652e-01
-1.809123039245605469e+00 -7.569141685962677002e-02 -8.363362550735473633e-01
-9.305804967880249023e-01 -1.488453149795532227e+00 -8.808994293212890625e-01
-7.640435099601745605e-01 1.807707548141479492e-01 -9.586061835289001465e-01
-1.384643673896789551e+00 1.443403005599975586e+00 2.327772416174411774e-02
-1.540438652038574219e+00 8.219465017318725586e-01 -3.198499232530593872e-02
-6.329004764556884766e-01 1.388602495193481445e+00 2.873398363590240479e-01
-1.556668758392333984e+00 -5.921069979667663574e-01 8.769693374633789062e-01
-8.055803179740905762e-01 1.170734763145446777e+00 -1.366138577461242676e+00
5.577242970466613770e-01 2.007230758666992188e+00 3.533858805894851685e-02
-7.679427266120910645e-01 6.393337249755859375e-01 -8.597491383552551270e-01
-8.512664437294006348e-01 -7.747231125831604004e-01 -1.371220946311950684e+00
5.020477771759033203e-01 1.369489669799804688e+00 -1.503703236579895020e+00
-1.654818415641784668e+00 -7.051640003919601440e-02 -5.777334570884704590e-01
-8.841087669134140015e-02 -1.839902043342590332e+00 -3.920486569404602051e-01
8.999404311180114746e-01 6.279681921005249023e-01 7.942337989807128906e-01
-5.916571021080017090e-01 5.448223352432250977e-01 3.778237104415893555e-01
-6.217902302742004395e-01 9.547914564609527588e-02 1.758908778429031372e-01
-9.175275564193725586e-01 2.535478472709655762e-01 -5.742929577827453613e-01
6.719356775283813477e-02 1.535582065582275391e+00 -1.405986428260803223e+00
-1.913743495941162109e+00 1.217096522450447083e-01 1.252573251724243164e+00
-1.339814186096191406e+00 4.316916763782501221e-01 -3.419015407562255859e-01
-1.143517374992370605e+00 8.757518529891967773e-01 8.418740630149841309e-01
6.228605508804321289e-01 6.074239015579223633e-01 -1.639094948768615723e-01
2.527708530426025391e+00 3.794244676828384399e-02 -1.616273403167724609e+00
-8.473061919212341309e-01 7.256790399551391602e-01 -4.972947537899017334e-01
-2.316433429718017578e+00 -2.037880867719650269e-01 4.120630323886871338e-01
-1.251743078231811523e+00 1.080243349075317383e+00 2.092124968767166138e-01
-1.367193698883056641e+00 -5.374626517295837402e-01 5.658472180366516113e-01
2.245330810546875000e+00 -1.112323045730590820e+00 1.672011137008666992e+00
-3.526112437248229980e-01 7.266228646039962769e-02 1.114929676055908203e+00
-1.368445158004760742e+00 1.593272686004638672e+00 -1.283298611640930176e+00
-2.533141851425170898e+00 7.420324087142944336e-01 -1.846998929977416992e-01
-5.423605442047119141e-01 2.091980457305908203e+00 -1.547723650932312012e+00
-1.221494436264038086e+00 9.654081463813781738e-01 -1.761655092239379883e+00
-1.273126959800720215e+00 -5.583245754241943359e-01 2.284714430570602417e-01
-5.372066497802734375e-01 3.105211555957794189e-01 -5.251756906509399414e-01
7.034812867641448975e-02 -2.082068622112274170e-01 1.579410880804061890e-01
1.166469454765319824e+00 4.054153263568878174e-01 -1.584676742553710938e+00
-1.227362394332885742e+00 1.980649948120117188e+00 -2.091898441314697266e+00
-2.976443052291870117e+00 7.607838511466979980e-01 6.673538684844970703e-01
-2.247054576873779297e+00 1.431204438209533691e+00 -6.306874752044677734e-01
-1.660415172576904297e+00 1.833835124969482422e+00 -1.005034089088439941e+00
-3.030378222465515137e-01 -4.372368101030588150e-03 -1.195178389549255371e+00
2.523394346237182617e+00 7.064731717109680176e-01 -3.350008130073547363e-01
-9.270287752151489258e-01 -2.174046486616134644e-01 -1.265369653701782227e+00
-2.525620937347412109e+00 -1.126658245921134949e-01 -1.161572262644767761e-01
-1.443696975708007812e+00 1.989395737648010254e+00 -1.258077144622802734e+00
-6.963979005813598633e-01 -2.336099147796630859e-01 1.667971253395080566e+00
-2.463058829307556152e-01 7.576735615730285645e-01 -4.485666751861572266e-02
-1.216969564557075500e-01 1.765136122703552246e+00 -3.040122985839843750e-01
1.701585650444030762e-01 1.943657249212265015e-01 -6.800689697265625000e-01
-2.139937877655029297e+00 1.587655305862426758e+00 -5.886458158493041992e-01
7.530658245086669922e-01 -3.298450112342834473e-01 2.093523740768432617e-01
1.912663877010345459e-01 -3.947369754314422607e-01 2.191545486450195312e+00
-2.357837185263633728e-02 -1.012531876564025879e+00 -9.668249487876892090e-01
-6.715340018272399902e-01 1.059273704886436462e-01 1.889734745025634766e+00
-3.149194240570068359e+00 7.759742140769958496e-01 7.201223969459533691e-01
-2.967839956283569336e+00 8.992453813552856445e-01 6.105614900588989258e-01
-1.659705877304077148e+00 -1.121303215622901917e-01 -4.865771234035491943e-01
-1.568794250488281250e+00 -9.272133558988571167e-02 4.021323919296264648e-01
-1.563673377037048340e+00 2.151592254638671875e+00 2.175785601139068604e-01
-1.341036796569824219e+00 1.484333753585815430e+00 -1.216601252555847168e+00
7.762628793716430664e-01 1.533007144927978516e+00 -1.406149506568908691e+00
1.683608144521713257e-01 -6.682142615318298340e-02 -2.913499176502227783e-01
-1.375560760498046875e+00 3.864253461360931396e-01 -1.330632805824279785e+00
-7.303746342658996582e-01 1.697361350059509277e+00 -8.850671648979187012e-01
6.057965755462646484e-01 -7.574990391731262207e-01 3.466303944587707520e-01
1.372112631797790527e-01 -3.184683918952941895e-01 2.753595411777496338e-01
-1.192689418792724609e+00 -1.447529345750808716e-01 -9.257926344871520996e-01
-2.785782217979431152e-01 9.029960632324218750e-01 -1.470115780830383301e+00
7.008833885192871094e-01 1.715806573629379272e-01 1.574937105178833008e-01
7.698507308959960938e-01 -1.475935876369476318e-01 -1.527934074401855469e+00
-5.812770128250122070e-02 1.928598761558532715e+00 -1.771679759025573730e+00
-8.468531370162963867e-01 -2.840108871459960938e-01 -2.409282624721527100e-01
-1.548647642135620117e+00 1.504674434661865234e+00 4.078438878059387207e-01
-1.369292289018630981e-01 1.475283622741699219e+00 -1.420876622200012207e+00
-1.698743581771850586e+00 -4.414115250110626221e-01 4.277791976928710938e-01
2.070335894823074341e-01 1.320787906646728516e+00 -7.348011732101440430e-01
5.363801717758178711e-01 2.754948377609252930e+00 -1.425842881202697754e+00
3.709593713283538818e-01 -1.582482904195785522e-01 4.270199537277221680e-01
-2.029674768447875977e+00 1.434137821197509766e+00 -3.271681368350982666e-01
6.725359559059143066e-01 1.548389792442321777e+00 -2.210194110870361328e+00
-1.089522123336791992e+00 1.100165843963623047e+00 -3.087003827095031738e-01
5.250475406646728516e-01 -5.877887606620788574e-01 -6.751042008399963379e-01
-6.181356310844421387e-01 -4.485298693180084229e-01 -5.301158428192138672e-01
1.185223817825317383e+00 1.200005769729614258e+00 -7.688981294631958008e-01
-8.062902092933654785e-01 -4.141265153884887695e-01 3.424431681632995605e-01
-7.554738521575927734e-01 1.605260252952575684e+00 1.346913129091262817e-01
-1.519114255905151367e+00 8.764856457710266113e-01 7.754554599523544312e-02
1.325736761093139648e+00 -1.126753330230712891e+00 1.107661724090576172e+00
-1.382296323776245117e+00 -5.469786524772644043e-01 -2.058054447174072266e+00
5.545696020126342773e-01 1.358118414878845215e+00 1.295261383056640625e+00
1.133910894393920898e+00 4.677482843399047852e-01 2.210094928741455078e+00
5.893971305340528488e-03 5.527817010879516602e-01 -1.001557350158691406e+00
-1.370137184858322144e-01 2.258636713027954102e+00 1.192646741867065430e+00
-7.347588539123535156e-01 -7.854508161544799805e-01 -5.256075263023376465e-01
-5.694108605384826660e-01 -1.136546656489372253e-01 -8.754135966300964355e-01
2.363415509462356567e-01 -1.792754381895065308e-01 -2.281013727188110352e+00
-1.130776524543762207e+00 1.899292916059494019e-01 -3.509291112422943115e-01
7.649310827255249023e-01 1.278482675552368164e+00 -2.205568075180053711e+00
-1.906542778015136719e+00 -1.081589937210083008e+00 3.007652759552001953e-01
-5.660195946693420410e-01 8.361406922340393066e-01 1.026147417724132538e-02
1.295521408319473267e-01 -1.446960210800170898e+00 1.087127089500427246e+00
-1.407189965248107910e+00 2.401396512985229492e+00 -1.418551087379455566e+00
-9.371374249458312988e-01 1.611434102058410645e+00 -1.563885957002639771e-01
-7.181410789489746094e-01 1.835643649101257324e+00 -4.935517907142639160e-01
-2.318589687347412109e+00 1.510487437248229980e+00 -3.054350800812244415e-02
-1.478482961654663086e+00 2.028580188751220703e+00 -1.534595847129821777e+00
-1.978743195533752441e+00 1.748712778091430664e+00 -5.868437290191650391e-01
-2.412462234497070312e+00 1.312638759613037109e+00 -1.706653684377670288e-01
-1.242895245552062988e+00 1.422265410423278809e+00 1.112653493881225586e+00
-9.003431200981140137e-01 1.562288045883178711e+00 -1.064781069755554199e+00
-9.232377409934997559e-01 1.156433343887329102e+00 -1.737411975860595703e+00
2.581999897956848145e-01 2.156825065612792969e+00 9.172472357749938965e-01
-8.485110998153686523e-01 1.801646053791046143e-01 -4.686573743820190430e-01
-7.015811800956726074e-01 -3.476777970790863037e-01 -1.028249144554138184e+00
-1.547397136688232422e+00 -2.098300009965896606e-01 2.430059760808944702e-01
-2.240590751171112061e-01 2.038108825683593750e+00 -1.514910697937011719e+00
-1.158973217010498047e+00 1.758934140205383301e+00 -1.936684489250183105e+00
-7.920467257499694824e-01 2.081787586212158203e+00 -1.711286664009094238e+00
-1.112709879875183105e+00 -2.042016506195068359e+00 6.012378633022308350e-02
-1.221383333206176758e+00 -1.079015731811523438e+00 4.927956163883209229e-01
-1.678260207176208496e+00 1.276365995407104492e+00 -1.349601507186889648e+00
-6.233157515525817871e-01 1.987775683403015137e+00 -8.913955688476562500e-01
-1.650882124900817871e+00 3.158225417137145996e-01 1.116608858108520508e+00
-2.467034161090850830e-01 1.645559549331665039e+00 -2.089302539825439453e+00
-1.179477453231811523e+00 1.204077005386352539e+00 -1.286212325096130371e+00
-1.578319191932678223e+00 7.721060514450073242e-01 7.700663805007934570e-01
1.382990121841430664e+00 1.132129669189453125e+00 5.245667099952697754e-01
8.747633695602416992e-01 -8.822780251502990723e-01 -7.300916910171508789e-01
-5.604004114866256714e-02 1.913039922714233398e+00 -1.275072336196899414e+00
-1.312165379524230957e+00 1.056648850440979004e+00 -1.086939573287963867e+00
-1.021654963493347168e+00 1.199038267135620117e+00 -7.713883519172668457e-01
-1.848531961441040039e+00 6.807761192321777344e-01 -7.264136523008346558e-02
-2.383212089538574219e+00 1.352591276168823242e+00 -2.752570211887359619e-01
-1.564095616340637207e+00 9.731585979461669922e-01 -8.492808341979980469e-01
3.772594034671783447e-01 1.962389230728149414e+00 -2.046533346176147461e+00
-5.224255099892616272e-02 3.435002565383911133e-01 1.072351098060607910e+00
-1.172483563423156738e-01 -2.287365198135375977e-01 4.749071598052978516e-02
-1.483878135681152344e+00 -6.499391794204711914e-01 1.222273409366607666e-01
-1.730328679084777832e+00 5.492313504219055176e-01 -7.735255360603332520e-01
-5.303966999053955078e-01 1.904154270887374878e-01 -6.275099515914916992e-01
1.273091286420822144e-01 -1.449522972106933594e+00 1.069971799850463867e+00
-6.703238487243652344e-01 1.536652088165283203e+00 -1.221487998962402344e+00
2.183974236249923706e-01 1.292640447616577148e+00 -1.346020460128784180e+00
2.801606953144073486e-01 1.196295976638793945e+00 -5.554668903350830078e-01
-1.061209321022033691e+00 1.505520790815353394e-01 -1.026871204376220703e+00
-1.191203474998474121e+00 4.054431617259979248e-01 1.295382231473922729e-01
-5.805970430374145508e-01 2.312810897827148438e+00 1.073028922080993652e+00
1.315389633178710938e+00 6.676490902900695801e-01 -5.479971766471862793e-01
7.858337759971618652e-01 8.448215201497077942e-03 -4.778295159339904785e-01
-1.410817027091979980e+00 1.858528614044189453e+00 -1.996100783348083496e+00
-3.030649125576019287e-01 -3.233243823051452637e-01 -8.659739494323730469e-01
3.099761903285980225e-01 -7.507310509681701660e-01 -3.051939308643341064e-01
-1.325723290443420410e+00 2.109652042388916016e+00 -1.826052188873291016e+00
-1.139771938323974609e+00 9.081869125366210938e-01 -5.759305357933044434e-01
-7.930885553359985352e-01 1.280129551887512207e+00 -1.047823309898376465e+00
-1.170271277427673340e+00 8.703853487968444824e-01 -5.627469420433044434e-01
6.108919382095336914e-01 -8.570711612701416016e-01 -1.579326748847961426e+00
-3.259010985493659973e-02 -8.930726051330566406e-01 2.269351333379745483e-01
-6.032708659768104553e-02 -1.917329058051109314e-02 8.970310091972351074e-01
-1.765784621238708496e+00 -7.017275691032409668e-01 7.138566970825195312e-01
-2.328726053237915039e+00 -3.039572477340698242e+00 -2.064132928848266602e+00
1.304729934781789780e-02 1.441108226776123047e+00 -1.091763257980346680e+00
-1.089511662721633911e-01 4.741738736629486084e-01 -9.802143573760986328e-01
6.740958094596862793e-01 -2.011808604001998901e-01 -4.734519124031066895e-01
-1.031187295913696289e+00 7.725124359130859375e-01 2.236266881227493286e-01
-1.338262796401977539e+00 8.853360414505004883e-01 1.070474505424499512e+00
-9.791795611381530762e-01 1.940487027168273926e-01 1.202754735946655273e+00
1.116244271397590637e-01 2.578450739383697510e-01 7.214511185884475708e-02
-2.048316001892089844e+00 2.556344985961914062e+00 -1.367057681083679199e+00
-7.805489301681518555e-01 3.439651429653167725e-01 -1.794252157211303711e+00
-2.171202898025512695e+00 -4.895257949829101562e-01 4.158068895339965820e-01
1.475855261087417603e-01 -1.414857506752014160e+00 5.749061107635498047e-01
-3.786043524742126465e-01 -9.032426476478576660e-01 -2.729601860046386719e-01
-1.870133429765701294e-01 -2.962366640567779541e-01 1.458824634552001953e+00
-7.354049086570739746e-01 1.162112474441528320e+00 -7.170329689979553223e-01
-7.474861145019531250e-01 -5.083968639373779297e-01 -4.278083890676498413e-02
-4.074263572692871094e-01 1.250145882368087769e-01 -2.917155325412750244e-01
-1.061888933181762695e+00 -2.108720391988754272e-01 -2.306900024414062500e+00
-1.097475767135620117e+00 -9.698106050491333008e-01 2.060574740171432495e-01
-4.966684877872467041e-01 -4.394378066062927246e-01 -6.021522283554077148e-01
1.551567435264587402e+00 -5.651409626007080078e-01 2.359028607606887817e-01
-5.796258449554443359e-01 -5.234754085540771484e-02 -1.206302285194396973e+00
1.044937014579772949e+00 -3.681327402591705322e-01 9.323799610137939453e-02
-2.001800537109375000e+00 1.927722811698913574e+00 -8.898298144340515137e-01
-1.202495932579040527e+00 2.643192052841186523e+00 -1.793713927268981934e+00
-2.983528614044189453e+00 1.280409336090087891e+00 7.989370077848434448e-02
-1.284384369850158691e+00 9.595334529876708984e-01 1.322341799736022949e+00
-2.406641483306884766e+00 1.868380784988403320e+00 -3.678246736526489258e-01
-7.270844578742980957e-01 1.939719617366790771e-01 -1.744381666183471680e+00
1.110489517450332642e-01 1.907362341880798340e+00 -2.157588899135589600e-01
-2.098499536514282227e+00 2.157707452774047852e+00 4.203570187091827393e-01
-2.088346779346466064e-01 1.398460984230041504e+00 -1.697161316871643066e+00
-7.510696053504943848e-01 -1.960762590169906616e-02 -1.222822904586791992e+00
-1.288917899131774902e+00 1.536721587181091309e-01 -1.793676018714904785e-01
-1.505123138427734375e+00 2.127118587493896484e+00 -8.853811025619506836e-01
-8.943073153495788574e-01 1.443705797195434570e+00 -9.669449329376220703e-01
-1.667749434709548950e-01 2.654134511947631836e+00 -4.868477582931518555e-02
-8.229367136955261230e-01 1.577693819999694824e+00 -1.020933270454406738e+00
6.135677099227905273e-01 1.711981773376464844e+00 -3.929227292537689209e-01
-9.917069673538208008e-01 -3.316828235983848572e-02 -1.077103853225708008e+00
4.809797406196594238e-01 7.966358661651611328e-01 -2.368860006332397461e+00
1.955747842788696289e+00 1.150504946708679199e-01 1.041437745094299316e+00
-5.370274931192398071e-02 -2.078922986984252930e+00 -9.059332013130187988e-01
-2.856895513832569122e-02 1.061218500137329102e+00 -1.081138014793395996e+00
8.170475959777832031e-01 -1.796554684638977051e+00 -2.207133293151855469e+00
1.346845984458923340e+00 5.341007933020591736e-02 -1.276986598968505859e+00
-3.113806724548339844e+00 1.608803391456604004e+00 -3.145271241664886475e-01
8.162012696266174316e-02 4.409871399402618408e-01 -3.748806416988372803e-01
-9.936358928680419922e-01 -4.310009181499481201e-01 7.229754924774169922e-01
-2.620756626129150391e-01 6.260145306587219238e-01 -5.878012180328369141e-01
-5.012267827987670898e-01 -2.077337950468063354e-01 -1.039423942565917969e+00
-1.815771460533142090e+00 1.895261168479919434e+00 -1.468939185142517090e+00
-2.316539049148559570e+00 2.104725122451782227e+00 -6.770218610763549805e-01
-2.041370630264282227e+00 -3.315179347991943359e-01 -1.696959495544433594e+00
-8.548740148544311523e-01 1.729437947273254395e+00 -9.563951492309570312e-01
-3.442349657416343689e-02 -5.301851034164428711e-01 -1.088856101036071777e+00
1.138241767883300781e+00 1.382616281509399414e+00 9.249601364135742188e-01
-1.865661144256591797e-01 8.837438225746154785e-01 -9.600271582603454590e-01
-1.003166198730468750e+00 -3.797402679920196533e-01 9.146463274955749512e-01
-9.421142935752868652e-01 -1.273191452026367188e+00 -7.944687008857727051e-01
-2.904333174228668213e-01 -6.274917721748352051e-02 6.031064316630363464e-02
-3.537887334823608398e+00 1.567664265632629395e+00 7.208295166492462158e-02
-1.890601754188537598e+00 1.310892343521118164e+00 -4.495682716369628906e-01
-1.460029721260070801e+00 9.175489544868469238e-01 -1.447313070297241211e+00
-1.283393025398254395e+00 -1.170167684555053711e+00 -8.611256629228591919e-02
-8.006492853164672852e-01 2.319128066301345825e-01 -8.849129080772399902e-02
-3.532373011112213135e-01 5.538024306297302246e-01 -2.505292296409606934e-01
2.148803323507308960e-01 1.231821060180664062e+00 -4.664303958415985107e-01
-1.191828548908233643e-01 -2.297887811437249184e-03 -3.504512906074523926e-01
3.205408900976181030e-02 1.326869148761034012e-02 -4.050660729408264160e-01
-8.845052719116210938e-01 2.117922902107238770e-01 -1.170738637447357178e-01
-5.158756375312805176e-01 -1.009067058563232422e+00 2.180339336395263672e+00
-1.218022823333740234e+00 1.402329325675964355e+00 -1.168589830398559570e+00
-4.025200605392456055e-01 8.379479646682739258e-01 -9.313277006149291992e-01
-6.048253178596496582e-01 6.213648319244384766e-01 -7.018089294433593750e-01
8.026087880134582520e-01 4.004951715469360352e-01 -3.534885346889495850e-01
1.089875623583793640e-01 2.332354784011840820e+00 -1.837469816207885742e+00
-8.741602301597595215e-01 9.535372257232666016e-01 -4.534515738487243652e-01
-2.368521928787231445e+00 -1.371768116950988770e-01 1.726254671812057495e-01
-7.965539097785949707e-01 6.569092273712158203e-01 -5.260058045387268066e-01
-7.380142807960510254e-01 9.372599124908447266e-01 -3.472694456577301025e-01
2.092671990394592285e-01 -4.389149844646453857e-01 -2.939657680690288544e-02
1.821787476539611816e+00 1.623582482337951660e+00 2.320704936981201172e+00
-1.481591016054153442e-01 2.141702651977539062e+00 -7.434377074241638184e-01
-1.717841625213623047e+00 1.159897327423095703e+00 -1.466173678636550903e-01
-1.382476449012756348e+00 7.160311341285705566e-01 -8.122854828834533691e-01
-1.982580661773681641e+00 -1.546093672513961792e-01 -1.360718011856079102e+00
-1.091138720512390137e+00 4.276079535484313965e-01 -9.310522079467773438e-01
1.390357166528701782e-01 -2.154230117797851562e+00 3.343065381050109863e-01
-1.698246784508228302e-02 7.375431656837463379e-01 -1.808705478906631470e-01
5.368209481239318848e-01 -9.927930682897567749e-02 7.679662108421325684e-02
1.304534971714019775e-01 1.244333386421203613e-01 4.740111231803894043e-01
-1.973586559295654297e+00 -3.795678019523620605e-01 -8.099508285522460938e-02
-1.288839817047119141e+00 -6.739315390586853027e-01 2.239473909139633179e-01
-9.983828663825988770e-01 5.695233345031738281e-01 -1.729128837585449219e+00
-1.281112194061279297e+00 7.157482504844665527e-01 6.001748442649841309e-01
6.055318713188171387e-01 4.665843546390533447e-01 -8.811075091361999512e-01
-1.334434390068054199e+00 -5.253876447677612305e-01 -5.161077976226806641e-01
1.535405993461608887e+00 2.300185114145278931e-01 9.349410533905029297e-01
-2.817380666732788086e+00 2.987128734588623047e+00 -1.659443616867065430e+00
-3.315984725952148438e+00 2.517974376678466797e+00 -6.577981114387512207e-01
-2.408205986022949219e+00 3.241860151290893555e+00 -1.427725076675415039e+00
2.659544646739959717e-01 1.375906467437744141e+00 -1.231426358222961426e+00
9.019775390625000000e-01 4.993214607238769531e-01 -9.338850378990173340e-01
-1.717772364616394043e+00 -2.511107325553894043e-01 2.536627948284149170e-01
-2.767000794410705566e-01 -8.710157871246337891e-01 -4.529765620827674866e-02
-2.545027017593383789e+00 -1.691509008407592773e+00 2.398406853899359703e-03
2.042625844478607178e-01 7.662752270698547363e-01 1.928102254867553711e+00
-1.261273622512817383e+00 3.742349445819854736e-01 8.197408914566040039e-01
-3.378186941146850586e+00 1.940950751304626465e+00 -3.769243657588958740e-01
-2.622770786285400391e+00 2.570707559585571289e+00 -9.637992978096008301e-01
-2.849634170532226562e+00 2.335031747817993164e+00 -9.030293226242065430e-01
9.847225993871688843e-02 -1.076914146542549133e-01 -3.226960897445678711e-01
-1.984229207038879395e+00 1.742652177810668945e+00 -1.634040117263793945e+00
-9.331458806991577148e-01 1.639678835868835449e+00 3.293060958385467529e-01
-2.918005883693695068e-01 8.173206448554992676e-01 2.165868431329727173e-01
-1.983075380325317383e+00 1.735187649726867676e+00 -1.536164164543151855e+00
-2.109475135803222656e+00 1.707159519195556641e+00 -9.245904088020324707e-01
-7.201569080352783203e-01 -8.711007982492446899e-02 1.112453579902648926e+00
8.895428776741027832e-01 4.911057651042938232e-01 -1.371636986732482910e-01
-2.187098562717437744e-02 8.539811372756958008e-01 -6.242111921310424805e-01
1.417458772659301758e+00 1.750778794288635254e+00 -1.526923060417175293e+00
-4.784537851810455322e-01 -1.746970713138580322e-01 1.637037992477416992e+00
2.755446195602416992e+00 1.182770609855651855e+00 -2.774224877357482910e-01
-1.747057437896728516e+00 -9.084545969963073730e-01 -2.119555234909057617e+00
-7.548127770423889160e-01 1.326398968696594238e+00 -6.147054433822631836e-01
-1.343269348144531250e+00 9.838942885398864746e-01 -3.125343024730682373e-01
-1.820684194564819336e+00 2.307778835296630859e+00 -9.532281756401062012e-01
-1.744727492332458496e+00 1.806638598442077637e+00 -2.259404897689819336e+00
4.600583910942077637e-01 2.003573477268218994e-01 1.569158732891082764e-01
-5.673092603683471680e-01 8.829286694526672363e-01 -2.526154279708862305e+00
-8.938817381858825684e-01 2.663251161575317383e+00 -2.250661373138427734e+00
-2.429848909378051758e+00 1.612610697746276855e+00 -1.510607719421386719e+00
-2.204832553863525391e+00 2.128902673721313477e+00 -1.234502673149108887e+00
1.144676879048347473e-01 -4.954571723937988281e-01 4.048987627029418945e-01
-3.392332196235656738e-01 1.690479278564453125e+00 5.995442271232604980e-01
1.434375882148742676e+00 -9.249508976936340332e-01 -1.377943515777587891e+00
1.416299343109130859e-01 -2.604736983776092529e-01 1.360609650611877441e+00
-2.650416612625122070e+00 1.388716816902160645e+00 -4.611956775188446045e-01
-2.235701799392700195e+00 1.676543474197387695e+00 -7.948535084724426270e-01
-3.831133842468261719e+00 5.202450752258300781e-01 8.804636001586914062e-01
-2.478870630264282227e+00 1.551598191261291504e+00 -5.103462934494018555e-01
-2.143877506256103516e+00 2.142303705215454102e+00 5.087460950016975403e-02
-2.198389530181884766e+00 1.868661284446716309e+00 -5.898706912994384766e-01
-2.480389118194580078e+00 1.645344853401184082e+00 -2.480318844318389893e-01
9.992681145668029785e-01 -2.371859073638916016e+00 1.334600448608398438e+00
-8.611078858375549316e-01 2.552302181720733643e-01 8.826692700386047363e-01
-8.365001082420349121e-01 -8.762840032577514648e-01 -9.371765851974487305e-01
1.862943291664123535e+00 -2.975998640060424805e+00 -1.525600910186767578e+00
4.870573878288269043e-01 5.204602703452110291e-02 -2.465844452381134033e-01
-1.356673717498779297e+00 1.755214095115661621e+00 -2.111718177795410156e+00
-1.948300957679748535e+00 1.979607105255126953e+00 -7.523722052574157715e-01
-2.664553403854370117e+00 1.564982175827026367e+00 -7.834823429584503174e-02
-8.255386352539062500e-01 2.583589076995849609e+00 -2.620887756347656250e+00
-2.194933891296386719e+00 9.385675787925720215e-01 -8.784667849540710449e-01
-1.918996572494506836e+00 1.705798268318176270e+00 -1.427683591842651367e+00
-2.169639348983764648e+00 1.622001171112060547e+00 -8.111239075660705566e-01
-1.012247204780578613e+00 1.508657634258270264e-01 -1.578396081924438477e+00
1.328399419784545898e+00 -6.662788391113281250e-01 -3.788977861404418945e-01
4.109431207180023193e-01 1.362828731536865234e+00 -5.978856682777404785e-01
1.110638260841369629e+00 7.057118415832519531e-01 3.107287883758544922e-01
-4.368877410888671875e-01 1.875482559204101562e+00 -1.070316910743713379e+00
2.021095991134643555e+00 -1.190046668052673340e+00 5.888983607292175293e-01
