-1.043508291244506836e+00
6.333052515983581543e-01
6.460833549499511719e-01
-8.030630350112915039e-01
4.331675767898559570e-01
-3.335522487759590149e-02
8.624649643898010254e-01
-5.409189462661743164e-01
-1.171764507889747620e-01
9.740980148315429688e+00
4.247879028320312500e+00
4.647721290588378906e+00
1.604024767875671387e+00
7.649986743927001953e-01
6.030663847923278809e-01
-4.369711875915527344e-01
-4.168204069137573242e-01
1.864634275436401367e+00
2.727468729019165039e+00
-6.267440970987081528e-03
3.007031381130218506e-01
1.582263350486755371e+00
4.067462921142578125e+00
2.314854383468627930e+00
3.816742420196533203e+00
2.729648590087890625e+00
1.436358928680419922e+00
-1.245328664779663086e+00
6.646980047225952148e-01
-1.586143612861633301e+00
2.933033704757690430e+00
7.566251605749130249e-02
-1.060782432556152344e+00
3.553348183631896973e-01
-7.178965806961059570e-01
1.937777400016784668e+00
1.183500051498413086e+00
2.503574609756469727e+00
1.909645080566406250e+00
1.033299207687377930e+00
2.124852538108825684e-01
8.091369271278381348e-01
8.461185097694396973e-01
2.235324978828430176e-01
-5.456400513648986816e-01
-7.421559095382690430e-01
2.265653133392333984e+00
1.682240366935729980e+00
-2.867652475833892822e-01
1.761034429073333740e-01
-6.374104619026184082e-01
1.219190120697021484e+00
1.042916774749755859e+00
3.335317611694335938e+00
-6.775984764099121094e-01
4.292387366294860840e-01
-1.711082100868225098e+00
1.392054677009582520e+00
9.018521308898925781e+00
8.677382469177246094e+00
9.042949676513671875e+00
8.508290290832519531e+00
8.265947341918945312e+00
4.943479537963867188e+00
4.053427696228027344e+00
3.478693008422851562e+00
2.464945316314697266e+00
1.626931279897689819e-01
1.461589097976684570e+00
1.970471143722534180e+00
1.021130800247192383e+00
4.499560832977294922e+00
4.082139492034912109e+00
1.141688108444213867e+00
2.155792951583862305e+00
1.113701820373535156e+00
2.541208267211914062e+00
1.716150492429733276e-01
9.631273746490478516e-01
5.260984897613525391e-01
5.413859844207763672e+00
5.395469188690185547e+00
8.709124922752380371e-01
2.355278283357620239e-01
4.608057975769042969e+00
4.098036766052246094e+00
-8.082589507102966309e-01
4.433845877647399902e-01
1.254961371421813965e+00
-3.527580201625823975e-01
4.616016387939453125e+00
5.487857818603515625e+00
2.683312177658081055e+00
2.950776338577270508e+00
7.653256654739379883e-01
1.765721917152404785e+00
1.294787406921386719e+00
3.494851112365722656e+00
3.553683042526245117e+00
4.515446186065673828e+00
2.515693426132202148e+00
3.936576128005981445e+00
5.636678695678710938e+00
5.357633590698242188e+00
2.536407947540283203e+00
4.361359596252441406e+00
5.352246761322021484e+00
4.600818634033203125e+00
3.486316442489624023e+00
6.065737724304199219e+00
5.412495613098144531e+00
2.063054561614990234e+00
1.327941417694091797e+00
8.604220747947692871e-01
2.745129585266113281e+00
-8.885832875967025757e-02
8.429694175720214844e-01
4.251501083374023438e+00
3.378916263580322266e+00
2.843190670013427734e+00
3.898189306259155273e+00
-7.898866534233093262e-01
1.038890242576599121e+00
4.429990947246551514e-01
1.958173513412475586e+00
1.905086874961853027e+00
3.049474239349365234e+00
2.620986938476562500e+00
3.559840619564056396e-01
5.152065753936767578e+00
2.385595321655273438e+00
4.018896579742431641e+00
1.185759067535400391e+00
-1.699257791042327881e-01
3.278184235095977783e-01
1.095897436141967773e+00
2.735172271728515625e+00
2.990475416183471680e+00
3.766599655151367188e+00
6.601557880640029907e-02
5.440223217010498047e-01
-4.796252846717834473e-01
-7.061443328857421875e-01
6.473156213760375977e-01
-9.755459427833557129e-01
1.150270819664001465e+00
5.831788063049316406e+00
1.768206715583801270e+00
-8.485945463180541992e-01
1.084016442298889160e+00
6.517556905746459961e-01
-8.776430487632751465e-01
7.838795185089111328e-01
5.736513137817382812e+00
9.266297817230224609e-01
3.631661891937255859e+00
7.538665086030960083e-02
1.815667271614074707e+00
5.120490550994873047e+00
5.379181385040283203e+00
-6.021240353584289551e-01
-9.100624173879623413e-02
3.137269735336303711e+00
1.520733475685119629e+00
5.575703978538513184e-01
2.315728217363357544e-01
4.453805446624755859e+00
4.601637363433837891e+00
1.891345262527465820e+00
2.778945207595825195e+00
1.394788265228271484e+00
2.182281970977783203e+00
2.900055885314941406e+00
4.044761180877685547e+00
3.092873096466064453e+00
4.376363754272460938e+00
3.536588326096534729e-02
1.854136228561401367e+00
3.556856155395507812e+00
3.015217065811157227e+00
2.308158576488494873e-01
8.325585722923278809e-01
-1.891611702740192413e-02
7.973220944404602051e-01
1.892032325267791748e-01
9.335465431213378906e+00
2.782089948654174805e+00
3.486069440841674805e+00
8.615543842315673828e-01
-5.241429805755615234e-01
-6.154534816741943359e-01
1.304211139678955078e+00
8.464477062225341797e-01
6.263393163681030273e-01
2.595438063144683838e-01
7.717350721359252930e-01
1.865315079689025879e+00
5.554902553558349609e-01
6.943589448928833008e-01
-1.624540567398071289e+00
-1.418741226196289062e+00
1.321784973144531250e+00
5.523451566696166992e-01
-9.780193567276000977e-01
2.276447296142578125e+00
2.583913326263427734e+00
-5.886192321777343750e-01
6.114447116851806641e-01
2.361028671264648438e+00
1.474294662475585938e+00
-1.379741549491882324e+00
1.753636002540588379e-01
-1.887693166732788086e+00
-2.433573722839355469e+00
3.425505757331848145e-01
2.459573894739151001e-01
3.924594521522521973e-01
1.087988495826721191e+00
-4.893408343195915222e-02
5.675521492958068848e-01
9.247262477874755859e-01
1.872154772281646729e-01
6.875331997871398926e-01
7.803893566131591797e+00
9.081647872924804688e+00
4.498269081115722656e+00
5.529396533966064453e-01
3.302634656429290771e-01
-3.829613327980041504e-01
-1.115194082260131836e+00
1.141420528292655945e-01
-1.818118214607238770e+00
2.867703199386596680e+00
3.936842978000640869e-01
1.298980712890625000e+00
2.488472461700439453e+00
7.148719578981399536e-02
2.013331413269042969e+00
-5.437838658690452576e-02
4.688920080661773682e-01
-2.692581713199615479e-01
1.487678170204162598e+00
-5.797739624977111816e-01
9.308140873908996582e-01
8.610470890998840332e-01
3.206082880496978760e-01
1.308966875076293945e+00
1.716015577316284180e+00
1.825202107429504395e+00
-3.217518031597137451e-01
1.116535067558288574e+00
-1.138446211814880371e+00
-6.840132474899291992e-01
1.209552645683288574e+00
1.464822053909301758e+00
1.085313439369201660e+00
-4.512611925601959229e-01
2.481895208358764648e+00
5.419723391532897949e-01
1.111457705497741699e+00
1.761198341846466064e-01
1.859070539474487305e+00
-1.325217783451080322e-01
1.823859065771102905e-01
-1.262720108032226562e+00
-5.879157781600952148e-01
3.171410560607910156e-01
6.099741935729980469e+00
7.057870388031005859e+00
2.554185867309570312e+00
3.771159648895263672e+00
1.272253990173339844e+00
6.833414435386657715e-01
4.826897084712982178e-01
8.286917805671691895e-01
5.471308231353759766e+00
5.464452266693115234e+00
4.006095886230468750e+00
3.396458625793457031e+00
3.690595626831054688e-01
5.203147530555725098e-01
4.044445037841796875e+00
2.890256166458129883e+00
6.597767353057861328e+00
-1.013982534408569336e+00
1.435052156448364258e+00
-6.164966523647308350e-02
2.672173738479614258e+00
4.183204650878906250e+00
2.258015632629394531e+00
5.660085678100585938e-01
2.695079147815704346e-01
8.084694743156433105e-01
3.044691562652587891e+00
2.591711759567260742e+00
1.196977376937866211e+00
2.295413970947265625e+00
2.996707677841186523e+00
3.700785636901855469e+00
-5.358920246362686157e-02
8.891951441764831543e-01
2.384126335382461548e-01
9.770759940147399902e-01
1.338483095169067383e+00
5.257722735404968262e-01
2.592490911483764648e-01
1.232147693634033203e+00
9.194522351026535034e-02
1.074543118476867676e+00
1.813446283340454102e+00
1.336501717567443848e+00
3.670135736465454102e+00
1.835752844810485840e+00
5.102316141128540039e-01
5.164691805839538574e-01
3.052525281906127930e+00
1.205289721488952637e+00
2.620824337005615234e+00
2.792635679244995117e+00
1.403894305229187012e+00
-5.132065415382385254e-01
-1.376065891236066818e-02
3.335770368576049805e-01
5.039079114794731140e-02
1.369932770729064941e+00
6.077163219451904297e-01
1.790186047554016113e+00
3.960429728031158447e-01
6.210574507713317871e-01
-4.258177280426025391e-01
1.268103122711181641e-01
8.768584132194519043e-01
2.018509358167648315e-01
-8.551928400993347168e-01
-2.267904132604598999e-01
-1.248178482055664062e+00
-7.611329555511474609e-01
5.563789606094360352e-01
-1.177323579788208008e+00
-8.882023096084594727e-01
5.591739177703857422e+00
3.161388635635375977e+00
1.488857388496398926e+00
3.711611270904541016e+00
3.996499776840209961e+00
2.633786439895629883e+00
2.540733337402343750e+00
2.161938428878784180e+00
4.008351802825927734e+00
4.255704879760742188e+00
-2.924362663179636002e-03
4.936966300010681152e-01
1.260791778564453125e+00
5.755489468574523926e-01
3.464881896972656250e+00
3.416042327880859375e+00
1.347206354141235352e+00
7.089322209358215332e-01
2.796500623226165771e-01
2.285160541534423828e+00
6.418641805648803711e-01
3.794706463813781738e-01
6.102517247200012207e-01
8.328552246093750000e+00
-6.203917860984802246e-01
1.178015768527984619e-01
1.761325836181640625e+00
3.213045895099639893e-01
5.539211273193359375e+00
5.420675277709960938e+00
6.449868202209472656e+00
4.861816883087158203e+00
3.556356191635131836e+00
3.236098289489746094e+00
3.835485577583312988e-01
1.696852087974548340e+00
-3.230163455009460449e-01
2.878121376037597656e+00
6.673015356063842773e-01
5.020731687545776367e-01
3.376427173614501953e+00
2.223355054855346680e+00
1.465479373931884766e+00
1.043528318405151367e+00
-6.976727247238159180e-01
8.936076164245605469e-01
1.401909589767456055e-01
8.113885521888732910e-01
4.765398025512695312e+00
6.515681743621826172e-01
-1.093434467911720276e-01
5.762579441070556641e+00
3.445096015930175781e+00
3.260699033737182617e+00
1.178244829177856445e+00
-3.348513841629028320e-01
-1.564494967460632324e+00
1.683608442544937134e-01
8.528866767883300781e-01
7.055887579917907715e-01
3.828711509704589844e-01
-5.460315942764282227e-01
-1.553299129009246826e-01
1.498775720596313477e+00
-9.718194603919982910e-01
9.228666126728057861e-02
1.533564925193786621e-01
2.699924409389495850e-01
1.189753890037536621e+00
-1.110844135284423828e+00
2.550321340560913086e+00
5.585778355598449707e-01
3.280590474605560303e-01
1.986414790153503418e-01
-6.477963924407958984e-01
5.488132685422897339e-02
-7.624875307083129883e-01
-8.258313536643981934e-01
9.634683132171630859e-01
-2.559680342674255371e-01
-9.133699536323547363e-01
-5.646967291831970215e-01
5.463976860046386719e+00
5.817773342132568359e+00
2.514356374740600586e+00
-1.700472235679626465e+00
3.718203544616699219e+00
1.039075732231140137e+00
1.995683431625366211e+00
1.677353978157043457e+00
2.010776996612548828e+00
1.591454267501831055e+00
2.925543785095214844e+00
3.539473772048950195e+00
3.751181364059448242e+00
3.346533298492431641e+00
4.908198356628417969e+00
-1.894565075635910034e-01
6.062564253807067871e-01
9.327909946441650391e-01
5.523002147674560547e-01
5.717844963073730469e-01
8.296697139739990234e-01
4.352368116378784180e-01
3.679148256778717041e-01
4.191511154174804688e+00
1.598995208740234375e+00
-1.707902669906616211e+00
6.904528737068176270e-01
1.070753812789916992e+00
3.002586841583251953e+00
4.108089447021484375e+00
1.758855104446411133e+00
1.893665075302124023e+00
8.520258218050003052e-02
3.824769556522369385e-01
2.337078332901000977e+00
2.860906600952148438e+00
-4.136954545974731445e-01
1.554401278495788574e+00
4.875929832458496094e+00
4.209505081176757812e+00
3.976713657379150391e+00
1.984164476394653320e+00
1.652533531188964844e+00
3.293405100703239441e-02
2.284883975982666016e+00
1.869676411151885986e-01
-1.272413730621337891e+00
9.651354551315307617e-01
-2.816931307315826416e-01
3.695346832275390625e+00
1.762218594551086426e+00
2.882156610488891602e+00
-1.132376909255981445e+00
1.507842421531677246e+00
-1.162470802664756775e-01
3.617443084716796875e+00
2.416596651077270508e+00
5.521878600120544434e-01
6.953587532043457031e-01
-1.342382311820983887e+00
2.894259929656982422e+00
2.160126686096191406e+00
1.130188703536987305e+00
2.160420894622802734e+00
2.659779548645019531e+00
1.515264749526977539e+00
-6.406481862068176270e-01
1.412078022956848145e+00
-7.498789578676223755e-02
6.939187049865722656e-01
5.904787778854370117e-01
1.601722598075866699e+00
1.983525395393371582e+00
-1.001403257250785828e-01
-9.913580417633056641e-01
2.359166622161865234e+00
5.495106697082519531e+00
5.421351909637451172e+00
5.172438144683837891e+00
9.273229241371154785e-01
1.728147029876708984e+00
3.879868686199188232e-01
-1.475880503654479980e+00
-7.617006301879882812e-01
-8.173699378967285156e-01
3.880743384361267090e-01
5.698797702789306641e+00
5.111043930053710938e+00
5.502711296081542969e+00
2.678177118301391602e+00
3.903938055038452148e+00
1.150589942932128906e+00
7.034177780151367188e-01
3.929394006729125977e+00
4.163447380065917969e+00
5.007117614150047302e-02
8.663027882575988770e-01
5.406333208084106445e-01
1.237149119377136230e+00
-7.733736038208007812e-01
3.259649500250816345e-02
2.920263290405273438e+00
-1.714182794094085693e-01
2.753329515457153320e+00
1.898944377899169922e+00
3.538103818893432617e+00
-1.011955380439758301e+00
7.213853597640991211e-01
2.422505855560302734e+00
4.531025409698486328e+00
3.890307188034057617e+00
2.673983871936798096e-01
1.344727128744125366e-01
-2.791443467140197754e-01
6.247373297810554504e-02
4.379875659942626953e+00
3.624746084213256836e+00
2.426722049713134766e+00
4.065533638000488281e+00
1.966825127601623535e+00
3.299230575561523438e+00
2.989403724670410156e+00
-1.364667892456054688e+00
-7.021259665489196777e-01
2.842013351619243622e-02
1.295558691024780273e+00
-1.695568203926086426e+00
5.051206588745117188e+00
3.230823516845703125e+00
4.296853542327880859e+00
6.082810878753662109e+00
3.479595899581909180e+00
3.983727455139160156e+00
2.727748394012451172e+00
2.834283709526062012e-01
1.042194485664367676e+00
-1.046815276145935059e+00
-1.456466555595397949e+00
-3.398466110229492188e-01
2.011709958314895630e-01
