8.788797855377197266e-01 7.791521549224853516e-01 -5.965524911880493164e-01 8.788665533065795898e-01 -1.847374252974987030e-02
-1.979861781001091003e-02 1.976291388273239136e-01 -4.594549834728240967e-01 1.686176419258117676e+00 8.587727546691894531e-01
3.624803721904754639e-01 1.667812943458557129e+00 1.221401333808898926e+00 6.696385741233825684e-01 -6.437173485755920410e-01
-4.444522261619567871e-01 -4.302180111408233643e-01 -1.198504090309143066e+00 3.534610271453857422e-01 -6.768782138824462891e-01
-2.860895097255706787e-01 5.474877357482910156e-01 -6.292311102151870728e-02 6.388929486274719238e-01 3.456107974052429199e-01
4.846166074275970459e-01 8.083043098449707031e-01 -6.831448078155517578e-01 2.479130178689956665e-01 4.569568485021591187e-02
1.057022452354431152e+00 8.984498977661132812e-01 1.443524122238159180e+00 7.244669795036315918e-01 8.369193673133850098e-01
-1.153798475861549377e-01 5.892592072486877441e-01 -9.759499430656433105e-01 -2.391047954559326172e+00 -1.004307031631469727e+00
-1.482647895812988281e+00 6.101988554000854492e-01 1.397608995437622070e+00 2.075726270675659180e+00 -1.131535887718200684e+00
8.426848053932189941e-01 6.963037848472595215e-01 -1.025545835494995117e+00 4.226042926311492920e-01 -7.608909606933593750e-01
5.959764719009399414e-01 1.366260766983032227e+00 -2.333494424819946289e+00 1.871334910392761230e+00 -5.734908580780029297e-01
4.758897423744201660e-01 1.327212691307067871e+00 -1.644472718238830566e+00 2.934656381607055664e+00 7.486928999423980713e-02
2.987432852387428284e-02 1.377681136131286621e+00 -1.380799651145935059e+00 1.634493231773376465e+00 -1.853567063808441162e-01
1.417707681655883789e+00 2.870688140392303467e-01 -1.596205532550811768e-01 -8.524537086486816406e-01 -3.520388603210449219e-01
1.584825038909912109e+00 -3.168181180953979492e-01 1.221482872962951660e+00 -3.129005897790193558e-03 8.671566843986511230e-01
5.929029583930969238e-01 -1.819957862608134747e-03 9.102373719215393066e-01 -2.413675338029861450e-01 -2.944780111312866211e+00
-1.348092555999755859e+00 -7.207905054092407227e-01 -2.124233841896057129e-01 -4.181979298591613770e-01 -2.650690730661153793e-04
-5.448737740516662598e-01 1.219618082046508789e+00 -2.380692958831787109e+00 1.596205711364746094e+00 -1.130940616130828857e-01
2.125983834266662598e-01 1.654180049896240234e+00 -1.324678301811218262e+00 1.705183982849121094e+00 -4.199575483798980713e-01
5.811643004417419434e-01 1.278896808624267578e+00 1.244080781936645508e+00 -6.426201462745666504e-01 7.270522117614746094e-01
2.104317426681518555e+00 -1.883709430694580078e+00 1.359982252120971680e+00 1.268347263336181641e+00 1.981703042984008789e-01
8.205994963645935059e-01 9.541207551956176758e-02 -9.480573534965515137e-01 8.070570826530456543e-01 -3.163966834545135498e-01
-3.057797625660896301e-02 1.646539926528930664e+00 -1.548118948936462402e+00 2.365181446075439453e+00 -3.329699039459228516e-01
1.200857520103454590e+00 9.415964484214782715e-01 -2.445684671401977539e+00 1.737676143646240234e+00 -5.517172813415527344e-01
6.471921205520629883e-01 2.162642478942871094e+00 -9.771911501884460449e-01 1.754005312919616699e+00 -1.081080317497253418e+00
-3.996243327856063843e-02 9.675453901290893555e-01 -1.307849764823913574e+00 1.974031686782836914e+00 1.272853016853332520e-01
1.428842395544052124e-01 9.898526668548583984e-01 -6.492879986763000488e-01 1.841936588287353516e+00 1.177700906991958618e-01
-7.130280137062072754e-01 -8.277640938758850098e-01 3.264887034893035889e-01 -1.089725866913795471e-01 -1.785320997238159180e+00
7.972759008407592773e-01 1.534828424453735352e+00 -1.634523421525955200e-01 -4.755893945693969727e-01 9.937813878059387207e-01
7.868767380714416504e-01 9.272029995918273926e-01 7.622938752174377441e-01 1.135955214500427246e+00 3.898308798670768738e-02
1.472861289978027344e+00 -8.964897990226745605e-01 -7.307693362236022949e-01 -1.004618167877197266e+00 5.334721878170967102e-02
-9.036135077476501465e-01 1.784677147865295410e+00 -3.274058103561401367e-01 1.932374536991119385e-01 -6.767624020576477051e-01
7.372753024101257324e-01 2.476065635681152344e+00 -2.150623321533203125e+00 1.712880849838256836e+00 -1.380240917205810547e+00
-4.794141650199890137e-01 9.967330098152160645e-01 8.033780455589294434e-01 1.048333883285522461e+00 3.301771581172943115e-01
4.180548191070556641e-01 -5.089593529701232910e-01 -1.749865114688873291e-01 6.274226903915405273e-01 -1.794420629739761353e-01
8.035914301872253418e-01 -4.466383457183837891e-01 -4.789005517959594727e-01 9.263312816619873047e-01 1.006465777754783630e-01
-8.974410891532897949e-01 1.858487963676452637e+00 8.410025388002395630e-02 1.269906759262084961e+00 9.381811618804931641e-01
1.028862357139587402e+00 6.443810462951660156e-01 -1.468276262283325195e+00 1.386603236198425293e+00 -2.357033938169479370e-01
8.895263075828552246e-01 2.199302434921264648e+00 5.692721009254455566e-01 1.177766442298889160e+00 -1.332580924034118652e+00
8.596580028533935547e-01 -8.084584474563598633e-01 -1.770798861980438232e-01 9.660648703575134277e-01 1.124802306294441223e-01
-5.908770561218261719e-01 -3.908811882138252258e-02 1.040400028228759766e+00 -8.399695754051208496e-01 6.094026565551757812e-01
2.560690939426422119e-01 1.014306426048278809e+00 -3.880898058414459229e-01 1.187456250190734863e+00 -2.141530215740203857e-01
5.101791620254516602e-01 1.874719142913818359e+00 4.580571055412292480e-01 -7.257750630378723145e-01 -1.616494894027709961e+00
-8.343029022216796875e-01 -1.406601965427398682e-01 6.363323330879211426e-01 9.973318576812744141e-01 2.567557692527770996e-01
-5.117638707160949707e-01 -1.800478845834732056e-01 -1.211906075477600098e+00 8.870702981948852539e-01 7.591513991355895996e-01
-2.492203235626220703e+00 -3.447480201721191406e-01 -3.279296457767486572e-01 -5.441459640860557556e-02 -1.018206000328063965e+00
9.048222899436950684e-01 -5.415477156639099121e-01 -1.158222675323486328e+00 2.624249458312988281e-01 7.819881290197372437e-02
-7.779473438858985901e-03 2.477505058050155640e-01 -1.115422248840332031e+00 7.140488028526306152e-01 2.600099742412567139e-01
-4.073268175125122070e-01 4.258810877799987793e-01 -2.358907461166381836e+00 -3.180390596389770508e-02 -3.996160626411437988e-01
-8.843054175376892090e-01 -1.294046163558959961e+00 1.739443540573120117e-01 9.259039163589477539e-01 -1.971062302589416504e+00
-6.659015417098999023e-01 -1.666901230812072754e+00 -1.076258897781372070e+00 4.195424318313598633e-01 -4.242993891239166260e-01
-7.629876136779785156e-01 -1.279520153999328613e+00 -1.162869215011596680e+00 -7.300698012113571167e-02 2.890424616634845734e-02
-4.143413305282592773e-01 -6.003010272979736328e-01 -3.305673599243164062e-02 5.163216590881347656e-01 -4.604434370994567871e-01
-1.876588761806488037e-01 1.163211703300476074e+00 1.924032092094421387e+00 -9.192547202110290527e-01 -1.833540499210357666e-01
1.121085166931152344e+00 -1.411434262990951538e-01 1.420696496963500977e+00 -1.448989748954772949e+00 7.242477536201477051e-01
-9.639722704887390137e-01 6.778721213340759277e-01 3.650254011154174805e-01 -3.900050520896911621e-01 6.149633526802062988e-01
8.184955716133117676e-01 -1.151772737503051758e+00 -6.811110973358154297e-01 8.504906296730041504e-01 -1.536886215209960938e+00
-1.313567996025085449e+00 1.969019621610641479e-01 -6.948845982551574707e-01 1.853646636009216309e-01 -1.030692219734191895e+00
5.977444052696228027e-01 1.430522091686725616e-02 -3.075704574584960938e-01 9.209482669830322266e-01 3.164656162261962891e-01
6.929820775985717773e-01 -1.255969107151031494e-01 -5.653501749038696289e-01 5.879041552543640137e-01 1.997346282005310059e-01
1.484294980764389038e-01 4.577658772468566895e-01 -3.840397596359252930e-01 6.757521033287048340e-01 -4.002875462174415588e-02
5.256651714444160461e-02 -4.294289648532867432e-02 -3.616351485252380371e-01 1.116872191429138184e+00 3.336896896362304688e-01
2.878429889678955078e-01 -2.288152873516082764e-01 -6.014079451560974121e-01 7.854395508766174316e-01 2.395296245813369751e-01
9.000021815299987793e-01 5.025028586387634277e-01 -1.185141205787658691e+00 9.475955367088317871e-01 -2.340333312749862671e-01
9.449077844619750977e-01 5.826576352119445801e-01 -7.766214609146118164e-01 2.755183696746826172e+00 5.533285140991210938e-01
1.349370002746582031e+00 3.550065457820892334e-01 -7.789313197135925293e-01 1.888935208320617676e+00 6.392956525087356567e-02
3.810303509235382080e-01 1.141369342803955078e+00 -7.026684284210205078e-01 1.779522299766540527e+00 -3.937788605690002441e-01
-2.135085314512252808e-01 8.325024694204330444e-02 2.793054580688476562e-01 1.136675953865051270e+00 -6.140478253364562988e-01
3.654658198356628418e-01 1.130495369434356689e-01 4.744335711002349854e-01 -3.793769180774688721e-01 -2.698193192481994629e-01
3.194822669029235840e-01 6.022968292236328125e-01 -1.316421985626220703e+00 2.282457590103149414e+00 5.451649427413940430e-01
4.424788951873779297e-01 4.446700811386108398e-01 -2.134407043457031250e+00 1.137151956558227539e+00 -1.235808152705430984e-02
-6.208774447441101074e-01 6.034018397331237793e-01 -1.432567119598388672e+00 9.125791192054748535e-01 9.913004934787750244e-02
-3.221716582775115967e-01 1.831013917922973633e+00 -6.335482001304626465e-01 9.157648086547851562e-01 -8.833805918693542480e-01
-4.096842110157012939e-01 1.343497261404991150e-02 -1.188364386558532715e+00 3.594420850276947021e-01 -8.557030558586120605e-01
-3.626074269413948059e-02 3.163085132837295532e-02 -1.409464597702026367e+00 3.034475743770599365e-01 -5.932797789573669434e-01
6.842878460884094238e-01 8.582877367734909058e-02 -2.925345659255981445e+00 1.057951450347900391e+00 -6.577116996049880981e-02
1.405813455581665039e+00 8.778083920478820801e-01 -8.837475180625915527e-01 2.239921092987060547e+00 -8.385867625474929810e-02
1.163965344429016113e+00 -1.010410264134407043e-01 7.697336375713348389e-02 2.860954999923706055e-01 -6.347576975822448730e-01
-1.357255339622497559e+00 -3.255348503589630127e-01 -2.116424083709716797e+00 5.741824507713317871e-01 2.888655066490173340e-01
-9.691500663757324219e-01 -2.503534257411956787e-01 -8.255102634429931641e-01 7.832989096641540527e-01 1.115375459194183350e-01
6.284289956092834473e-01 2.024138927459716797e+00 -2.253797292709350586e+00 1.658871889114379883e+00 -1.351926922798156738e+00
7.855006456375122070e-01 1.268924593925476074e+00 -2.069553136825561523e+00 2.236510276794433594e+00 -4.347812831401824951e-01
6.224777698516845703e-01 3.967942297458648682e-01 -1.090317487716674805e+00 9.719157218933105469e-01 1.135709807276725769e-01
8.424715399742126465e-01 5.481235980987548828e-01 -7.093667984008789062e-01 6.721896529197692871e-01 -1.653083860874176025e-01
9.502765536308288574e-01 8.480397462844848633e-01 -2.098882675170898438e+00 2.547041416168212891e+00 3.770674811676144600e-03
7.538468837738037109e-01 7.311338782310485840e-01 -1.144256114959716797e+00 3.766609191894531250e+00 8.750402331352233887e-01
-3.236298561096191406e-01 -4.650892317295074463e-01 -1.358184456825256348e+00 3.656736910343170166e-01 8.071982860565185547e-01
8.377187848091125488e-01 2.512927353382110596e-01 -1.735667735338211060e-01 1.101310372352600098e+00 -2.212545722723007202e-01
-1.430614829063415527e+00 -1.691061444580554962e-02 8.335043787956237793e-01 -2.053933382034301758e+00 9.457522630691528320e-01
-2.548814713954925537e-01 -2.116218090057373047e+00 -1.554791629314422607e-01 2.575950384140014648e+00 -1.298058986663818359e+00
-6.908580660820007324e-02 8.004856705665588379e-01 -1.207996606826782227e+00 1.588361263275146484e+00 3.884212374687194824e-01
5.301571488380432129e-01 1.150625824928283691e+00 -1.614596366882324219e+00 5.436934232711791992e-01 -6.505975127220153809e-01
8.422598838806152344e-01 -8.159023523330688477e-01 -1.925641894340515137e-01 -1.803696714341640472e-02 1.990541256964206696e-02
-1.179032444953918457e+00 4.516844749450683594e-01 -4.277976751327514648e-01 -6.045443415641784668e-01 -1.203538298606872559e+00
1.496058821678161621e+00 -4.443218410015106201e-01 -4.047679007053375244e-01 3.009262681007385254e-01 3.991807997226715088e-01
1.706993132829666138e-01 -4.612360000610351562e-01 -8.915984630584716797e-01 3.533159196376800537e-01 3.692521452903747559e-01
1.725188046693801880e-01 9.140368700027465820e-01 -7.174507379531860352e-01 9.538851976394653320e-01 -1.866292953491210938e-01
8.913643956184387207e-01 2.334110587835311890e-01 -1.386421680450439453e+00 2.255234003067016602e+00 5.225162506103515625e-01
3.962909579277038574e-01 1.617196559906005859e+00 -1.931965708732604980e+00 3.656101942062377930e+00 3.270102441310882568e-01
1.189617887139320374e-01 1.784222245216369629e+00 -1.882595181465148926e+00 3.189727783203125000e+00 3.550054877996444702e-02
7.421221137046813965e-01 1.253450036048889160e+00 -1.699259757995605469e+00 2.725268125534057617e+00 9.627461433410644531e-02
2.991732358932495117e-01 1.960618138313293457e+00 -8.351478576660156250e-01 3.516542196273803711e+00 1.592212468385696411e-01
8.676983118057250977e-01 1.386554121971130371e+00 6.087941527366638184e-01 8.934787511825561523e-01 -7.249833941459655762e-01
-8.255351781845092773e-01 2.359838724136352539e+00 1.491402387619018555e+00 2.145884990692138672e+00 -3.008282184600830078e-01
7.337863445281982422e-01 5.639421343803405762e-01 -1.347206473350524902e+00 7.008692026138305664e-01 -3.203203678131103516e-01
-6.349641680717468262e-01 2.064305543899536133e+00 -5.264152288436889648e-01 1.066223621368408203e+00 -8.303665518760681152e-01
1.256645917892456055e+00 7.801637649536132812e-01 -1.083395242691040039e+00 1.181433677673339844e+00 -4.072212874889373779e-01
2.511557042598724365e-01 1.424289226531982422e+00 -7.448480725288391113e-01 1.123898267745971680e+00 -5.861345529556274414e-01
7.246008515357971191e-01 1.656621217727661133e+00 -1.034646511077880859e+00 3.254838228225708008e+00 7.769952528178691864e-03
1.875478863716125488e+00 -3.820606172084808350e-01 -2.225278139114379883e+00 2.101515531539916992e+00 -1.099476516246795654e-01
2.081090927124023438e+00 -4.164279103279113770e-01 -2.166696071624755859e+00 1.544179320335388184e+00 -3.745418787002563477e-01
1.250958800315856934e+00 9.946673363447189331e-02 -1.941136598587036133e+00 1.616189241409301758e+00 2.400667071342468262e-01
1.393011331558227539e+00 2.780575752258300781e-01 -1.360032916069030762e+00 1.702697992324829102e+00 1.705792248249053955e-01
1.513057589530944824e+00 6.909551024436950684e-01 -3.322241902351379395e-01 9.075604379177093506e-02 -5.696977376937866211e-01
1.200720310211181641e+00 1.056389331817626953e+00 -1.875414103269577026e-01 -3.748248219490051270e-01 -9.632689952850341797e-01
1.501322537660598755e-02 2.032322883605957031e+00 4.932044446468353271e-01 1.032706499099731445e+00 -6.461210846900939941e-01
-6.617977023124694824e-01 1.316144108772277832e+00 -6.332955956459045410e-01 -1.016773819923400879e+00 -1.043872356414794922e+00
9.113994240760803223e-01 -5.288036912679672241e-02 -1.212979674339294434e+00 1.056606650352478027e+00 4.365156888961791992e-01
3.758776485919952393e-01 8.892880678176879883e-01 -1.334148287773132324e+00 1.267410516738891602e+00 -6.142006441950798035e-02
5.814609527587890625e-01 9.440027475357055664e-01 -3.043054938316345215e-01 2.762635469436645508e+00 7.130547165870666504e-01
-3.554852306842803955e-01 1.290290117263793945e+00 -9.000329971313476562e-01 2.290156126022338867e+00 3.296625316143035889e-01
-7.166318893432617188e-01 9.794514179229736328e-01 1.941088438034057617e-01 -5.396969318389892578e-01 1.917435377836227417e-01
-6.464599817991256714e-02 1.654578328132629395e+00 -1.121803164482116699e+00 -6.309075951576232910e-01 -1.177871942520141602e+00
9.873285889625549316e-01 1.278436183929443359e+00 3.084906041622161865e-01 8.756784796714782715e-01 -7.697649002075195312e-01
5.625664591789245605e-01 1.132447838783264160e+00 1.127575859427452087e-01 1.630676627159118652e+00 -7.150877714157104492e-01
1.057970166206359863e+00 7.184241414070129395e-01 -1.628112196922302246e+00 6.406681537628173828e-01 -5.210930109024047852e-01
6.188532710075378418e-01 9.421301484107971191e-01 -1.539444088935852051e+00 1.583022952079772949e+00 -1.995109617710113525e-01
1.153237342834472656e+00 -2.091897279024124146e-01 -9.889931678771972656e-01 3.329159021377563477e+00 1.497958064079284668e+00
-4.449756741523742676e-01 8.557365536689758301e-01 6.068142652511596680e-01 -1.484515368938446045e-01 2.951239049434661865e-01
2.293731927871704102e+00 1.729397326707839966e-01 -1.600668191909790039e+00 3.136816620826721191e-01 -6.629307866096496582e-01
-1.249114394187927246e+00 1.060211062431335449e+00 -1.769752144813537598e+00 2.308608531951904297e+00 3.780514597892761230e-01
7.794807553291320801e-01 1.290051817893981934e+00 -1.257223010063171387e+00 8.317249417304992676e-01 -1.125297069549560547e+00
8.251236081123352051e-01 -1.804679930210113525e-01 -5.182800889015197754e-01 3.032811582088470459e-01 1.886065304279327393e-01
1.561578083783388138e-02 2.485704421997070312e+00 1.587444067001342773e+00 -8.638564348220825195e-01 3.373759686946868896e-01
-1.736530512571334839e-01 -2.423970550298690796e-01 6.346187591552734375e-01 9.814946055412292480e-01 -7.980407029390335083e-02
1.181919932365417480e+00 -9.663771390914916992e-01 -1.319139450788497925e-01 1.009356617927551270e+00 1.261040687561035156e+00
-4.008930921554565430e-01 1.237061858177185059e+00 -8.429602980613708496e-01 4.373029768466949463e-01 -3.129621744155883789e-01
9.012693911790847778e-02 1.274016022682189941e+00 -1.178270578384399414e+00 -2.401178926229476929e-01 -8.192765116691589355e-01
9.211218953132629395e-01 5.712774991989135742e-01 -1.814989447593688965e+00 1.941291928291320801e+00 3.557619825005531311e-02
-1.111807942390441895e+00 -6.675512343645095825e-02 1.626498401165008545e-01 3.872382938861846924e-01 -5.324462428689002991e-02
9.691756963729858398e-01 -7.566771507263183594e-01 -5.110683441162109375e-01 -6.444220244884490967e-02 1.920260548591613770e+00
-8.964620828628540039e-01 1.151138469576835632e-01 9.799268245697021484e-01 1.399168252944946289e+00 4.204644560813903809e-01
2.157496452331542969e+00 -1.401331722736358643e-01 -2.271436005830764771e-01 3.709010481834411621e-01 -3.065751194953918457e-01
8.707972615957260132e-02 1.168306231498718262e+00 1.424724459648132324e+00 1.800002574920654297e+00 9.685153961181640625e-01
-2.774702906608581543e-01 -1.445313930511474609e+00 -5.212244391441345215e-01 -2.269654124975204468e-01 7.419338077306747437e-02
-2.541398048400878906e+00 4.161642864346504211e-02 -5.350388884544372559e-01 -8.332277536392211914e-01 1.036203861236572266e+00
3.461723625659942627e-01 8.854278922080993652e-01 -2.476030826568603516e+00 1.013683438301086426e+00 3.573115170001983643e-01
6.741756200790405273e-01 6.438185572624206543e-01 4.367867410182952881e-01 1.492152452468872070e+00 5.316936969757080078e-01
1.654973149299621582e+00 -1.413915276527404785e+00 8.178238272666931152e-01 5.793312191963195801e-01 1.175595045089721680e+00
1.231470823287963867e+00 1.584482789039611816e-01 -1.628659963607788086e-01 -6.529327630996704102e-01 -2.933916747570037842e-01
-6.404654681682586670e-02 4.885343313217163086e-01 -1.519525408744812012e+00 -7.886307314038276672e-03 -2.483375370502471924e-01
6.622483134269714355e-01 1.759290337562561035e+00 9.318825602531433105e-01 7.514665722846984863e-01 1.433421671390533447e-01
3.412503600120544434e-01 -2.368894368410110474e-01 2.199685871601104736e-01 6.854643821716308594e-01 -1.033349156379699707e+00
9.480286240577697754e-01 1.750528216361999512e+00 -2.965587377548217773e+00 1.564057618379592896e-01 -1.107673883438110352e+00
5.797092318534851074e-01 -1.733283102512359619e-01 1.095633506774902344e+00 -2.393314838409423828e+00 -1.385865569114685059e+00
-8.284652829170227051e-01 -2.116276770830154419e-01 -8.060238957405090332e-01 2.046456485986709595e-01 4.206004738807678223e-01
6.803290843963623047e-01 3.664263784885406494e-01 -1.566898345947265625e+00 -7.582167387008666992e-01 -2.282592296600341797e+00
-8.192263543605804443e-02 8.769401311874389648e-01 -1.126992329955101013e-01 -7.766641378402709961e-01 -1.732826471328735352e+00
3.600218296051025391e-01 1.650656580924987793e+00 -1.970923900604248047e+00 1.594137907028198242e+00 -1.452745646238327026e-01
-1.624478548765182495e-01 1.015077233314514160e+00 -2.880133628845214844e+00 1.030291676521301270e+00 2.189387334510684013e-03
-1.249564409255981445e+00 1.356266856193542480e+00 5.888459682464599609e-01 1.190952181816101074e+00 2.922655642032623291e-01
-1.812835186719894409e-01 -6.138847470283508301e-01 3.412033915519714355e-01 -4.644887149333953857e-01 8.586727827787399292e-02
-1.448189973831176758e+00 1.979873418807983398e+00 -1.378873705863952637e+00 -6.657968163490295410e-01 3.937694132328033447e-01
2.808495461940765381e-01 6.330527663230895996e-01 -8.681579232215881348e-01 -3.328185528516769409e-02 4.165556132793426514e-01
4.800885021686553955e-01 4.902681708335876465e-01 -2.171135395765304565e-01 3.795588314533233643e-01 -6.780712306499481201e-02
1.562115699052810669e-01 -1.193441748619079590e+00 2.312487602233886719e+00 -3.685167431831359863e-02 -8.342367410659790039e-01
-2.172770202159881592e-01 2.196553707122802734e+00 -9.678710103034973145e-01 -1.300996840000152588e-01 -1.730812430381774902e+00
9.845730662345886230e-02 1.843798398971557617e+00 -6.205157041549682617e-01 3.657531142234802246e-01 -1.222740888595581055e+00
-7.372824847698211670e-02 1.145646333694458008e+00 -4.566611349582672119e-02 9.234696030616760254e-01 -2.581206858158111572e-01
1.957318633794784546e-01 6.253010630607604980e-01 -2.886344492435455322e-01 9.930156469345092773e-01 9.586127102375030518e-02
2.513633370399475098e-01 1.853909045457839966e-01 1.442856490612030029e-01 9.421303868293762207e-01 5.422674417495727539e-01
-1.385772347450256348e+00 6.789137721061706543e-01 1.451234459877014160e+00 1.965046167373657227e+00 1.265165686607360840e+00
-2.466707527637481689e-01 8.628791570663452148e-01 -1.066430330276489258e+00 3.572728931903839111e-01 -1.080771014094352722e-01
1.120738089084625244e-01 -5.979013442993164062e-01 -1.042717814445495605e+00 1.072053790092468262e+00 1.574616432189941406e+00
6.811080574989318848e-01 1.524407267570495605e+00 -4.425569474697113037e-01 2.230991363525390625e+00 -3.393729031085968018e-01
1.422446012496948242e+00 1.243266224861145020e+00 -5.812344551086425781e-01 1.662759304046630859e+00 -6.023375988006591797e-01
-2.039035558700561523e+00 -1.118351101875305176e+00 1.173997759819030762e+00 1.958919405937194824e+00 7.202000357210636139e-03
1.662676453590393066e+00 3.409623801708221436e-01 -1.288204640150070190e-01 -4.475210979580879211e-02 -8.428182005882263184e-01
4.951566755771636963e-01 2.055858448147773743e-02 -1.761397480964660645e+00 1.344821572303771973e+00 4.509556889533996582e-01
6.096835732460021973e-01 1.384757757186889648e+00 -9.698739647865295410e-01 6.535506844520568848e-01 -8.603551983833312988e-01
-2.243582487106323242e+00 6.339676976203918457e-01 -2.192281723022460938e+00 -4.230964481830596924e-01 -6.368544101715087891e-01
-7.221007347106933594e-01 8.242644071578979492e-01 -3.318110704421997070e-01 -6.076051592826843262e-01 -3.256010115146636963e-01
-9.395485520362854004e-01 1.318309426307678223e+00 1.068638637661933899e-01 1.796353578567504883e+00 4.705149829387664795e-01
-5.950306653976440430e-01 6.183677315711975098e-01 -1.405194163322448730e+00 3.323838710784912109e-01 1.607652008533477783e-01
7.623494267463684082e-01 5.906096696853637695e-01 -1.727855205535888672e+00 6.065552234649658203e-01 -3.608800768852233887e-01
1.096384763717651367e+00 1.203467249870300293e+00 -1.285321354866027832e+00 1.054033041000366211e+00 -1.115556001663208008e+00
1.598166078329086304e-01 1.820746183395385742e+00 -1.661629796028137207e+00 1.195758938789367676e+00 -9.178835749626159668e-01
5.519129037857055664e-01 1.026288747787475586e+00 -1.259322762489318848e+00 3.051601171493530273e+00 4.640442728996276855e-01
7.500018924474716187e-02 1.921831965446472168e-01 -7.110081911087036133e-01 -5.872939229011535645e-01 7.716992497444152832e-01
1.606080085039138794e-01 -3.570974171161651611e-01 -5.995325446128845215e-01 -4.382170736789703369e-03 1.314982652664184570e+00
1.032855033874511719e+00 1.232637763023376465e+00 -4.083829522132873535e-01 7.496628165245056152e-01 -8.830804228782653809e-01
6.439477801322937012e-01 5.586790442466735840e-01 -1.091109633445739746e+00 -1.317966878414154053e-01 -5.711018443107604980e-01
-4.478919506072998047e-01 1.523637175559997559e+00 -9.590209722518920898e-01 3.273457884788513184e-01 -4.729573726654052734e-01
-2.403789944946765900e-02 2.240017890930175781e+00 6.442515254020690918e-01 3.737717270851135254e-01 -6.723026633262634277e-01
-1.598295092582702637e+00 -2.295599281787872314e-01 -1.403167605400085449e+00 -1.590190052986145020e+00 7.032427787780761719e-01
1.387734413146972656e+00 8.138592839241027832e-01 -1.385409474372863770e+00 4.673651754856109619e-01 -1.208431839942932129e+00
1.322657704353332520e+00 5.225583910942077637e-01 -6.843338012695312500e-01 1.519369482994079590e+00 -1.894541382789611816e-01
2.461920827627182007e-01 1.959941685199737549e-01 -1.564934015274047852e+00 5.159392952919006348e-01 1.083557866513729095e-02
-1.494648307561874390e-01 4.898978173732757568e-01 -1.578359484672546387e+00 1.145787477493286133e+00 -2.636855840682983398e-01
1.160425066947937012e+00 -4.184448421001434326e-01 -7.372777462005615234e-01 -6.098399758338928223e-01 -1.327297568321228027e+00
9.798880219459533691e-01 -4.112123250961303711e-01 3.614229559898376465e-01 7.604352831840515137e-01 6.241914629936218262e-01
1.721629738807678223e+00 -1.170544147491455078e+00 3.899991214275360107e-01 -1.146893978118896484e+00 -5.408549904823303223e-01
-7.300071120262145996e-01 1.560712933540344238e+00 1.974259503185749054e-02 1.344629228115081787e-01 8.528428077697753906e-01
-2.918986976146697998e-01 -2.206042110919952393e-01 -8.211081475019454956e-02 -4.046445786952972412e-01 -4.390042647719383240e-02
1.551965594291687012e+00 -2.717431783676147461e-01 -7.538816928863525391e-01 1.014908909797668457e+00 3.359953463077545166e-01
-4.276145696640014648e-01 -1.310072898864746094e+00 -1.224838972091674805e+00 -5.011038780212402344e-01 6.700353026390075684e-01
-1.677040606737136841e-01 4.530228376388549805e-01 -1.533802986145019531e+00 -7.541854381561279297e-01 1.056128382682800293e+00
1.767145037651062012e+00 -2.382273435592651367e+00 -5.033065080642700195e-01 -1.541342377662658691e+00 5.448234677314758301e-01
3.634382486343383789e-01 3.453207015991210938e-01 7.800590395927429199e-01 3.024484634399414062e+00 5.041927099227905273e-01
2.060408443212509155e-01 7.757974267005920410e-01 2.625412940979003906e+00 -4.263171255588531494e-01 4.740615785121917725e-01
7.342808842658996582e-01 2.353306055068969727e+00 -7.735434770584106445e-01 2.642815411090850830e-01 -8.888190388679504395e-01
-7.259968519210815430e-01 -5.392017364501953125e-01 -2.211967945098876953e+00 -5.450491234660148621e-02 -1.740086674690246582e+00
6.764826774597167969e-01 -1.880693316459655762e+00 -1.732626855373382568e-01 -6.473940014839172363e-01 -3.011804342269897461e+00
-2.779284417629241943e-01 -7.240270376205444336e-01 4.467583298683166504e-01 6.119523644447326660e-01 -3.040806949138641357e-01
6.299982666969299316e-01 5.187311172485351562e-01 -7.703991532325744629e-01 1.368362307548522949e+00 1.335534691810607910e+00
-4.091046154499053955e-01 1.075553178787231445e+00 -9.855945706367492676e-01 -5.341734290122985840e-01 -7.855311632156372070e-01
5.132269859313964844e-01 -2.310973405838012695e-01 2.751956284046173096e-01 1.147328734397888184e+00 6.720089912414550781e-01
-5.779964923858642578e-01 1.373107671737670898e+00 -5.614780187606811523e-01 5.848920941352844238e-01 1.022576019167900085e-01
9.929513931274414062e-01 -2.294233590364456177e-01 7.638445496559143066e-01 6.724152565002441406e-01 3.254463970661163330e-01
4.559219628572463989e-02 1.513347029685974121e+00 9.270073845982551575e-03 5.948130488395690918e-01 -6.569338440895080566e-01
2.863051891326904297e-01 2.252008318901062012e-01 -1.543015539646148682e-01 9.493154287338256836e-01 7.971825599670410156e-01
1.703191995620727539e+00 -1.502402067184448242e+00 -7.138674259185791016e-01 -5.597642064094543457e-01 1.100082874298095703e+00
6.913520097732543945e-01 -1.708613514900207520e+00 -9.632766842842102051e-01 1.452784776687622070e+00 1.410241484642028809e+00
2.272745132446289062e+00 1.063665270805358887e+00 -1.396088361740112305e+00 8.624792098999023438e-01 -1.448730349540710449e+00
1.057082414627075195e+00 1.409556627273559570e+00 -1.246677398681640625e+00 8.792060613632202148e-01 -1.325756669044494629e+00
3.174609541893005371e-01 8.351144194602966309e-01 -2.078583240509033203e+00 2.075807094573974609e+00 3.298018872737884521e-02
-7.853863239288330078e-01 -9.339888580143451691e-03 -1.613266587257385254e+00 9.561590552330017090e-01 1.086948513984680176e+00
-2.444906473159790039e+00 -8.747246861457824707e-01 2.650769650936126709e-01 1.849947333335876465e+00 1.981751680374145508e+00
4.735049903392791748e-01 2.066947937011718750e+00 -3.600301146507263184e-01 -1.249531984329223633e+00 -4.903538227081298828e-01
2.652128934860229492e-01 -4.824592769145965576e-01 2.994388341903686523e-01 -8.338343501091003418e-01 3.731465935707092285e-01
-1.835083663463592529e-01 1.340755462646484375e+00 7.528446912765502930e-01 -1.219822764396667480e+00 -8.700439333915710449e-02
-8.878385424613952637e-01 -1.387313604354858398e+00 -1.763208210468292236e-01 -1.890090852975845337e-02 -9.936790466308593750e-01
-2.863131761550903320e-01 1.293186306953430176e+00 -2.261494874954223633e+00 1.755219578742980957e+00 -3.590272367000579834e-01
-7.574689388275146484e-01 -1.204512044787406921e-01 -6.094061136245727539e-01 1.208026766777038574e+00 -1.996156759560108185e-02
5.622662305831909180e-01 -2.752848386764526367e+00 -1.555879473686218262e+00 -4.459874033927917480e-01 5.834332108497619629e-01
4.639474749565124512e-01 8.467704653739929199e-01 -1.223942637443542480e+00 1.374142646789550781e+00 -8.681404590606689453e-02
4.567599296569824219e-01 5.432021021842956543e-01 -9.524086117744445801e-01 1.119431018829345703e+00 4.582927748560905457e-02
2.467502802610397339e-01 1.211020231246948242e+00 -1.001896023750305176e+00 -1.305388957262039185e-01 -1.607531666755676270e+00
-1.164752483367919922e+00 1.898712813854217529e-01 -9.940588474273681641e-01 -1.157118938863277435e-02 -1.048975110054016113e+00
1.393126994371414185e-01 7.372273206710815430e-01 -9.692970514297485352e-01 3.643695414066314697e-01 -4.501087963581085205e-01
-7.653454542160034180e-01 6.081756949424743652e-01 -1.211537718772888184e+00 1.365106940269470215e+00 -5.233686566352844238e-01
9.894022941589355469e-01 -3.576524257659912109e-01 -2.444435596466064453e+00 1.895281672477722168e-01 -8.411314338445663452e-02
-6.105084419250488281e-01 2.051245212554931641e+00 -1.230804026126861572e-01 2.231676727533340454e-01 -1.133011579513549805e+00
2.272201627492904663e-01 4.052522778511047363e-01 4.130673408508300781e-01 1.267493128776550293e+00 5.997841358184814453e-01
3.937552273273468018e-01 8.130615949630737305e-01 -1.790312290191650391e+00 7.700412869453430176e-01 -4.887607991695404053e-01
-2.358422279357910156e-01 1.085674405097961426e+00 -1.439256429672241211e+00 3.396617174148559570e-01 -4.118282496929168701e-01
1.478050708770751953e+00 4.345738887786865234e-01 -1.911453008651733398e-01 -2.484654039144515991e-01 -4.601769447326660156e-01
3.486169576644897461e-01 1.550176739692687988e+00 -7.299181222915649414e-01 -2.319426834583282471e-01 3.223353326320648193e-01
-5.439986586570739746e-01 5.992264151573181152e-01 -7.849029302597045898e-01 1.325936794281005859e+00 7.984487414360046387e-01
-3.896210491657257080e-01 1.653461575508117676e+00 8.836581110954284668e-01 1.537047147750854492e+00 -1.134423255920410156e+00
2.438283860683441162e-01 -1.083336830139160156e+00 6.498499512672424316e-01 1.184908986091613770e+00 -1.041559576988220215e+00
-6.173234581947326660e-01 -1.717311143875122070e+00 -1.205967545509338379e+00 4.900659322738647461e-01 -2.076807975769042969e+00
-6.809738874435424805e-01 4.687540829181671143e-01 -1.123175501823425293e+00 -1.182169079780578613e+00 -1.140386581420898438e+00
1.628520488739013672e-01 -5.007180571556091309e-01 -7.544414401054382324e-01 -1.837356239557266235e-01 -1.890026211738586426e+00
-8.340727090835571289e-01 8.368244767189025879e-01 -1.605813503265380859e+00 8.854693770408630371e-01 -4.623237848281860352e-01
-6.627630591392517090e-01 3.636988997459411621e-01 -5.725682973861694336e-01 7.145062685012817383e-01 3.634022474288940430e-01
-1.885925412178039551e+00 9.994300082325935364e-03 1.755949378013610840e+00 -4.052222073078155518e-01 9.049041867256164551e-01
7.809034585952758789e-01 3.356845378875732422e-01 -6.998272538185119629e-01 1.973523736000061035e+00 5.532584190368652344e-01
5.109159946441650391e-01 7.873279452323913574e-01 -6.352601051330566406e-01 2.118656337261199951e-01 -5.351592898368835449e-01
8.191766738891601562e-01 1.768517121672630310e-02 -1.555928587913513184e+00 1.370858550071716309e+00 -7.842239141464233398e-01
8.513854146003723145e-01 1.937023401260375977e-01 -8.436439931392669678e-02 8.726015090942382812e-01 -6.874324083328247070e-01
-7.008777856826782227e-01 4.091235995292663574e-01 -6.698381304740905762e-01 1.230682015419006348e+00 6.197412610054016113e-01
8.866142630577087402e-01 6.912423968315124512e-01 8.622911572456359863e-01 1.945125102996826172e+00 2.810102999210357666e-01
2.260687574744224548e-02 3.928988575935363770e-01 1.001838594675064087e-01 1.204645156860351562e+00 5.915921926498413086e-01
8.228256106376647949e-01 -2.358129173517227173e-01 -7.965254783630371094e-01 2.699227631092071533e-01 7.009276747703552246e-01
-1.331016778945922852e+00 -1.049401879310607910e+00 5.474516153335571289e-01 3.968171477317810059e-01 -1.951587200164794922e-01
-1.095416665077209473e+00 -4.559562802314758301e-01 4.220478832721710205e-01 2.394720464944839478e-01 1.254131078720092773e+00
3.028281964361667633e-02 9.596695899963378906e-01 -2.071411848068237305e+00 1.551415085792541504e+00 -3.846292197704315186e-01
1.454458713531494141e+00 1.549329280853271484e+00 -8.587855100631713867e-01 2.025296449661254883e+00 -8.780955672264099121e-01
1.122227191925048828e+00 3.185173869132995605e-01 -1.524818658828735352e+00 2.132012128829956055e+00 3.823637068271636963e-01
7.079011797904968262e-01 7.449905276298522949e-01 -1.535582900047302246e+00 1.412841081619262695e+00 -1.691619604825973511e-01
4.019236266613006592e-01 1.359099149703979492e+00 4.379848837852478027e-01 3.949134945869445801e-01 -7.103306651115417480e-01
1.576454758644104004e+00 1.385290771722793579e-01 2.429288327693939209e-01 2.765659093856811523e-01 -8.544676750898361206e-02
1.067482352256774902e+00 -3.939846903085708618e-02 -7.433376908302307129e-01 5.303859710693359375e-01 -1.300244629383087158e-01
-1.896398901939392090e+00 3.191937804222106934e-01 -6.090114265680313110e-02 -2.214596122503280640e-01 7.297155261039733887e-01
1.717458367347717285e+00 1.214744687080383301e+00 -1.838974952697753906e+00 1.565246105194091797e+00 -9.854546189308166504e-01
1.843122720718383789e+00 1.272015333175659180e+00 -1.072705626487731934e+00 2.252475261688232422e+00 -6.530221104621887207e-01
8.254842758178710938e-01 1.669063568115234375e+00 -1.418677330017089844e+00 2.279732942581176758e+00 -5.637950897216796875e-01
1.409211456775665283e-01 1.631046414375305176e+00 -2.493080854415893555e+00 2.408060133457183838e-01 -1.414465546607971191e+00
-2.004565298557281494e-01 1.214857459068298340e+00 -1.964266777038574219e+00 1.013852953910827637e+00 6.329688429832458496e-02
6.686925888061523438e-01 1.823787450790405273e+00 7.652288675308227539e-02 -6.639035344123840332e-01 -5.017870664596557617e-01
4.091706275939941406e-01 -5.129026770591735840e-01 -2.183798789978027344e+00 1.066438555717468262e+00 7.017033696174621582e-01
-8.099179267883300781e-01 8.810489773750305176e-01 -2.233485698699951172e+00 -5.305033549666404724e-02 -1.002477407455444336e-01
9.882298707962036133e-01 1.551419615745544434e+00 -2.418839454650878906e+00 1.383846521377563477e+00 -1.421806216239929199e+00
-1.127466559410095215e+00 8.260321021080017090e-01 3.504638671875000000e-01 3.842822089791297913e-02 1.225101575255393982e-01
3.119181692600250244e-01 -7.075523138046264648e-01 -6.452520489692687988e-01 -5.554006695747375488e-01 2.253133654594421387e-01
-1.545559018850326538e-01 -5.010176077485084534e-02 -3.758276104927062988e-01 9.724241495132446289e-01 -5.012195706367492676e-01
7.494168281555175781e-01 4.660068452358245850e-02 -2.802605330944061279e-01 -7.285760045051574707e-01 1.029069200158119202e-01
1.658205986022949219e+00 5.405055880546569824e-01 -2.524718284606933594e+00 1.545710682868957520e+00 -5.063245892524719238e-01
-4.529950916767120361e-01 -8.688051253557205200e-03 -6.734335422515869141e-01 8.369635939598083496e-01 8.220475912094116211e-01
-9.700900316238403320e-02 2.081919193267822266e+00 -1.264088988304138184e+00 -4.493021368980407715e-01 -9.267655014991760254e-01
2.713644802570343018e-01 7.872294187545776367e-01 -4.129367470741271973e-01 1.591893553733825684e+00 -5.854355692863464355e-01
3.887423872947692871e-02 4.606208205223083496e-01 5.962062478065490723e-01 -1.621300429105758667e-01 -4.602999389171600342e-01
-1.127108037471771240e-01 1.691852807998657227e+00 -1.170893788337707520e+00 1.861000537872314453e+00 -5.817316174507141113e-01
1.118797421455383301e+00 9.639109373092651367e-01 -1.695399999618530273e+00 1.811388134956359863e+00 -4.423069059848785400e-01
-2.904484868049621582e-01 5.020375251770019531e-01 -1.305684328079223633e+00 -2.173004746437072754e-01 -3.600050806999206543e-01
8.068282604217529297e-01 1.716765463352203369e-01 -3.687409758567810059e-01 1.539746642112731934e+00 5.939998626708984375e-01
9.507402181625366211e-01 5.190982818603515625e-01 -1.572344303131103516e+00 2.448926925659179688e+00 3.574416041374206543e-01
2.617192864418029785e-01 1.063232541084289551e+00 -1.783708453178405762e+00 1.809045672416687012e+00 -2.131845355033874512e-01
1.234950050711631775e-01 6.462190747261047363e-01 -9.794175028800964355e-01 -2.763490006327629089e-02 -1.247711777687072754e+00
-1.513998210430145264e-01 1.089585423469543457e+00 -5.456919074058532715e-01 3.410000801086425781e-01 -5.197058618068695068e-02
2.481085956096649170e-01 6.615611165761947632e-02 1.479566991329193115e-01 1.226485490798950195e+00 7.783578634262084961e-01
4.518351256847381592e-01 1.196057796478271484e+00 -1.385600686073303223e+00 1.330416798591613770e+00 -4.445914328098297119e-01
-2.163540758192539215e-02 -6.643489003181457520e-01 -1.450866818428039551e+00 -1.617768645286560059e+00 7.542983293533325195e-01
-1.029922962188720703e+00 3.441777825355529785e-01 -1.049512028694152832e+00 -5.065788626670837402e-01 1.038273692131042480e+00
-2.693449854850769043e-01 -5.155215263366699219e-01 -1.901405215263366699e+00 1.959294229745864868e-01 -4.285842180252075195e-01
5.229326486587524414e-01 -3.051192760467529297e-01 -1.519831538200378418e+00 9.231945276260375977e-01 1.558413803577423096e-01
2.082463651895523071e-01 1.120059370994567871e+00 9.990224838256835938e-01 -2.124743700027465820e+00 -9.746724367141723633e-01
1.733163893222808838e-01 -7.142384648323059082e-01 7.515486478805541992e-01 -1.316287517547607422e+00 5.857716798782348633e-01
-8.811066299676895142e-02 1.363929033279418945e+00 -4.663464426994323730e-01 1.121930360794067383e+00 -3.203233778476715088e-01
2.515414953231811523e-01 5.192855596542358398e-01 3.142232820391654968e-02 1.947015762329101562e+00 5.783766508102416992e-02
-6.374074220657348633e-01 1.529848814010620117e+00 -1.036837220191955566e+00 1.387326955795288086e+00 -3.808067142963409424e-01
-1.036678314208984375e+00 6.811246275901794434e-02 -1.459197163581848145e+00 1.822787523269653320e-01 -1.105513215065002441e+00
2.973153591156005859e-01 4.647718071937561035e-01 1.358474493026733398e-01 -7.389085888862609863e-01 3.543272614479064941e-01
1.771625638008117676e+00 2.935278415679931641e-01 -5.096304416656494141e-01 9.906586408615112305e-01 -1.243054717779159546e-01
-5.066555142402648926e-01 1.814898729324340820e+00 -8.359934687614440918e-01 3.164545595645904541e-01 -1.048069000244140625e+00
-9.326614141464233398e-01 1.042279124259948730e+00 1.269260406494140625e+00 -7.786707878112792969e-01 -1.987980306148529053e-02
1.427787899971008301e+00 1.335003137588500977e+00 -1.179031491279602051e+00 1.587490320205688477e+00 -7.044689655303955078e-01
4.755236804485321045e-01 4.867051243782043457e-01 -8.938698768615722656e-01 6.644133925437927246e-01 6.255963444709777832e-01
-7.024788856506347656e-01 1.427991271018981934e+00 -1.384445667266845703e+00 1.102319598197937012e+00 -4.089514017105102539e-01
-5.597418919205665588e-02 4.919714033603668213e-01 6.409355998039245605e-01 2.815806567668914795e-01 -5.506564378738403320e-01
-1.893273711204528809e+00 -8.928356170654296875e-01 -2.374855801463127136e-02 5.105781555175781250e-02 3.516755998134613037e-01
-6.757308244705200195e-01 9.439113140106201172e-01 1.287915110588073730e+00 8.918816596269607544e-02 -1.553020954132080078e+00
3.665536940097808838e-01 4.215205609798431396e-01 1.050818897783756256e-02 -9.588804244995117188e-01 1.263714283704757690e-01
9.469398260116577148e-01 4.416847825050354004e-01 -1.649885296821594238e+00 -2.143589258193969727e-01 -7.377498149871826172e-01
4.677925407886505127e-01 1.273850083351135254e+00 3.703147172927856445e-02 1.770465493202209473e+00 -3.506904467940330505e-02
6.477822065353393555e-01 -1.271991014480590820e+00 -1.743200898170471191e+00 1.146726250648498535e+00 1.534480094909667969e+00
-2.076064348220825195e-01 8.346775174140930176e-01 1.507550358772277832e+00 7.659677863121032715e-01 -8.220330476760864258e-01
-9.441772103309631348e-01 -1.051495969295501709e-01 -1.188678264617919922e+00 2.589137315750122070e+00 1.443188548088073730e+00
-2.117523103952407837e-01 -7.457921504974365234e-01 -7.570396661758422852e-01 5.980535745620727539e-01 2.120664358139038086e+00
6.312617659568786621e-01 -6.373628973960876465e-01 -4.624367654323577881e-01 1.395685672760009766e+00 1.108801722526550293e+00
-1.161895036697387695e+00 5.194762349128723145e-01 -1.445175290107727051e+00 1.260314106941223145e+00 -1.563015937805175781e+00
1.458520054817199707e+00 1.287075877189636230e+00 2.071909457445144653e-01 2.343160212039947510e-01 -3.688798546791076660e-01
9.037132859230041504e-01 2.396392822265625000e-02 4.585848450660705566e-01 4.870644211769104004e-01 -9.048701822757720947e-02
9.329355359077453613e-01 -2.067314684391021729e-01 -3.918235003948211670e-01 4.086296856403350830e-01 3.837799131870269775e-01
7.639611512422561646e-02 -8.210552483797073364e-02 -1.004317283630371094e+00 -5.866646170616149902e-01 -6.567046791315078735e-02
-2.370523661375045776e-01 5.761866569519042969e-01 -1.846724152565002441e+00 5.332732796669006348e-01 -3.732488155364990234e-01
-2.071875929832458496e-01 1.148927509784698486e-01 -6.811625957489013672e-01 -8.214518427848815918e-02 7.964540272951126099e-02
1.344823718070983887e+00 6.265804171562194824e-01 2.474051564931869507e-01 2.347334772348403931e-01 -1.101627588272094727e+00
1.373237729072570801e+00 8.078928589820861816e-01 -1.476083397865295410e-01 1.068933963775634766e+00 1.823186725378036499e-01
6.962673664093017578e-01 1.624179244041442871e+00 -2.200424432754516602e+00 1.359832167625427246e+00 -1.358638286590576172e+00
-6.776885688304901123e-02 2.876713275909423828e-01 -1.609278798103332520e+00 1.127352476119995117e+00 3.043975234031677246e-01
4.786258041858673096e-01 6.235551834106445312e-01 -1.709991931915283203e+00 7.814736962318420410e-01 -3.202238976955413818e-01
9.307407736778259277e-01 4.840536415576934814e-01 -3.044303417205810547e+00 1.748631477355957031e+00 -4.538949728012084961e-01
3.416835963726043701e-01 7.336461544036865234e-01 -2.890601396560668945e+00 2.258346796035766602e+00 -2.342202961444854736e-01
-2.241616845130920410e-01 1.502898812294006348e+00 -2.154631376266479492e+00 1.687199711799621582e+00 -4.880808591842651367e-01
-6.406823396682739258e-01 2.572226524353027344e+00 -4.544064998626708984e-01 2.423157215118408203e+00 -5.632379055023193359e-01
7.376493811607360840e-01 8.817008733749389648e-01 -1.068884491920471191e+00 4.985759258270263672e-01 -5.656341314315795898e-01
1.746824264526367188e+00 1.417692154645919800e-01 -1.574190735816955566e+00 9.120207428932189941e-01 -6.977416276931762695e-01
1.202546238899230957e+00 1.930474191904067993e-01 -6.370242834091186523e-01 1.979029774665832520e+00 8.690605312585830688e-02
2.992797493934631348e-01 -5.355986952781677246e-01 -1.120827674865722656e+00 -4.137611389160156250e-01 1.706895828247070312e-01
-2.346104010939598083e-02 -1.432046592235565186e-01 -7.863363027572631836e-01 1.615831375122070312e+00 6.021892428398132324e-01
2.523470818996429443e-01 6.580432057380676270e-01 2.807331681251525879e-01 1.949494242668151855e+00 -8.192898631095886230e-01
5.574287176132202148e-01 1.262913644313812256e-01 1.392776608467102051e+00 -5.250113606452941895e-01 2.503922283649444580e-01
3.998425006866455078e-01 4.124187231063842773e-01 -2.084724903106689453e+00 3.084929585456848145e-01 -8.115715384483337402e-01
1.980607062578201294e-01 1.750697731971740723e+00 -1.521974921226501465e+00 1.614067554473876953e+00 -6.110162138938903809e-01
9.655403494834899902e-01 6.142702102661132812e-01 -2.509407043457031250e+00 1.589502334594726562e+00 -1.102495715022087097e-01
1.019108057022094727e+00 1.171792820096015930e-01 -1.047639131546020508e+00 -1.937088727951049805e+00 -5.781211853027343750e-01
-1.468993425369262695e+00 7.678662538528442383e-01 9.853929281234741211e-01 -1.201781034469604492e+00 1.794362068176269531e+00
3.409930765628814697e-01 1.552623867988586426e+00 -1.588699579238891602e+00 1.428573727607727051e+00 -5.874479413032531738e-01
5.197528004646301270e-01 5.710628628730773926e-02 2.489526420831680298e-01 -7.479782104492187500e-01 1.282691508531570435e-01
1.463405609130859375e+00 -1.597474694252014160e+00 -4.624183848500251770e-02 -6.709488481283187866e-02 -6.249825358390808105e-01
5.477176979184150696e-02 1.217406868934631348e+00 -1.214601397514343262e+00 -6.135683059692382812e-01 8.781754374504089355e-01
1.938775420188903809e+00 8.411731719970703125e-01 -8.622415661811828613e-01 1.146790981292724609e+00 -8.412597179412841797e-01
5.062158107757568359e-01 -6.384915113449096680e-01 -8.619933128356933594e-01 2.093733549118041992e-01 6.706489920616149902e-01
1.548193335533142090e+00 -5.049423575401306152e-01 -1.145723909139633179e-01 1.382831782102584839e-01 1.857042908668518066e-01
1.794511973857879639e-01 8.700281977653503418e-01 3.151069581508636475e-02 1.707408308982849121e+00 -6.680381298065185547e-01
3.823831081390380859e-01 -7.973932623863220215e-01 -3.713897764682769775e-01 -6.930054426193237305e-01 4.284387528896331787e-01
1.737668275833129883e+00 1.302962303161621094e+00 -5.941793918609619141e-01 1.341793417930603027e+00 -1.021879792213439941e+00
8.948955535888671875e-01 1.597608804702758789e+00 -7.156423330307006836e-01 1.193861722946166992e+00 -1.103890419006347656e+00
6.233801841735839844e-01 8.623428344726562500e-01 -9.576495885848999023e-01 1.943604588508605957e+00 -7.762295007705688477e-02
1.318295836448669434e+00 2.058272659778594971e-01 -2.163199663162231445e+00 2.233795404434204102e+00 2.604992091655731201e-01
1.520391821861267090e+00 4.221478700637817383e-01 -1.766227483749389648e+00 8.712360262870788574e-01 -4.719749093055725098e-01
8.239797949790954590e-01 1.679323673248291016e+00 6.615849137306213379e-01 1.051454782485961914e+00 -8.727570176124572754e-01
-3.705197870731353760e-01 1.496483802795410156e+00 -2.539403736591339111e-01 -1.471723169088363647e-01 -3.710712790489196777e-01
2.840310037136077881e-01 3.363054096698760986e-01 -1.166825652122497559e+00 -6.394786387681961060e-02 -3.054809272289276123e-01
-5.611584782600402832e-01 1.003088235855102539e+00 -9.521262347698211670e-02 1.169658899307250977e+00 -3.568667173385620117e-01
-8.084547519683837891e-01 1.846127986907958984e+00 -2.125721454620361328e+00 6.090549826622009277e-01 -1.125729322433471680e+00
7.222180366516113281e-01 5.703720450401306152e-01 -5.986332297325134277e-01 1.202712178230285645e+00 -1.074767231941223145e+00
-1.029573202133178711e+00 -1.160049438476562500e+00 1.436989426612854004e+00 1.743960022926330566e+00 2.428081259131431580e-02
7.200096845626831055e-01 8.967663049697875977e-01 -1.412455081939697266e+00 1.301489233970642090e+00 -2.594963908195495605e-01
6.353097558021545410e-01 1.486546754837036133e+00 -1.002860188484191895e+00 8.607867956161499023e-01 -8.305541872978210449e-01
7.507214546203613281e-01 2.994991838932037354e-01 1.282809972763061523e-01 2.237936705350875854e-01 -1.549109965562820435e-01
3.798243105411529541e-01 6.471364498138427734e-01 -1.132239103317260742e+00 -3.877443969249725342e-01 -6.969001293182373047e-01
1.216632246971130371e+00 8.453525304794311523e-01 8.925688862800598145e-01 1.359972119331359863e+00 -4.942747578024864197e-02
4.864028692245483398e-01 1.759969443082809448e-01 -1.750968575477600098e+00 9.657093286514282227e-01 6.992144137620925903e-02
3.303222954273223877e-01 -4.727770090103149414e-01 4.186089709401130676e-02 1.749737858772277832e+00 -2.674982249736785889e-01
1.315939873456954956e-01 -2.918948791921138763e-02 -1.543873906135559082e+00 -2.657998539507389069e-02 -1.901339143514633179e-01
9.152261614799499512e-01 1.544851183891296387e+00 -1.316869616508483887e+00 2.442514181137084961e+00 -5.059049725532531738e-01
3.125144243240356445e-01 -1.576199084520339966e-01 6.967530846595764160e-01 1.785207867622375488e+00 9.775527715682983398e-01
-9.556708335876464844e-01 5.048287287354469299e-02 -4.052606523036956787e-01 -4.107119143009185791e-01 -9.687634706497192383e-01
1.196405813097953796e-01 1.743475079536437988e+00 -1.918892264366149902e+00 1.924568891525268555e+00 -7.945175170898437500e-01
9.529103636741638184e-01 9.444459676742553711e-01 1.724673658609390259e-01 2.189053535461425781e+00 1.596722006797790527e-01
-1.138857841491699219e+00 1.351757287979125977e+00 -3.021970987319946289e-01 5.816931128501892090e-01 -2.732741236686706543e-01
-7.273064553737640381e-02 1.597986340522766113e+00 -1.700105965137481689e-01 1.412514209747314453e+00 -4.305268526077270508e-01
-1.138799071311950684e+00 -5.703130960464477539e-01 6.575701832771301270e-01 -1.624128103256225586e+00 4.199511110782623291e-01
-6.682405471801757812e-01 1.769354916177690029e-03 -1.016560196876525879e+00 6.999638080596923828e-01 -2.119605779647827148e+00
-1.387500017881393433e-01 2.637767605483531952e-02 -1.626619249582290649e-01 1.193773269653320312e+00 9.494805335998535156e-01
1.411388754844665527e+00 3.491548597812652588e-01 3.971419930458068848e-01 -2.681669034063816071e-02 -1.373434185981750488e+00
6.524912714958190918e-01 -2.359668761491775513e-01 2.103977650403976440e-01 -5.168086662888526917e-02 3.831566274166107178e-01
9.406404495239257812e-01 1.225569173693656921e-01 -1.300575613975524902e+00 1.803386807441711426e-01 -2.567643225193023682e-01
-1.403653502464294434e+00 1.056920766830444336e+00 2.057904481887817383e+00 -4.308583736419677734e-01 2.298071533441543579e-01
-8.632839322090148926e-01 -1.583979129791259766e-01 -1.714852929115295410e+00 5.593600869178771973e-01 -9.191361665725708008e-01
8.585448265075683594e-01 6.285195350646972656e-01 1.089804053306579590e+00 2.135165691375732422e+00 2.653089463710784912e-01
9.110674858093261719e-01 3.620259463787078857e-01 3.755743056535720825e-02 -8.889161944389343262e-01 -5.981898903846740723e-01
1.205022573471069336e+00 5.110974907875061035e-01 -1.469275116920471191e+00 -4.011918306350708008e-01 -8.075473308563232422e-01
-9.080898761749267578e-01 -3.477399349212646484e-01 -6.132069826126098633e-01 -2.457865774631500244e-01 3.965273499488830566e-01
-1.018757462501525879e+00 -4.363271296024322510e-01 3.959064483642578125e-01 -5.093465447425842285e-01 9.579001925885677338e-03
1.352591991424560547e+00 3.395601809024810791e-01 -1.181228160858154297e+00 -3.540458381175994873e-01 -1.417200326919555664e+00
-2.723560929298400879e-01 -5.612174868583679199e-01 -8.708900809288024902e-01 -5.322960615158081055e-01 5.643804073333740234e-01
4.586780369281768799e-01 -8.169920444488525391e-01 -2.197814732789993286e-01 -4.972033500671386719e-01 -7.089371085166931152e-01
-8.006560206413269043e-01 4.527818560600280762e-01 -9.587699770927429199e-01 -2.977743148803710938e-01 -3.972711265087127686e-01
-2.061801254749298096e-01 -2.538513243198394775e-01 5.406556725502014160e-01 2.293018698692321777e-01 7.358492612838745117e-01
5.150057673454284668e-01 1.984201669692993164e+00 -2.462214231491088867e-01 2.498504817485809326e-01 -1.386565089225769043e+00
-2.278394810855388641e-02 1.562771439552307129e+00 1.222588896751403809e+00 -7.734096050262451172e-01 -9.782865643501281738e-01
-1.133978888392448425e-01 -7.588566094636917114e-02 1.225131988525390625e+00 7.861816287040710449e-01 1.105586737394332886e-01
2.795859575271606445e-01 -1.408325314521789551e+00 -1.215673089027404785e+00 -2.727118730545043945e-01 9.825559705495834351e-02
6.027593612670898438e-01 -9.941763281822204590e-01 1.026669025421142578e+00 4.319657012820243835e-02 1.768080830574035645e+00
-5.469034910202026367e-01 2.101435422897338867e+00 -2.381401807069778442e-01 -5.641503930091857910e-01 -7.693993449211120605e-01
-3.061986565589904785e-01 1.907045841217041016e-01 1.572925686836242676e+00 2.524189352989196777e-01 -9.730967879295349121e-01
1.428123235702514648e+00 -2.106737196445465088e-01 7.557974457740783691e-01 -2.450363934040069580e-01 -1.509047627449035645e+00
2.071885824203491211e+00 -2.611996233463287354e-01 -7.699612975120544434e-01 1.624778509140014648e+00 5.124794244766235352e-01
8.998813629150390625e-01 6.596496701240539551e-01 -2.581096172332763672e+00 2.529702901840209961e+00 -4.437438771128654480e-02
1.115744709968566895e+00 1.127112030982971191e+00 -2.452749490737915039e+00 2.352244615554809570e+00 -5.778405666351318359e-01
-8.268240094184875488e-01 2.430070400238037109e+00 -1.830040097236633301e+00 2.062790632247924805e+00 -8.604469895362854004e-01
-1.504594683647155762e-01 -6.298458576202392578e-01 -2.047876596450805664e+00 1.720556318759918213e-01 5.726081132888793945e-01
6.753290295600891113e-01 8.248610496520996094e-01 -2.325968980789184570e+00 2.223523855209350586e+00 -2.712832391262054443e-02
3.492517769336700439e-01 4.875151216983795166e-01 1.426244527101516724e-01 3.703197836875915527e-01 1.203485578298568726e-01
3.924046456813812256e-01 -4.626182913780212402e-01 -1.395187020301818848e+00 5.808603167533874512e-01 7.872571945190429688e-01
8.583859354257583618e-02 1.134113788604736328e+00 -1.484885334968566895e+00 2.565714836120605469e+00 1.277293562889099121e-01
3.259414732456207275e-01 2.167718648910522461e+00 -3.547832667827606201e-01 7.346295118331909180e-01 -1.213239073753356934e+00
-8.575580716133117676e-01 2.696037054061889648e+00 -3.402975499629974365e-01 1.017901659011840820e+00 -1.153747797012329102e+00
6.351086497306823730e-01 5.519371032714843750e-01 -7.388871908187866211e-01 1.943454980850219727e+00 4.675886631011962891e-01
1.127566456794738770e+00 9.793828129768371582e-01 -2.579055547714233398e+00 1.716109275817871094e+00 -7.814196944236755371e-01
8.537160754203796387e-01 8.360952734947204590e-01 -7.566166520118713379e-01 1.911174178123474121e+00 -2.851648926734924316e-01
4.298970401287078857e-01 1.205616220831871033e-01 -2.265184640884399414e+00 1.345360279083251953e+00 -1.407584697008132935e-01
-2.034991025924682617e+00 1.171233654022216797e+00 -1.944133162498474121e+00 1.592092275619506836e+00 9.627427160739898682e-02
1.465709090232849121e+00 4.430598914623260498e-01 3.208092451095581055e-01 -1.089911982417106628e-01 -1.043573498725891113e+00
-1.322982072830200195e+00 -4.211407005786895752e-01 -1.782036423683166504e-01 1.652805507183074951e-02 -8.667219877243041992e-01
-4.179306626319885254e-01 2.250969260931015015e-01 1.258850574493408203e+00 1.201201677322387695e+00 1.001691579818725586e+00
-6.884371638298034668e-01 -1.649084448814392090e+00 -1.732560247182846069e-01 1.752273559570312500e+00 -2.279196828603744507e-01
-7.192333936691284180e-01 1.706082969903945923e-01 -2.961957454681396484e-01 1.355416059494018555e+00 -1.093272089958190918e+00
-5.408647656440734863e-01 -6.687954664230346680e-01 -4.427048861980438232e-01 1.202613234519958496e+00 1.043219864368438721e-01
9.479723572731018066e-01 1.259142905473709106e-01 1.210827708244323730e+00 1.558471471071243286e-01 -3.309138119220733643e-01
5.342159867286682129e-01 4.353784620761871338e-01 -1.437808722257614136e-01 9.687368273735046387e-01 -1.388213515281677246e+00
1.393191099166870117e+00 5.889026522636413574e-01 -2.868309974670410156e+00 2.502228736877441406e+00 -5.350764468312263489e-02
-9.390212297439575195e-01 4.740720987319946289e-01 -4.045402258634567261e-02 1.278742551803588867e-01 2.160217761993408203e+00
4.353144764900207520e-01 1.137390255928039551e+00 6.760748624801635742e-01 9.933494925498962402e-01 8.029956221580505371e-01
-4.750182628631591797e-01 1.260889530181884766e+00 -1.319646120071411133e+00 1.026097416877746582e+00 -3.452962934970855713e-01
1.447441339492797852e+00 5.628771185874938965e-01 -5.120987892150878906e-01 1.109338458627462387e-02 -1.704707145690917969e+00
6.148595213890075684e-01 3.582622110843658447e-01 -3.029121160507202148e+00 1.760812759399414062e+00 -1.180414389818906784e-02
1.412450432777404785e+00 3.066042959690093994e-01 -2.369312763214111328e+00 1.918715834617614746e+00 -2.628233470022678375e-02
-3.235754668712615967e-01 1.984667062759399414e+00 -1.265175461769104004e+00 1.306829810142517090e+00 -9.055013060569763184e-01
1.624988198280334473e+00 9.749454259872436523e-02 -3.242986202239990234e-01 3.709073960781097412e-01 -2.503827512264251709e-01
1.854632735252380371e+00 -6.310262680053710938e-01 -2.170987367630004883e+00 -8.012198805809020996e-01 -9.824359416961669922e-01
1.027029871940612793e+00 -1.744351387023925781e-01 -7.863910794258117676e-01 -4.178752303123474121e-01 -3.859507441520690918e-01
1.232607960700988770e+00 4.860134795308113098e-03 -4.041925966739654541e-01 7.300015538930892944e-02 -8.633900433778762817e-02
-5.455264449119567871e-01 6.929258108139038086e-01 -1.849135756492614746e+00 -3.078518807888031006e-01 -3.191762566566467285e-01
-4.861348494887351990e-02 2.138584852218627930e-01 -8.856636285781860352e-01 -9.761765599250793457e-02 -6.112539395689964294e-02
9.274443984031677246e-02 3.745371997356414795e-01 -4.716272652149200439e-01 -4.618643522262573242e-01 -3.147738277912139893e-01
1.236903309822082520e+00 1.120763063430786133e+00 -2.766485214233398438e+00 2.844208955764770508e+00 -2.615893483161926270e-01
-3.918965458869934082e-01 2.315064668655395508e+00 -1.069702267646789551e+00 1.532867431640625000e+00 -1.009322285652160645e+00
1.161660552024841309e+00 1.065346240997314453e+00 -1.322899699211120605e+00 1.614907979965209961e+00 -4.289386868476867676e-01
-5.882589519023895264e-02 6.699448227882385254e-01 -2.234125584363937378e-01 3.728390634059906006e-01 -6.415499746799468994e-02
5.181544423103332520e-01 4.018486142158508301e-01 2.073740214109420776e-01 -6.134363412857055664e-01 -5.456649661064147949e-01
-3.137208819389343262e-01 3.485787212848663330e-01 -7.746371626853942871e-01 1.315457105636596680e+00 5.326510071754455566e-01
1.329109072685241699e+00 2.876329720020294189e-01 3.023247718811035156e-01 6.299280524253845215e-01 -1.143174022436141968e-01
-2.810200490057468414e-02 1.490011960268020630e-01 -4.800051450729370117e-01 -1.738987267017364502e-01 6.466639041900634766e-01
9.615887403488159180e-01 -1.815862953662872314e-01 2.894677519798278809e-01 3.799365758895874023e-01 -5.737487077713012695e-01
1.475902795791625977e+00 -2.469403296709060669e-01 -2.620421946048736572e-01 -1.378022551536560059e+00 -8.653162717819213867e-01
-6.521605849266052246e-01 -7.285775542259216309e-01 3.487053811550140381e-01 3.872724473476409912e-01 -8.810843229293823242e-01
1.761779487133026123e-01 9.234002828598022461e-01 -2.119280576705932617e+00 1.499409437179565430e+00 -2.116456329822540283e-01
6.199814677238464355e-01 -8.880540728569030762e-01 -1.950381994247436523e+00 6.201176643371582031e-01 6.292601823806762695e-01
-7.867524772882461548e-02 5.351948738098144531e-01 -1.124837875366210938e+00 -3.869773074984550476e-02 -3.251587748527526855e-01
-2.119199484586715698e-01 -2.068201750516891479e-01 -1.780802726745605469e+00 6.290787458419799805e-01 1.432634592056274414e-01
1.798720359802246094e+00 5.713335275650024414e-01 -7.940391302108764648e-01 1.694690465927124023e+00 1.947020180523395538e-02
8.776588737964630127e-02 7.752224802970886230e-01 -1.756338834762573242e+00 -9.423668682575225830e-02 -7.088891863822937012e-01
6.085590720176696777e-01 3.742135763168334961e-01 -9.673022031784057617e-01 2.717028617858886719e+00 9.285951852798461914e-01
7.389532923698425293e-01 5.250121951103210449e-01 -1.845395803451538086e+00 -9.294115006923675537e-02 -6.365087628364562988e-01
-6.952919960021972656e-01 1.318860888481140137e+00 -1.485000371932983398e+00 4.850620031356811523e-01 -5.799875855445861816e-01
-1.218549370765686035e+00 -1.370820522308349609e+00 7.513077855110168457e-01 -1.432378292083740234e+00 3.560754954814910889e-01
-2.934903204441070557e-01 -9.290844202041625977e-01 4.611915647983551025e-01 -1.472237229347229004e+00 3.907802999019622803e-01
4.496095180511474609e-01 1.430009841918945312e+00 -9.535692930221557617e-01 1.340716242790222168e+00 -5.510097742080688477e-01
1.158728241920471191e+00 5.213197469711303711e-01 -9.911789894104003906e-01 1.243955492973327637e+00 -7.255539298057556152e-02
-1.982937604188919067e-01 1.445657372474670410e+00 -1.990499615669250488e+00 4.939523339271545410e-01 -9.396431446075439453e-01
-3.998028635978698730e-01 9.769911170005798340e-01 -1.080907106399536133e+00 1.880084991455078125e+00 2.741335034370422363e-01
1.608821153640747070e-01 4.934992790222167969e-01 -1.376816749572753906e+00 1.595696091651916504e+00 3.298181295394897461e-01
-1.915531754493713379e+00 -1.784494966268539429e-01 -2.272608518600463867e+00 5.903180837631225586e-01 1.281372547149658203e+00
8.568066954612731934e-01 2.235417813062667847e-01 6.179285645484924316e-01 1.643010616302490234e+00 -1.890750825405120850e-01
4.586494863033294678e-01 7.669157981872558594e-01 -1.376310348510742188e+00 -7.406660318374633789e-01 -4.315976798534393311e-01
-1.215226411819458008e+00 5.013850927352905273e-01 9.273064732551574707e-01 1.754094481468200684e+00 -1.457682251930236816e+00
-8.928655833005905151e-02 -8.361173868179321289e-01 1.677218377590179443e-01 1.054393649101257324e+00 4.372582733631134033e-01
1.115761518478393555e+00 -5.472955107688903809e-01 -1.620514154434204102e+00 6.376388669013977051e-02 -9.209095500409603119e-03
2.682231366634368896e-01 7.091963291168212891e-01 1.582019329071044922e+00 1.082486033439636230e+00 -2.815855443477630615e-01
2.742170095443725586e-01 -1.231861338019371033e-01 4.217884242534637451e-01 -1.506204754114151001e-01 3.319638371467590332e-01
2.352628856897354126e-01 7.445688545703887939e-02 -6.699889302253723145e-01 -7.589471340179443359e-02 3.161975145339965820e-01
1.905337572097778320e-01 -7.625637650489807129e-01 -1.557572126388549805e+00 3.891425430774688721e-01 3.773710131645202637e-01
1.613219261169433594e+00 -2.557495534420013428e-01 5.791834592819213867e-01 -2.555587291717529297e+00 2.314943790435791016e+00
4.357590377330780029e-01 1.912042021751403809e+00 -2.665616750717163086e+00 4.001866817474365234e+00 -1.818133145570755005e-01
2.163676619529724121e-01 1.113099694252014160e+00 -3.119464874267578125e+00 3.591211795806884766e+00 2.957621514797210693e-01
1.433128833770751953e+00 1.410927653312683105e+00 -3.066007375717163086e+00 3.385469198226928711e+00 -3.966170847415924072e-01
5.195251107215881348e-01 5.961759686470031738e-01 -2.633996605873107910e-01 1.094683289527893066e+00 -1.214813590049743652e-01
1.682977974414825439e-01 6.548661589622497559e-01 -1.222568154335021973e+00 2.354633659124374390e-01 -5.135439038276672363e-01
3.337548077106475830e-01 -8.272262215614318848e-01 -1.994452953338623047e+00 3.853157758712768555e-01 1.785786390304565430e+00
2.710399776697158813e-02 6.455006599426269531e-01 -2.735458910465240479e-01 4.709647893905639648e-01 5.514039844274520874e-02
-1.806877017021179199e+00 1.205539345741271973e+00 6.017161011695861816e-01 4.544486403465270996e-01 -1.520955204963684082e+00
1.294734239578247070e+00 -1.255601048469543457e-01 -6.261076927185058594e-01 6.975435018539428711e-01 -9.321957826614379883e-01
-6.277890801429748535e-01 -1.303824901580810547e+00 -9.808700084686279297e-01 1.722795486450195312e+00 -1.553153872489929199e+00
1.015570163726806641e+00 9.435865283012390137e-01 -2.786942958831787109e+00 3.017557144165039062e+00 1.276814658194780350e-02
2.112885564565658569e-01 1.525115251541137695e+00 -2.423788070678710938e+00 3.231729984283447266e+00 -9.454848617315292358e-02
-2.080979645252227783e-01 1.164209365844726562e+00 -2.129615783691406250e+00 3.375455141067504883e+00 4.937462806701660156e-01
6.012403368949890137e-01 -3.061883449554443359e-01 9.813688397407531738e-01 1.477627277374267578e+00 2.141865015029907227e+00
5.465715527534484863e-01 5.425679683685302734e-01 -2.610486507415771484e+00 2.472409486770629883e+00 4.032638072967529297e-01
1.276340603828430176e+00 -6.150908768177032471e-02 7.272369861602783203e-01 2.885169982910156250e-01 2.708902955055236816e-01
6.148840188980102539e-01 1.323106169700622559e+00 1.608700871467590332e+00 4.235918819904327393e-01 -8.288676142692565918e-01
-8.242860436439514160e-02 1.797667741775512695e+00 -2.171818733215332031e+00 1.392316341400146484e+00 -8.826061487197875977e-01
-5.373144149780273438e-01 1.891007900238037109e+00 -2.033882379531860352e+00 2.447968721389770508e+00 -3.617727458477020264e-01
8.232307620346546173e-03 3.565877079963684082e-01 -9.905793666839599609e-01 -8.797996640205383301e-01 6.101385354995727539e-01
5.944042205810546875e-01 2.601893246173858643e-01 -2.999956160783767700e-02 6.077997088432312012e-01 2.018209099769592285e-01
1.893679261207580566e+00 -5.841117724776268005e-02 9.090591967105865479e-02 -9.406314045190811157e-02 -1.355579346418380737e-01
-4.244080483913421631e-01 2.415291547775268555e+00 -1.773329496383666992e+00 -8.738175034523010254e-01 2.040222138166427612e-01
-5.540828704833984375e-01 7.062042355537414551e-01 5.536602139472961426e-01 1.411359608173370361e-01 -1.472998619079589844e+00
-7.714700698852539062e-01 -4.773049950599670410e-01 -1.235523700714111328e+00 -8.615586161613464355e-02 5.473234653472900391e-01
9.202854037284851074e-01 3.223990797996520996e-01 -1.175020217895507812e+00 8.597605824470520020e-01 -4.323763251304626465e-01
9.708315730094909668e-01 -3.931027054786682129e-01 -1.677164316177368164e+00 1.115137100219726562e+00 2.499432116746902466e-01
3.864439725875854492e-01 2.435639500617980957e-01 -1.004904747009277344e+00 1.350503325462341309e+00 -6.959619522094726562e-01
3.753084838390350342e-01 2.208979368209838867e+00 -1.567272186279296875e+00 2.170563697814941406e+00 -7.993646264076232910e-01
1.286390900611877441e+00 1.168670654296875000e+00 -1.918479561805725098e+00 2.388355255126953125e+00 -2.165232598781585693e-01
5.157997012138366699e-01 6.240420341491699219e-01 -2.924040853977203369e-01 6.523646116256713867e-01 7.068247199058532715e-01
1.171626091003417969e+00 2.972393333911895752e-01 1.403102993965148926e+00 6.028165817260742188e-01 6.567107439041137695e-01
6.817055940628051758e-01 8.084444403648376465e-01 -1.971446156501770020e+00 3.199701547622680664e+00 5.848876833915710449e-01
7.091984748840332031e-01 1.569856524467468262e+00 -1.690750718116760254e+00 2.047711133956909180e+00 -4.463855028152465820e-01
4.115630090236663818e-01 3.233079195022583008e+00 -1.285988688468933105e+00 1.213284969329833984e+00 -2.014871835708618164e+00
-5.148298740386962891e-01 1.012025356292724609e+00 1.125072002410888672e+00 6.590784788131713867e-01 -5.521689653396606445e-01
-1.652452826499938965e+00 -6.475430727005004883e-01 1.096062898635864258e+00 -2.982311248779296875e-01 -6.051685214042663574e-01
-3.849082887172698975e-01 -4.475151896476745605e-01 -8.327335119247436523e-01 -1.341196537017822266e+00 3.620155155658721924e-01
-9.470669031143188477e-01 5.419737100601196289e-01 -1.289462208747863770e+00 1.153763771057128906e+00 -4.049818515777587891e-01
-3.333063125610351562e-01 1.348617076873779297e+00 -1.888522624969482422e+00 3.133548021316528320e+00 4.751820564270019531e-01
-1.200830936431884766e-01 2.062282323837280273e+00 -1.158113956451416016e+00 3.010722160339355469e+00 -6.779859960079193115e-02
5.072172284126281738e-01 1.880249619483947754e+00 -9.534106850624084473e-01 3.334171533584594727e+00 9.687308222055435181e-02
9.670326113700866699e-02 1.634564876556396484e+00 -2.614265203475952148e+00 1.840141773223876953e+00 -6.190849542617797852e-01
-3.033569082617759705e-02 1.647414207458496094e+00 -1.275137662887573242e+00 3.137199163436889648e+00 3.007388710975646973e-01
2.945462465286254883e-01 2.141906738281250000e+00 -1.880052328109741211e+00 1.538057923316955566e+00 -1.077715873718261719e+00
-5.083660483360290527e-01 2.091571807861328125e+00 -8.367027640342712402e-01 2.435190916061401367e+00 -1.781415045261383057e-01
-3.630215302109718323e-02 -2.156960010528564453e+00 2.140145748853683472e-01 1.239804387092590332e+00 1.380121707916259766e+00
-9.350696802139282227e-01 -7.090144753456115723e-01 8.267614841461181641e-01 1.559385955333709717e-01 -7.948053479194641113e-01
-4.077301919460296631e-01 -3.290299773216247559e-01 2.234196066856384277e-01 3.109015524387359619e-01 6.748615503311157227e-01
1.738679170608520508e+00 -5.509744882583618164e-01 -1.769849419593811035e+00 -1.184844255447387695e+00 1.187303185462951660e+00
-1.123794555664062500e+00 -1.255593895912170410e+00 2.186822444200515747e-01 1.478508412837982178e-01 1.152389168739318848e+00
1.529537886381149292e-01 9.135954380035400391e-01 -2.197149515151977539e+00 2.545348882675170898e+00 4.100392758846282959e-01
1.089429140090942383e+00 1.224964022636413574e+00 -2.680230379104614258e+00 1.338946104049682617e+00 -7.729309797286987305e-01
-7.077959775924682617e-01 1.082730412483215332e+00 -3.207669734954833984e+00 1.733363628387451172e+00 -7.142541557550430298e-02
1.421093821525573730e+00 5.157877802848815918e-01 -2.869218111038208008e+00 1.514748334884643555e+00 -1.964375376701354980e-01
2.137751728296279907e-01 1.508287191390991211e+00 -2.513703346252441406e+00 5.984611511230468750e-01 -1.038603067398071289e+00
5.845622420310974121e-01 1.317540884017944336e+00 -2.317903280258178711e+00 2.327996969223022461e+00 -1.119247823953628540e-01
-2.378672361373901367e-01 2.150966405868530273e+00 -2.025361537933349609e+00 1.915864944458007812e+00 -6.658935546875000000e-01
3.572292327880859375e-01 8.308035321533679962e-03 -9.932003617286682129e-01 9.298381805419921875e-01 -3.795878216624259949e-02
8.374701142311096191e-01 -9.676760435104370117e-01 -7.857257723808288574e-01 8.570066094398498535e-01 1.063298434019088745e-01
1.586330384016036987e-01 3.986259698867797852e-01 7.964218854904174805e-01 1.748159408569335938e+00 6.899248361587524414e-01
-9.297145605087280273e-01 -6.476184725761413574e-02 -1.910877108573913574e+00 -9.445134997367858887e-01 2.253610640764236450e-01
9.651065468788146973e-01 1.646072864532470703e+00 -8.231680393218994141e-01 -7.942455410957336426e-01 -7.208895087242126465e-01
-5.857264995574951172e-02 1.254621982574462891e+00 9.376408159732818604e-02 2.600487768650054932e-01 1.006768703460693359e+00
