-1.416475415229797363e+00
7.947043776512145996e-01
9.150346517562866211e-01
-1.414271444082260132e-01
-6.548101305961608887e-01
1.338240861892700195e+00
-4.907025769352912903e-02
-7.520420551300048828e-01
-1.225714460015296936e-01
1.075224113464355469e+01
3.780809879302978516e+00
3.495259523391723633e+00
1.925408005714416504e+00
8.283994197845458984e-01
1.859142661094665527e+00
-7.335093617439270020e-01
4.644586145877838135e-01
1.722619533538818359e+00
2.995346546173095703e+00
-2.426904588937759399e-01
-1.374441981315612793e+00
1.979200839996337891e+00
3.395621299743652344e+00
5.050814151763916016e+00
3.597153186798095703e+00
2.034550905227661133e+00
1.198038697242736816e+00
3.000710308551788330e-01
9.547303915023803711e-01
1.175959706306457520e+00
-1.187022924423217773e+00
3.135171234607696533e-01
2.459691286087036133e+00
5.710566043853759766e-01
3.702442049980163574e-01
-6.470600366592407227e-01
-6.087650656700134277e-01
3.214831352233886719e+00
2.326053380966186523e+00
1.026003837585449219e+00
-3.160419762134552002e-01
1.005891680717468262e+00
1.972842693328857422e+00
8.163405954837799072e-02
1.436435937881469727e+00
1.284590125083923340e+00
-6.596664190292358398e-01
1.194569826126098633e+00
5.107096433639526367e-01
-3.792449533939361572e-01
2.439299412071704865e-02
2.234652638435363770e-01
6.348299980163574219e-01
9.792046546936035156e-01
9.923530220985412598e-01
-1.757656186819076538e-01
-9.656283855438232422e-01
7.399783134460449219e-01
8.937087059020996094e+00
8.994666099548339844e+00
8.690511703491210938e+00
8.089152336120605469e+00
8.412759780883789062e+00
2.536258459091186523e+00
3.429136514663696289e+00
4.022178649902343750e+00
2.465215921401977539e+00
-8.342440724372863770e-01
-7.366119623184204102e-01
2.283597707748413086e+00
1.756360888481140137e+00
3.133269786834716797e+00
4.287837028503417969e+00
2.276535749435424805e+00
3.907677650451660156e+00
2.612011671066284180e+00
4.052170753479003906e+00
3.233568191528320312e+00
9.338808059692382812e-01
1.595249056816101074e+00
5.227948665618896484e+00
4.257988929748535156e+00
1.267084240913391113e+00
8.187916278839111328e-01
5.234013080596923828e+00
3.746485948562622070e+00
2.065431833267211914e+00
3.479701280593872070e-01
2.217667579650878906e+00
2.554392814636230469e-01
5.079201698303222656e+00
3.705280065536499023e+00
3.587132990360260010e-01
2.282517433166503906e+00
1.698707103729248047e+00
1.156399965286254883e+00
7.745138406753540039e-01
2.855209827423095703e+00
4.673171997070312500e+00
3.975119829177856445e+00
4.109494209289550781e+00
4.291842460632324219e+00
5.315005779266357422e+00
4.218532562255859375e+00
3.513628959655761719e+00
2.573119640350341797e+00
5.733861446380615234e+00
4.911386489868164062e+00
4.730623245239257812e+00
6.359411716461181641e+00
5.098778247833251953e+00
3.707386970520019531e+00
3.250876426696777344e+00
1.215062499046325684e+00
1.743402242660522461e+00
1.246841669082641602e+00
7.985358238220214844e-01
5.310938835144042969e+00
1.152110695838928223e+00
1.452165722846984863e+00
1.524022817611694336e+00
3.536956906318664551e-01
-9.744889140129089355e-01
-8.207299709320068359e-01
2.531606912612915039e+00
2.113115787506103516e+00
4.022142887115478516e+00
2.950204133987426758e+00
5.201919674873352051e-01
5.407016754150390625e+00
3.875777244567871094e+00
3.091198205947875977e+00
7.415841221809387207e-01
1.243977189064025879e+00
3.020964860916137695e-01
-4.960677027702331543e-01
3.143560409545898438e+00
2.795844078063964844e+00
3.102049112319946289e+00
7.492953538894653320e-01
4.543741047382354736e-01
5.187008380889892578e-01
-7.098222374916076660e-01
3.914979398250579834e-01
-1.621891379356384277e+00
-1.167209029197692871e+00
3.270784139633178711e+00
2.872123479843139648e+00
5.241457819938659668e-01
1.530779749155044556e-01
4.459357857704162598e-01
-2.100438922643661499e-01
-6.723765134811401367e-01
5.002831935882568359e+00
9.580922871828079224e-02
3.767772763967514038e-02
-8.096885085105895996e-01
-2.917336523532867432e-01
3.887549161911010742e+00
4.285640239715576172e+00
-8.833163231611251831e-02
4.054192900657653809e-01
1.937333106994628906e+00
1.735440015792846680e+00
2.031719207763671875e+00
3.561197221279144287e-01
4.093819141387939453e+00
5.045521259307861328e+00
2.261757373809814453e+00
1.235699176788330078e+00
5.769695639610290527e-01
8.846166133880615234e-01
2.137762546539306641e+00
1.327581882476806641e+00
4.092357158660888672e+00
4.697432041168212891e+00
-3.453991711139678955e-01
1.930592179298400879e+00
1.033175945281982422e+00
2.651942729949951172e+00
-1.883389353752136230e+00
8.458400964736938477e-01
3.405781090259552002e-01
1.627519428730010986e-01
2.970242023468017578e+00
9.350225448608398438e+00
1.809032797813415527e+00
2.469202041625976562e+00
2.539868652820587158e-01
1.427633643150329590e+00
-6.429567933082580566e-01
-8.118059635162353516e-01
-8.949308991432189941e-01
-3.243124186992645264e-01
2.204118072986602783e-01
2.645405769348144531e+00
1.422066569328308105e+00
-7.177809476852416992e-01
-6.791459918022155762e-01
-1.899775028228759766e+00
-1.872000336647033691e+00
1.267174363136291504e+00
-4.803507030010223389e-01
8.459610939025878906e-01
1.965546965599060059e+00
2.675280869007110596e-01
2.304787397384643555e+00
1.137869596481323242e+00
-5.292083621025085449e-01
3.558733165264129639e-01
-1.714303135871887207e+00
1.049699187278747559e-01
-1.325272798538208008e+00
1.763211250305175781e+00
-7.096137404441833496e-01
1.316295623779296875e+00
1.088041663169860840e+00
1.356420755386352539e+00
1.345359921455383301e+00
1.250937581062316895e+00
9.679233431816101074e-01
8.493805527687072754e-01
6.997486352920532227e-01
1.042820930480957031e+01
8.666610717773437500e+00
3.200364112854003906e+00
2.557497620582580566e-01
-6.580544710159301758e-01
-1.581452131271362305e+00
-2.061691880226135254e-01
1.000465869903564453e+00
-1.007936954498291016e+00
3.847157478332519531e+00
1.106794714927673340e+00
3.294506371021270752e-01
1.390687346458435059e+00
1.878345370292663574e+00
1.661267161369323730e+00
-8.411005139350891113e-02
2.863368093967437744e-01
6.038579344749450684e-01
2.657645225524902344e+00
-1.777737215161323547e-02
2.373043000698089600e-01
3.175142288208007812e+00
-8.052512407302856445e-01
1.856869697570800781e+00
8.317604064941406250e-01
-6.753618717193603516e-01
8.317017555236816406e-01
5.717996358871459961e-01
2.724474370479583740e-01
-2.055362164974212646e-01
-1.224598288536071777e+00
1.898654699325561523e+00
1.967587590217590332e+00
-9.433621168136596680e-02
1.689339637756347656e+00
4.602781236171722412e-01
-1.222149252891540527e+00
6.725654602050781250e-01
2.527926206588745117e+00
1.042536735534667969e+00
1.639188885688781738e+00
-9.062770009040832520e-01
8.535576611757278442e-02
7.344859838485717773e-01
5.001585006713867188e+00
5.970224857330322266e+00
3.155851602554321289e+00
2.854983091354370117e+00
4.798439741134643555e-01
1.844484686851501465e+00
4.809517860412597656e-01
7.295689582824707031e-01
6.478819847106933594e+00
6.269629955291748047e+00
4.304319858551025391e+00
3.391419172286987305e+00
-8.752628564834594727e-01
-3.001397848129272461e-01
1.179056286811828613e+00
6.193152666091918945e-01
6.138771533966064453e+00
1.640649676322937012e+00
-1.488548278808593750e+00
1.758030652999877930e+00
2.014477014541625977e+00
5.368159770965576172e+00
-1.246874570846557617e+00
-5.761761665344238281e-01
-1.562736392021179199e+00
-8.346869945526123047e-01
2.706001520156860352e+00
4.844679355621337891e+00
1.108619093894958496e+00
1.331951498985290527e+00
3.555204629898071289e+00
3.053272247314453125e+00
2.124251604080200195e+00
1.651335656642913818e-01
1.766424179077148438e+00
3.099061250686645508e+00
9.842161536216735840e-01
-1.740251332521438599e-01
7.990109175443649292e-02
6.329166293144226074e-01
1.185772061347961426e+00
-1.192121744155883789e+00
1.465084552764892578e+00
1.606111042201519012e-02
7.910507321357727051e-01
-4.748671948909759521e-01
2.185869216918945312e+00
1.825128197669982910e+00
8.066667616367340088e-02
2.588009834289550781e+00
4.284321784973144531e+00
8.479810953140258789e-01
1.025809049606323242e+00
-6.664214730262756348e-01
1.227763295173645020e+00
1.026495814323425293e+00
1.125995993614196777e+00
9.467414021492004395e-01
1.945878148078918457e+00
4.744582250714302063e-02
1.494192123413085938e+00
-7.062627673149108887e-01
-1.678757071495056152e+00
1.960795521736145020e+00
1.043336033821105957e+00
1.824046730995178223e+00
7.730724662542343140e-02
-1.040272831916809082e+00
7.923817038536071777e-01
2.516936540603637695e+00
1.185450553894042969e+00
8.530244827270507812e-01
6.429780721664428711e-01
4.836657047271728516e+00
1.586019158363342285e+00
3.208693742752075195e+00
4.684192180633544922e+00
5.328523635864257812e+00
2.527026653289794922e+00
1.555644989013671875e+00
2.394946813583374023e+00
4.761899471282958984e+00
3.380828619003295898e+00
8.034775853157043457e-01
-1.194394707679748535e+00
3.723073005676269531e-01
1.357458829879760742e+00
2.387131452560424805e+00
2.394057273864746094e+00
2.967510461807250977e+00
-1.747256964445114136e-01
-1.119796752929687500e+00
2.142926454544067383e+00
3.303167223930358887e-01
2.324078798294067383e+00
-2.058957517147064209e-01
8.508470535278320312e+00
-6.187326740473508835e-03
4.146004095673561096e-02
7.317829728126525879e-01
9.380270242691040039e-01
6.512979507446289062e+00
6.258145809173583984e+00
4.893384933471679688e+00
3.880071401596069336e+00
4.009054660797119141e+00
2.042868375778198242e+00
9.351288676261901855e-01
1.042832255363464355e+00
-1.256393074989318848e+00
2.220917463302612305e+00
2.687165141105651855e-01
-1.432732224464416504e+00
3.937577486038208008e+00
2.931902885437011719e+00
1.258082240819931030e-01
1.170565366744995117e+00
3.350824415683746338e-01
2.305833339691162109e+00
5.702863335609436035e-01
-7.465104460716247559e-01
5.481729507446289062e+00
-6.308236718177795410e-01
-1.139490842819213867e+00
4.696051120758056641e+00
2.383771896362304688e+00
2.299955368041992188e+00
1.465619921684265137e+00
-3.088551163673400879e-01
-1.005431413650512695e+00
-8.652789592742919922e-01
6.544634699821472168e-01
1.058142066001892090e+00
1.754246711730957031e+00
1.174553632736206055e+00
1.270802378654479980e+00
8.144388198852539062e-01
-2.224650532007217407e-01
1.025353550910949707e+00
3.283856511116027832e-01
1.353208184242248535e+00
1.592704415321350098e+00
8.364863991737365723e-01
-6.020938158035278320e-01
1.727862656116485596e-01
3.506635129451751709e-01
1.455039232969284058e-01
8.366858959197998047e-01
1.658345103263854980e+00
1.422187447547912598e+00
1.244364500045776367e+00
2.848054468631744385e-01
1.318631172180175781e+00
-1.007399678230285645e+00
1.661173105239868164e+00
4.486588001251220703e+00
5.947873115539550781e+00
2.887512922286987305e+00
7.887748479843139648e-01
3.760464668273925781e+00
4.582726359367370605e-01
7.440509200096130371e-01
2.442649126052856445e+00
3.096759080886840820e+00
1.548180341720581055e+00
2.023093223571777344e+00
5.440160274505615234e+00
3.303707599639892578e+00
3.664844989776611328e+00
1.033024072647094727e+00
9.163565039634704590e-01
1.397410631179809570e+00
-3.138840794563293457e-01
6.086207032203674316e-01
9.468539357185363770e-01
-8.446393013000488281e-01
1.989940404891967773e+00
1.765722393989562988e+00
5.004453182220458984e+00
3.585172891616821289e-01
1.727682501077651978e-01
8.704640865325927734e-01
6.089405417442321777e-01
2.823761224746704102e+00
3.472164154052734375e+00
1.974965453147888184e+00
-1.095697432756423950e-01
9.708527922630310059e-01
-8.274527788162231445e-01
8.770242333412170410e-01
8.849107027053833008e-01
3.966568410396575928e-01
1.180799677968025208e-01
5.841808795928955078e+00
2.972535848617553711e+00
3.640556335449218750e+00
4.661969542503356934e-01
5.954999327659606934e-01
1.627051115036010742e+00
1.587064027786254883e+00
1.522805452346801758e+00
3.104763984680175781e+00
4.245008900761604309e-02
5.729164481163024902e-01
2.934911489486694336e+00
9.323419928550720215e-01
-1.697073727846145630e-01
3.688803613185882568e-01
3.378900051116943359e+00
1.369338274002075195e+00
1.883114814758300781e+00
1.304140806198120117e+00
3.436044752597808838e-01
2.970591783523559570e-01
-7.776964306831359863e-01
3.202803134918212891e+00
2.272332191467285156e+00
1.779969573020935059e+00
2.322263956069946289e+00
1.158671617507934570e+00
-7.147821784019470215e-02
1.271089792251586914e+00
2.180143833160400391e+00
2.257906913757324219e+00
1.368921756744384766e+00
1.029313325881958008e+00
1.043561458587646484e+00
-2.976450324058532715e-01
1.199342370033264160e+00
-1.056653380393981934e+00
1.551725625991821289e+00
6.062911033630371094e+00
4.399591922760009766e+00
7.393057346343994141e+00
-1.466563791036605835e-01
4.522308111190795898e-01
8.312805891036987305e-01
4.884655773639678955e-02
-5.213677883148193359e-01
1.158391714096069336e+00
-4.299694597721099854e-01
5.035156726837158203e+00
4.257462501525878906e+00
2.334974050521850586e+00
1.188061118125915527e+00
2.600191354751586914e+00
6.308746337890625000e-01
5.679033398628234863e-01
2.307687997817993164e+00
2.806975603103637695e+00
1.760689496994018555e+00
1.182718396186828613e+00
-3.295502960681915283e-01
5.327492952346801758e-01
-6.473232507705688477e-01
2.349726676940917969e+00
1.109291315078735352e+00
6.860884428024291992e-01
9.005303978919982910e-01
3.382062435150146484e+00
4.010639190673828125e+00
1.070920109748840332e+00
2.448457032442092896e-01
2.791092395782470703e+00
2.817672729492187500e+00
4.044006824493408203e+00
4.560665786266326904e-01
3.494622707366943359e-01
1.299542665481567383e+00
-8.716610074043273926e-01
2.540975332260131836e+00
3.485143899917602539e+00
4.476852893829345703e+00
3.970271825790405273e+00
2.863371849060058594e+00
3.956536769866943359e+00
1.633315920829772949e+00
7.329291105270385742e-01
7.219250798225402832e-01
-3.938190937042236328e-01
-2.142123222351074219e+00
1.262742638587951660e+00
2.112967014312744141e+00
4.575711250305175781e+00
1.361791253089904785e+00
3.904286146163940430e+00
2.827284812927246094e+00
3.919668674468994141e+00
2.873529434204101562e+00
3.121096849441528320e+00
6.599860191345214844e-01
-4.756957292556762695e-01
-7.739868164062500000e-01
4.199498593807220459e-01
-4.990575313568115234e-01
